1 5.26945779125084
2 4.308516069818293
3 3.6886226897195415
4 3.3293682780397194
5 2.9728162981486075
6 2.7497145163179586
7 2.4946481127036337
8 2.2452285622686676
9 2.1411710993855584
10 2.0303200866404545
11 1.8763064827912326
12 1.7062122808246718
13 1.5279605745137361
14 1.6464757434328885
15 1.5295590600458575
16 1.3842349952427946
17 1.2395674280593187
18 1.227075077562497
19 0.985225814986565
20 1.2941015373355413
21 1.0518962041853168
22 1.1980988846831422
23 1.0155003335021024
24 0.9617846208420884
25 0.8819384626652004
26 1.0315605960929266
27 0.984663485039202
28 0.9548152010627923
29 0.6866970072553097
30 0.6498118919219221
31 0.7449363004355112
32 0.7734093822363531
33 0.645108421791763
34 0.6516068278493726
35 0.5889608501792195
36 0.5413970352841144
37 0.5232230627470655
38 0.6573204907830115
39 0.4920701546058891
40 0.4758999960747067
41 0.5506183534371578
42 0.4007812363430888
43 0.30814826588696553
44 0.27511672253114966
45 0.2862750644926579
46 0.2071585853042891
47 0.1621366781379255
48 0.19204878271632414
49 0.24168749634205072
50 0.16789472877604725
51 0.04863295820243286
52 0.11589699557371079
53 0.02216902338114767
54 -0.06944521908501315
55 -0.024681226536358736
56 0.025391185901598647
57 0.057827155845124364
58 -0.14581462619067737
59 -0.08161996788227042
60 0.16296974448999071
61 -0.18539711820938634
62 0.022829898521679184
63 -0.05684443509387074
64 -0.06858084021439516
65 -0.14125573759619567
66 -0.21172406042076278
67 -0.06591824180452852
68 -0.19438353253935792
69 -0.1779284035942212
70 -0.2863888250076276
71 -0.19399593389636016
72 -0.2683940589584806
73 -0.1536639980354837
74 -0.3371267999263815
75 -0.050979779733035455
76 -0.0437767418679673
77 -0.3367028028627796
78 -0.3367743521345753
79 -0.34635323936270096
80 -0.16399134616564323
81 -0.3427881984021238
82 -0.28891337295169356
83 -0.2366272073873531
84 -0.2767610771068945
85 -0.3266865829176029
86 -0.2902697604734411
87 -0.2999392672299845
88 -0.42714600822362064
89 -0.3176559634139158
90 -0.2876691194583666
91 -0.47307512719184724
92 -0.4442729697276596
93 -0.4232870653052175
94 -0.479701203983912
95 -0.3557932337254551
96 -0.40902817263359403
97 -0.4070641049463078
98 -0.4470356385976671
99 -0.47721482865391285
100 -0.45657650916725356
101 -0.6517016926119181
102 -0.48308958118023726
103 -0.5917414390913545
104 -0.375999635009886
105 -0.5938846998233651
106 -0.5292733898366458
107 -0.5183952045890945
108 -0.4836618579126554
109 -0.4510354175334775
110 -0.5304457819555993
111 -0.5739537309249663
112 -0.4233315609887712
113 -0.4217796031116397
114 -0.5031470514875103
115 -0.5007958220081467
116 -0.39272996534271126
117 -0.538403849561455
118 -0.4886377533206519
119 -0.5735105635235356
120 -0.4086053777630699
121 -0.6334531150166134
122 -0.5149069176313268
123 -0.5290765040178349
124 -0.41979712031254474
125 -0.4435956761096063
126 -0.4487709011943769
127 -0.5537678028571125
128 -0.5372932948164102
129 -0.6106055249710317
130 -0.6795998498842342
131 -0.42340806413628673
132 -0.42440024069963667
133 -0.41894248511305754
134 -0.6378891547867918
135 -0.651076716551909
136 -0.5945465572849244
137 -0.40829984722675294
138 -0.4495945514199869
139 -0.5596474016743901
140 -0.6951257417553807
141 -0.5473147840199435
142 -0.5157050835225401
143 -0.627105560441644
144 -0.6280817337183787
145 -0.5642925865564353
146 -0.6079922827034492
147 -0.5874510629872948
148 -0.6126198433406445
149 -0.5890719341868536
150 -0.5687373886583521
151 -0.6584341292881999
152 -0.5369482869170231
153 -0.6007435114701976
154 -0.64879905604093
155 -0.7207427355766208
156 -0.5529355426650763
157 -0.6139735239199987
158 -0.7473055498893707
159 -0.519896046268428
160 -0.6774353001161305
161 -0.5859774237793293
162 -0.6305761057011566
163 -0.6557670749507685
164 -0.6141036474009691
165 -0.5485394023470733
166 -0.5079109945890669
167 -0.6672606621297652
168 -0.7672685590851922
169 -0.7737886635175737
170 -0.7751071281254703
171 -0.600979649861614
172 -0.5804504937737651
173 -0.5884159820999494
174 -0.6101893643742042
175 -0.5435710718866562
176 -0.8864191666546453
177 -0.7256230392222931
178 -0.6666511854457008
179 -0.6832101685446668
180 -0.7517594153806942
181 -0.6474827059390884
182 -0.6394179946153612
183 -0.7143510665609492
184 -0.7884096948480658
185 -0.6995625288283873
186 -0.5932130378084273
187 -0.7479698821089603
188 -0.7557384144315713
189 -0.7395604104082802
190 -0.7076296002254775
191 -0.5498162214502924
192 -0.5637038159225619
193 -0.6051308845508256
194 -0.6380104318268235
195 -0.5525343920988536
196 -0.6874991744119079
197 -0.8179927624513197
198 -0.5066247212442788
199 -0.7422248250445184
200 -0.7455989668796635
201 -0.5819223116360905
202 -0.7369993092308719
203 -0.7016478914630261
204 -0.6999079513406943
205 -0.8119847141199186
206 -0.7568838146547597
207 -0.6664918102984464
208 -0.7179551451142179
209 -0.674795580177288
210 -0.5575894079100293
211 -0.5660746330375681
212 -0.6332573396292391
213 -0.8088910663964525
214 -0.7194793261811387
215 -0.7521328028483931
216 -0.714886649274698
217 -0.7601958368549667
218 -0.772052525100677
219 -0.7168952869454488
220 -0.7161740753720919
221 -0.6430969313636001
222 -0.7451172464376671
223 -0.7148016868253634
224 -0.6925381699123523
225 -0.730021771664898
226 -0.8041638842879053
227 -0.6464905561548856
228 -0.652762829827719
229 -0.7783493020132979
230 -0.5924949180531165
231 -0.7864824119480547
232 -0.770890520192683
233 -0.7349602833888351
234 -0.7496469904928664
235 -0.5956014511273815
236 -0.9000759764460837
237 -0.8618857900247264
238 -0.7063839323657066
239 -0.811836893753218
240 -0.7617631200256201
241 -0.7911069964762969
242 -0.6745553436837562
243 -0.7739634192244865
244 -0.7701386503622002
245 -0.7304135607691
246 -0.6945646323241631
247 -0.6828888766435754
248 -0.7798583472532478
249 -0.8755282672111663
250 -0.7382638444312902
251 -0.7579934186035717
252 -0.6783709189446493
253 -0.6414443835445683
254 -0.7606177230307009
255 -0.7228299407969696
256 -0.7131485657788935
257 -0.750272050287301
258 -0.6310853239455668
259 -0.7688078357244733
260 -0.7334884605385608
261 -0.8064563945043213
262 -0.7708970463148701
263 -0.8959912360394277
264 -0.7446822572977577
265 -0.7832579906358998
266 -0.7847510124206521
267 -0.7754221602776274
268 -0.7820474631632818
269 -0.8206357474525374
270 -0.8700618977773015
271 -0.8185176029557424
272 -0.8223389294128115
273 -0.786974015380365
274 -0.7378024161685097
275 -0.7695397566584304
276 -0.7824917355378845
277 -0.7084677537973899
278 -0.915997945159572
279 -0.9201563785163424
280 -0.7154673316920293
281 -0.7953554267690236
282 -0.9493436600341397
283 -0.8915149169702765
284 -0.829610708701123
285 -0.6759595602287197
286 -0.6434125597578728
287 -0.7222693108570771
288 -0.7475107595527707
289 -0.7896946639207963
290 -0.9175372655523722
291 -0.793368863913556
292 -0.7122225684355163
293 -0.7548578548012969
294 -0.7265325813040829
295 -0.8887648498298938
296 -0.7925598834490293
297 -0.74221462064916
298 -0.6646259811012898
299 -0.8695651361024488
300 -0.7565806260152056
301 -0.8587209788943801
302 -0.8871841854656027
303 -0.765876013995718
304 -0.7170025375505032
305 -0.8778532156245247
306 -0.8200782658871149
307 -0.606783371701758
308 -0.8162051834035644
309 -0.7999174047756722
310 -0.7937163567020821
311 -0.7010939576669487
312 -0.7944852779746214
313 -0.8226490863024148
314 -0.8183128934672437
315 -0.6818154864875824
316 -0.9255304633125631
317 -0.748122088905946
318 -0.7371537755673048
319 -0.8222024046193055
320 -0.7852159631172138
321 -0.9083297644866697
322 -0.8043282979717903
323 -0.8270595618682017
324 -0.9732609980391719
325 -0.7329614368832889
326 -0.7307635929905799
327 -0.7952211619807237
328 -0.8274327476330107
329 -0.8621873020113252
330 -0.8862909651484067
331 -0.7931931207031253
332 -0.8116481231611303
333 -0.7475482131672498
334 -0.7379774958987089
335 -0.8010093203944813
336 -0.7616558221643366
337 -0.7628808457106734
338 -0.6392166134819306
339 -0.8988906802039522
340 -0.7966179080073245
341 -0.740362620071497
342 -0.7393385113337426
343 -0.7720308186678921
344 -0.8851725148618346
345 -0.7597732297861765
346 -0.8038750573482041
347 -0.8525085995525862
348 -0.7836648718717203
349 -0.8228228037724892
350 -0.6219361073421504
351 -0.8066415713397159
352 -0.8918087285060353
353 -0.740765686669803
354 -0.8729126220444022
355 -0.955904113329502
356 -0.7893529561804965
357 -0.802032052229615
358 -0.8710226436489504
359 -0.8649280518351595
360 -0.7848964805050659
361 -0.6999813398905927
362 -0.8723695578303096
363 -0.7630945292093497
364 -0.9440142244412666
365 -0.7329045097905729
366 -0.6966903841444589
367 -0.8706008925589794
368 -0.8553176296273652
369 -0.8749570083324678
370 -0.7942307449125456
371 -0.6573196484326652
372 -0.9279390266311162
373 -0.9741602504926266
374 -0.7766556452172353
375 -0.7047866530478852
376 -0.8869639110044393
377 -0.8293744201072554
378 -0.8156099501403378
379 -0.7872835925602939
380 -0.8319626401176455
381 -0.8774872384290593
382 -0.9861272061149172
383 -0.8082953302843119
384 -0.8268137834204524
385 -0.8099334783547849
386 -0.7878032980429454
387 -0.8407418236259262
388 -0.7331860065741749
389 -0.7365007423556514
390 -0.9720598490159054
391 -0.9037805827720868
392 -0.8785443585974955
393 -0.8562868743043213
394 -0.8958981004350943
395 -0.8211303427059586
396 -0.9343043842741295
397 -0.8088862461647891
398 -1.0176708707199338
399 -0.71015789813216
400 -0.758816093755875
401 -0.7541149909634316
402 -0.8796292594878014
403 -0.9295723508764548
404 -0.7493786257176137
405 -0.8874379706191339
406 -0.7187999554180997
407 -0.6903538041578773
408 -0.8993319221306738
409 -0.7726683718879961
410 -0.7882303678142946
411 -0.909566883827953
412 -0.9716073439970134
413 -0.8288630971816313
414 -0.7018750669210061
415 -0.7566726112009197
416 -0.7784031800068767
417 -0.8836276523281076
418 -0.8728777242972785
419 -0.7243533866498912
420 -0.9662167680748175
421 -0.8056797775289758
422 -0.9635919988926012
423 -0.8317438942343577
424 -0.9474420464361539
425 -0.9099580055525506
426 -0.8170683356101948
427 -0.8251195100029981
428 -0.8504042543174092
429 -0.9967296295352576
430 -0.8042108717582054
431 -0.613031313490512
432 -0.7898924969522227
433 -0.7553284028916047
434 -0.7446547061169062
435 -0.8042015088968867
436 -0.854535575118009
437 -0.7714583427827167
438 -0.847036256583385
439 -0.8713613064139192
440 -0.8734013674051673
441 -0.8472678789483391
442 -0.7747723031749881
443 -0.8273754306007872
444 -0.9533631129782391
445 -0.8749074299445153
446 -0.9364414221928289
447 -0.8528979201546248
448 -0.8693986496862606
449 -0.8737734941318825
450 -0.7570901870542414
451 -0.873468806363961
452 -0.7390938032981087
453 -0.7851735784507442
454 -0.949615521949127
455 -0.8925614050012012
456 -0.9081019501561381
457 -0.8087794785009662
458 -0.8794467259883082
459 -0.7072689780489558
460 -0.7814533327503812
461 -0.9442330805410163
462 -0.8263703557450716
463 -0.9158062203463311
464 -0.7059183414891338
465 -0.822943665109558
466 -0.9111070101995036
467 -1.0333249300061638
468 -0.9120954691811782
469 -0.9528649413026701
470 -0.8442248864219107
471 -0.8513068638692779
472 -1.02289617204908
473 -0.8795602465394877
474 -0.810844111555815
475 -0.905054174305968
476 -0.8226473126425456
477 -0.7087487215992184
478 -0.7738477639319022
479 -0.7156492193116145
480 -0.8216834602636762
481 -0.8412576828458774
482 -0.9130292579129786
483 -0.8534889680025196
484 -0.9117009996299937
485 -0.8480859243517069
486 -0.8500240107926392
487 -0.5896373805859727
488 -0.8737266201101245
489 -0.8375258532971284
490 -0.7767281514706451
491 -0.8212514560296537
492 -0.9302078166379467
493 -0.8187185420938461
494 -0.8721824363588514
495 -0.8647626061596243
496 -0.9367196333114255
497 -0.9462213646615242
498 -0.8617906045592498
499 -0.8380175316017655
500 -0.8350788214511928
501 -0.838474739322653
502 -0.8608501287614565
503 -0.7556908589749458
504 -0.9662014413142097
505 -0.7677873163928999
506 -0.8006982672716542
507 -0.8424039735873439
508 -0.7880001962154359
509 -0.8281973571807874
510 -0.9278759607664531
511 -0.7591441703992909
512 -0.9742255158872399
513 -0.9511737293256619
514 -0.9254298612855782
515 -0.6260081827039818
516 -0.8295874824147598
517 -0.8360472398001207
518 -0.8848031703919489
519 -0.9204375201849857
520 -0.8682807307030819
521 -0.8276929504302531
522 -0.8682866002491239
523 -0.8925618502465611
524 -0.9403546741479026
525 -0.9021832033704026
526 -0.8745501022184865
527 -0.9412364064943236
528 -0.6206374599544151
529 -0.7290017754084657
530 -0.74494948333598
531 -0.8670884670278947
532 -0.9176603511235653
533 -0.8615095996081499
534 -0.9684648623922683
535 -0.8832754900552825
536 -1.0107558017833247
537 -0.9526593121674707
538 -0.8636149640170205
539 -0.8737635878712504
540 -0.7946429555163752
541 -0.9925764742092568
542 -0.9713747899615748
543 -0.9583728394652605
544 -0.8818808341408438
545 -0.7832467256337157
546 -0.9874976856244954
547 -0.8522722382530239
548 -0.7926870246182876
549 -0.7139394924492014
550 -0.9363036351918368
551 -0.8482532633774175
552 -0.8184022947062604
553 -0.821077065063485
554 -0.9314754018042238
555 -0.7992475941228019
556 -0.921007921901549
557 -0.9007716383170482
558 -0.8239183634768216
559 -0.8784306132485499
560 -0.7982233988000543
561 -0.8576814044516979
562 -0.8515159686702177
563 -0.8106531668332965
564 -0.8987466826203084
565 -0.9034982235827158
566 -0.912498707749129
567 -0.840158258487513
568 -0.8164022130617913
569 -0.9084613482859752
570 -0.9200175710316912
571 -0.774546005847202
572 -0.8303459923231581
573 -0.8016621082220553
574 -0.9516572977226292
575 -1.0281421514245526
576 -0.6756621535366069
577 -0.9645094309067316
578 -0.8396852711375012
579 -0.8526631907875479
580 -0.894038201038275
581 -0.8516605170020087
582 -0.9641665633355774
583 -0.9975686846634285
584 -1.002836466986835
585 -0.6450703843025976
586 -0.9341144482900479
587 -0.8453139772961663
588 -0.9018427511319078
589 -0.9002229463116447
590 -0.8698988750462688
591 -0.8526475549800595
592 -0.8730628509862807
593 -0.7667501810774369
594 -0.7638415752243477
595 -0.9703671029393028
596 -0.96647492366148
597 -0.8557438839388688
598 -0.9622253783361846
599 -0.8121405706057763
600 -0.8625543479462978
601 -0.8121885376745078
602 -0.8905629520002655
603 -0.7486551238340731
604 -0.8848842212552084
605 -0.809670338689137
606 -0.9606139842169723
607 -0.8034065699909538
608 -0.8813738184540495
609 -0.9345620402631019
610 -0.8475393706149348
611 -0.7771022768163125
612 -0.8597675745109709
613 -0.8953881559349683
614 -0.9715482625836462
615 -0.8462562413853065
616 -0.8940357288647424
617 -0.7718423864953868
618 -0.8042742293443863
619 -0.9720155170472995
620 -0.8590632230015777
621 -0.7612564920851578
622 -0.995256982707359
623 -0.8172139995635037
624 -0.9396705362049843
625 -0.9264389009239521
626 -0.8494038571682423
627 -1.0059403879622777
628 -0.8721462972814537
629 -0.9307940724106122
630 -0.8921200075503901
631 -0.8576955255299219
632 -0.9235082149457853
633 -0.9030289752577821
634 -0.8297734694232122
635 -0.7620931432196161
636 -0.9118161978648702
637 -0.9136507954785461
638 -0.7977046386033861
639 -0.8287489036775985
640 -0.9216327744162871
641 -0.7496023852399607
642 -0.8964304129841016
643 -0.7096382012939956
644 -0.8654981396207417
645 -0.7449983415744263
646 -0.9827711561703489
647 -0.8243747602329676
648 -0.9609147031657653
649 -0.8910902185567834
650 -0.9948844029118018
651 -0.8290304367937898
652 -0.8618739835119912
653 -0.9773452978601086
654 -0.7686628942762123
655 -0.8061273379129719
656 -0.8644043226253764
657 -0.9376472518299069
658 -0.8286240282304737
659 -0.8760044959713928
660 -0.906361664449203
661 -0.9227540251855308
662 -1.0353735266029074
663 -0.8551735501626007
664 -0.9314595599118768
665 -0.8267343349169877
666 -0.9617237080144688
667 -0.8897800281370343
668 -0.8982715340072726
669 -0.8055833637445067
670 -0.8399171351491386
671 -0.9192542251685261
672 -0.815199869185499
673 -0.9421416563346013
674 -0.8201741873816243
675 -0.7789584347400326
676 -0.8737475054776103
677 -0.9068887425928345
678 -0.8515347808568279
679 -0.9840326307324604
680 -1.0548230598274997
681 -0.9837696171812566
682 -0.9033824471896943
683 -0.9238515441505608
684 -0.9694759980526676
685 -0.9258800112744942
686 -0.7657107266177446
687 -0.8270582944216105
688 -0.7562349408830887
689 -0.790548540598738
690 -0.8843607715334795
691 -0.9959886378284898
692 -0.9987150560044036
693 -0.8212368323863571
694 -0.9177049666538173
695 -1.008998709213062
696 -0.8642846808200106
697 -0.8723443142251219
698 -0.7841366221665406
699 -0.8101171195288789
700 -0.8903440289234443
701 -0.7943348163654091
702 -0.8993502007420412
703 -0.8333443797312805
704 -1.018244948855932
705 -0.9550660457482821
706 -0.8053518718332716
707 -0.8082914944659746
708 -0.7749527311115633
709 -0.9480279734114899
710 -0.7899360634839488
711 -0.7525483593410347
712 -0.9078761279433795
713 -0.7842666171603377
714 -0.9687801125852892
715 -0.8946546366521968
716 -1.011560719988578
717 -0.865153812451502
718 -0.9108770962641964
719 -0.8595207542847185
720 -0.9490490211477688
721 -1.039691116146073
722 -0.775821221116447
723 -0.9310314776493533
724 -0.8594237658443349
725 -0.9289769810897499
726 -0.8908043921420706
727 -0.7892242275379895
728 -0.7455878466989512
729 -0.8795481384909466
730 -0.9555355384375722
731 -0.8803297570122145
732 -0.8452201361997629
733 -0.7732047848078946
734 -0.9889221767702361
735 -0.8044463086218941
736 -0.8349921082332843
737 -0.9137686943548299
738 -0.7920462727552576
739 -1.0318277357734178
740 -0.9343147274081938
741 -1.1159342600334188
742 -0.7550028042270212
743 -0.8933621056402526
744 -0.8117682654560067
745 -0.8567531532824688
746 -1.0264255387418617
747 -0.9002815892865966
748 -0.8216047232170312
749 -0.8189093530853934
750 -0.9156992294612221
751 -0.7980710151457224
752 -0.7828320598006341
753 -0.7829669662752247
754 -0.8097276296143284
755 -0.8741353893880386
756 -0.8040373270475645
757 -0.963477552723338
758 -0.9923384424062289
759 -0.9934854872369999
760 -0.9674761194883303
761 -1.0056784176009952
762 -0.8932617951449346
763 -0.8730387818651385
764 -0.9065943329995294
765 -0.8433189942233059
766 -0.8040063099670285
767 -0.8492124458854872
768 -0.9406430306006986
769 -0.9417127489290456
770 -0.8866011602154142
771 -1.007217322986024
772 -0.8494862091104238
773 -0.8734549443183027
774 -0.9600964159898581
775 -0.8810930799362795
776 -0.9500822288557867
777 -0.8445942604857977
778 -1.0432687011429818
779 -0.9128612262819338
780 -0.6928991343584465
781 -0.8010535876964984
782 -0.9479189786335278
783 -0.907115012517118
784 -0.8285528076703792
785 -0.9650260717041143
786 -0.8373139742046934
787 -0.8881024891029355
788 -0.9533827340096543
789 -0.9546320648046265
790 -0.8582314820278286
791 -0.9530390656298909
792 -0.8075031642942345
793 -0.8987523986874373
794 -0.8023687867358112
795 -0.8632362315580604
796 -0.853601802866104
797 -0.825182521441721
798 -0.8430462494048465
799 -0.917789076266625
800 -0.9105327633800588
801 -0.840684296910701
802 -0.8452127592840972
803 -1.022948546799125
804 -0.9237432028767937
805 -0.8578086942937916
806 -0.9927232967712937
807 -0.945594397816139
808 -1.0794091629853173
809 -0.9239737063863163
810 -0.8877149200188061
811 -1.0098696041966888
812 -0.8776472386161999
813 -0.9420038785488248
814 -1.0716855839240365
815 -1.055485931072683
816 -0.7732790651067014
817 -1.0142773633851723
818 -0.8436364095883521
819 -0.9225852011049269
820 -0.7322607673440379
821 -0.9310256145049018
822 -0.8274584467619528
823 -0.8282149663771642
824 -0.9721232934083291
825 -0.8811772805856493
826 -1.0279482009326444
827 -0.8387351116158275
828 -0.7916041959114578
829 -1.0062170460028135
830 -0.9979757829837997
831 -0.991357420008065
832 -0.8451702743794776
833 -0.8069970484708948
834 -0.9157848057214101
835 -0.9148866086720832
836 -0.9578914586580786
837 -1.0679291301741003
838 -0.9126451099222798
839 -1.001199297843812
840 -0.9374329992683522
841 -0.9196696099864746
842 -1.0101586025652745
843 -0.9374930897537317
844 -0.8151472463613636
845 -0.973794483224588
846 -0.7627416825003036
847 -0.8681869321876898
848 -0.9166244572133394
849 -0.8526229211555394
850 -0.9460333554078061
851 -1.017124809984642
852 -0.9009949805343865
853 -0.8043954810720716
854 -0.9435994883925699
855 -0.637478028881105
856 -0.7986189059509607
857 -0.8090577633439435
858 -1.0289800419820947
859 -0.8824796884913608
860 -0.9483792529416982
861 -0.7538279225321515
862 -0.8763462265275451
863 -0.820066959693914
864 -0.8189112902501022
865 -1.0858024953281478
866 -0.9876609489592945
867 -0.7542299036064887
868 -0.7783031148116129
869 -1.0579521730161725
870 -0.872321461222851
871 -1.0108410851778753
872 -0.9143493196976822
873 -0.9666469556830941
874 -0.8607337042011216
875 -0.9526665721669253
876 -0.957263309925094
877 -0.9255780807536776
878 -0.9346599334728583
879 -0.8085918403735786
880 -0.88595434526306
881 -0.7641314242157399
882 -0.7917311248400022
883 -1.0493477367371153
884 -0.9120498230474313
885 -0.9061202360929477
886 -0.8830070327044893
887 -0.9435742826388928
888 -0.8841031422271272
889 -0.8933670494089501
890 -0.8861348184503488
891 -0.9632004557527744
892 -0.9149781384194562
893 -0.917300386703543
894 -0.9245101121568944
895 -0.857788661764174
896 -0.9259738482121677
897 -0.9834228049436115
898 -0.9274286399491238
899 -0.9054291012469846
900 -0.9711043880078809
901 -0.9928054346798415
902 -1.1271087689403154
903 -0.8808822490035465
904 -0.8591917404222569
905 -0.9600352840666391
906 -0.8134574453503894
907 -0.8068954583396066
908 -0.9666813878530103
909 -0.8562121450895833
910 -0.8083547956323652
911 -0.943856576226945
912 -0.8632595057121546
913 -0.8965179797989521
914 -0.8733721081679182
915 -0.8182577440590113
916 -0.9097146469354646
917 -0.9389321023394602
918 -1.0046645952885656
919 -1.071714846738365
920 -0.8996229085637752
921 -0.7886291248350379
922 -0.8902476976017254
923 -0.9351286151790233
924 -1.0717476903811018
925 -0.8963542119758895
926 -0.83567456307576
927 -0.9009848697054359
928 -0.9511450598528435
929 -0.8916179399816955
930 -0.9724026183465734
931 -0.9319271695362309
932 -0.8757785007959799
933 -0.8304782835369388
934 -0.9659506887211612
935 -0.8864288669740487
936 -1.0159698439684484
937 -1.0030315921545838
938 -0.9352208108278371
939 -0.8567527816690724
940 -0.9154340162148754
941 -1.0275087997584595
942 -0.8495215560016811
943 -1.1262392903038458
944 -0.9743756317542372
945 -0.9491560533216852
946 -0.8572722654351735
947 -0.964805906004688
948 -1.0022878769720294
949 -0.9424954648899763
950 -0.7450564025706842
951 -0.7949617236961801
952 -0.8669135026000359
953 -1.0639584896478047
954 -0.7485007824333217
955 -0.8521959041205608
956 -0.9525230567348044
957 -0.8968652875323939
958 -0.8392313241126943
959 -0.9344785211435408
960 -0.8369907320394598
961 -0.7857599310771503
962 -1.0179081708434807
963 -0.8480285247614788
964 -0.8469806595571423
965 -1.0582683164007265
966 -0.9815996447697509
967 -0.8793775110428719
968 -0.8024032353304436
969 -0.9326097811321904
970 -0.9478554236277802
971 -0.9038487262522461
972 -0.9511391298264059
973 -0.8942554620189139
974 -0.9530146651429545
975 -0.803139336460446
976 -0.767955234886838
977 -0.9499967263812643
978 -0.9571496512886054
979 -1.0505987792846476
980 -0.754618823535031
981 -0.744592636643584
982 -0.9859970833044053
983 -0.994337963112724
984 -0.8785005096609885
985 -0.936404918735175
986 -0.935500803134394
987 -0.7973375807893374
988 -0.8203411508717304
989 -1.0094854942659672
990 -0.8538298064151343
991 -0.9801262445881073
992 -0.9300237712803355
993 -0.8979070654310155
994 -0.8428734943289296
995 -0.8764940109023496
996 -0.8613702345509905
997 -0.9355119219926205
998 -0.9426921924421449
999 -0.8475693290495016
1000 -0.8464557862787107
