1 -1.872604733549431
2 -1.872604733549431
3 -1.872604733549431
4 -1.872604733549431
5 -1.8975117673291653
6 -1.9103115414728515
7 -1.9103115414728515
8 -1.9103115414728515
9 -1.9103115414728515
10 -1.9103115414728515
11 -1.9103115414728515
12 -1.9103115414728515
13 -1.9103115414728515
14 -1.9103115414728515
15 -1.9103115414728515
16 -1.9103115414728515
17 -1.9103115414728515
18 -1.9103115414728515
19 -1.9103115414728515
20 -1.9103115414728515
21 -1.9103115414728515
22 -1.9103115414728515
23 -1.9103115414728515
24 -1.9103115414728515
25 -1.9109663086405835
26 -1.9109663086405835
27 -1.9109663086405835
28 -1.9109663086405835
29 -1.9109663086405835
30 -1.9109663086405835
31 -1.9109663086405835
32 -1.9109663086405835
33 -1.9109663086405835
34 -1.9109663086405835
35 -1.9109663086405835
36 -1.9109663086405835
37 -1.9109663086405835
38 -1.9109663086405835
39 -1.9109663086405835
40 -1.9109663086405835
41 -1.9109663086405835
42 -1.9109663086405835
43 -1.9109663086405835
44 -1.9109663086405835
45 -1.9109663086405835
46 -1.9109663086405835
47 -1.9109663086405835
48 -1.9109663086405835
49 -1.9109663086405835
50 -1.9109663086405835
51 -1.9109663086405835
52 -1.9109663086405835
53 -1.9109663086405835
54 -1.9109663086405835
55 -1.9109663086405835
56 -1.9109663086405835
57 -1.9109663086405835
58 -1.9109663086405835
59 -1.9119782894769575
60 -1.9119782894769575
61 -1.9119782894769575
62 -1.9119782894769575
63 -1.9119782894769575
64 -1.9119782894769575
65 -1.9119782894769575
66 -1.9119782894769575
67 -1.9119782894769575
68 -1.9119782894769575
69 -1.9119782894769575
70 -1.9119782894769575
71 -1.9119782894769575
72 -1.9119782894769575
73 -1.9119782894769575
74 -1.9119782894769575
75 -1.9119782894769575
76 -1.9119782894769575
77 -1.9119782894769575
78 -1.9119782894769575
79 -1.9119782894769575
80 -1.9119782894769575
81 -1.9119782894769575
82 -1.9119782894769575
83 -1.9119782894769575
84 -1.9119782894769575
85 -1.9119782894769575
86 -1.9119782894769575
87 -1.9119782894769575
88 -1.9119782894769575
89 -1.9119782894769575
90 -1.9119782894769575
91 -1.9119782894769575
92 -1.9119782894769575
93 -1.9119782894769575
94 -1.9119782894769575
95 -1.9119782894769575
96 -1.9119782894769575
97 -1.9119782894769575
98 -1.9119782894769575
99 -1.9119782894769575
100 -1.9119782894769575
101 -1.9119782894769575
102 -1.9119782894769575
103 -1.9119782894769575
104 -1.9119782894769575
105 -1.9119782894769575
106 -1.9119782894769575
107 -1.9119782894769575
108 -1.9119782894769575
109 -1.9119782894769575
110 -1.9119782894769575
111 -1.9119782894769575
112 -1.9119782894769575
113 -1.9119782894769575
114 -1.9119782894769575
115 -1.9119782894769575
116 -1.9119782894769575
117 -1.9119782894769575
118 -1.9119782894769575
119 -1.9119782894769575
120 -1.9119782894769575
121 -1.9119782894769575
122 -1.9119782894769575
123 -1.9119782894769575
124 -1.9119782894769575
125 -1.9119782894769575
126 -1.9119782894769575
127 -1.9119782894769575
128 -1.9119782894769575
129 -1.9119782894769575
130 -1.9119782894769575
131 -1.9119782894769575
132 -1.9119782894769575
133 -1.9119782894769575
134 -1.9119782894769575
135 -1.9119782894769575
136 -1.9119782894769575
137 -1.9119782894769575
138 -1.9119782894769575
139 -1.9119782894769575
140 -1.9119782894769575
141 -1.9119782894769575
142 -1.9119782894769575
143 -1.9119782894769575
144 -1.9119782894769575
145 -1.9119782894769575
146 -1.9119782894769575
147 -1.9119782894769575
148 -1.9119782894769575
149 -1.9119782894769575
150 -1.9119782894769575
151 -1.9119782894769575
152 -1.9119782894769575
153 -1.9119782894769575
154 -1.9119782894769575
155 -1.9119782894769575
156 -1.9119782894769575
157 -1.9119782894769575
158 -1.9119782894769575
159 -1.9119782894769575
160 -1.9119782894769575
161 -1.9119782894769575
162 -1.9119782894769575
163 -1.9119782894769575
164 -1.9119782894769575
165 -1.9119782894769575
166 -1.9119782894769575
167 -1.9119782894769575
168 -1.9119782894769575
169 -1.9119782894769575
170 -1.9119782894769575
171 -1.9119782894769575
172 -1.9119782894769575
173 -1.9119782894769575
174 -1.9119782894769575
175 -1.9119782894769575
176 -1.9119782894769575
177 -1.9119782894769575
178 -1.9119782894769575
179 -1.9119782894769575
180 -1.9119782894769575
181 -1.9119782894769575
182 -1.9119782894769575
183 -1.9119782894769575
184 -1.9119782894769575
185 -1.9119782894769575
186 -1.9119782894769575
187 -1.9119782894769575
188 -1.9119782894769575
189 -1.9119782894769575
190 -1.9119782894769575
191 -1.9119782894769575
192 -1.9119782894769575
193 -1.9119782894769575
194 -1.9119782894769575
195 -1.9119782894769575
196 -1.9119782894769575
197 -1.9119782894769575
198 -1.9119782894769575
199 -1.9119782894769575
200 -1.9119782894769575
201 -1.9119782894769575
202 -1.9119782894769575
203 -1.9119782894769575
204 -1.9119782894769575
205 -1.9119782894769575
206 -1.9119782894769575
207 -1.9119782894769575
208 -1.9119782894769575
209 -1.9119782894769575
210 -1.9119782894769575
211 -1.9119782894769575
212 -1.9119782894769575
213 -1.9119782894769575
214 -1.9119782894769575
215 -1.9119782894769575
216 -1.9119782894769575
217 -1.9119782894769575
218 -1.9119782894769575
219 -1.9119782894769575
220 -1.9119782894769575
221 -1.9119782894769575
222 -1.9119782894769575
223 -1.9119782894769575
224 -1.9119782894769575
225 -1.9119782894769575
226 -1.9119782894769575
227 -1.9119782894769575
228 -1.9119782894769575
229 -1.9119782894769575
230 -1.9119782894769575
231 -1.9119782894769575
232 -1.9119782894769575
233 -1.9119782894769575
234 -1.9119782894769575
235 -1.9119782894769575
236 -1.9119782894769575
237 -1.9119782894769575
238 -1.9119782894769575
239 -1.9119782894769575
240 -1.9119782894769575
241 -1.9119782894769575
242 -1.9119782894769575
243 -1.9119782894769575
244 -1.9119782894769575
245 -1.9119782894769575
246 -1.9119782894769575
247 -1.9119782894769575
248 -1.9119782894769575
249 -1.9119782894769575
250 -1.9119782894769575
251 -1.9119782894769575
252 -1.9119782894769575
253 -1.9119782894769575
254 -1.9119782894769575
255 -1.9119782894769575
256 -1.9119782894769575
257 -1.9119782894769575
258 -1.9119782894769575
259 -1.9119782894769575
260 -1.9119782894769575
261 -1.9119782894769575
262 -1.9119782894769575
263 -1.9119782894769575
264 -1.9119782894769575
265 -1.9119782894769575
266 -1.9127695689856714
267 -1.9127695689856714
268 -1.9127695689856714
269 -1.9127695689856714
270 -1.9127695689856714
271 -1.9127695689856714
272 -1.9127695689856714
273 -1.9127695689856714
274 -1.9127695689856714
275 -1.9127695689856714
276 -1.9127695689856714
277 -1.9127695689856714
278 -1.9127695689856714
279 -1.9127695689856714
280 -1.9127695689856714
281 -1.9127695689856714
282 -1.9127695689856714
283 -1.9127695689856714
284 -1.9127695689856714
285 -1.9127695689856714
286 -1.9127695689856714
287 -1.9127695689856714
288 -1.9127695689856714
289 -1.9127695689856714
290 -1.9127695689856714
291 -1.9127695689856714
292 -1.9127695689856714
293 -1.9127695689856714
294 -1.9127695689856714
295 -1.9127695689856714
296 -1.9127695689856714
297 -1.9127695689856714
298 -1.9127695689856714
299 -1.9127695689856714
300 -1.9127695689856714
301 -1.9127695689856714
302 -1.9127695689856714
303 -1.9127695689856714
304 -1.9127695689856714
305 -1.9127695689856714
306 -1.9127695689856714
307 -1.9127695689856714
308 -1.9127695689856714
309 -1.9127695689856714
310 -1.9127695689856714
311 -1.9127695689856714
312 -1.9127695689856714
313 -1.9127695689856714
314 -1.9127695689856714
315 -1.9127695689856714
316 -1.9127695689856714
317 -1.9127695689856714
318 -1.9127695689856714
319 -1.9127695689856714
320 -1.9127695689856714
321 -1.9127695689856714
322 -1.9127695689856714
323 -1.9127695689856714
324 -1.9127695689856714
325 -1.9127695689856714
326 -1.9127695689856714
327 -1.9127695689856714
328 -1.9127695689856714
329 -1.9127695689856714
330 -1.9127695689856714
331 -1.9127695689856714
332 -1.9127695689856714
333 -1.9127695689856714
334 -1.9127695689856714
335 -1.9127695689856714
336 -1.9127695689856714
337 -1.9127695689856714
338 -1.9127695689856714
339 -1.9127695689856714
340 -1.9127695689856714
341 -1.9127695689856714
342 -1.9127695689856714
343 -1.9127695689856714
344 -1.9127695689856714
345 -1.9127695689856714
346 -1.9127695689856714
347 -1.9127695689856714
348 -1.9127695689856714
349 -1.9127695689856714
350 -1.9127695689856714
351 -1.9127695689856714
352 -1.9127695689856714
353 -1.9127695689856714
354 -1.9127695689856714
355 -1.9127695689856714
356 -1.9127695689856714
357 -1.9127695689856714
358 -1.9127695689856714
359 -1.9127695689856714
360 -1.9127695689856714
361 -1.9127695689856714
362 -1.9127695689856714
363 -1.9127695689856714
364 -1.9127695689856714
365 -1.9127695689856714
366 -1.9127695689856714
367 -1.9127695689856714
368 -1.9127695689856714
369 -1.9127695689856714
370 -1.9127695689856714
371 -1.9127695689856714
372 -1.9127695689856714
373 -1.9127695689856714
374 -1.9127695689856714
375 -1.9127695689856714
376 -1.9127695689856714
377 -1.9127695689856714
378 -1.9127695689856714
379 -1.9127695689856714
380 -1.9127695689856714
381 -1.9127695689856714
382 -1.9127695689856714
383 -1.9127695689856714
384 -1.9127695689856714
385 -1.9127695689856714
386 -1.9127695689856714
387 -1.9127695689856714
388 -1.9127695689856714
389 -1.9127695689856714
390 -1.9127695689856714
391 -1.9127695689856714
392 -1.9127695689856714
393 -1.9127695689856714
394 -1.9127695689856714
395 -1.9127695689856714
396 -1.9127695689856714
397 -1.9127695689856714
398 -1.9127695689856714
399 -1.9127695689856714
400 -1.9127695689856714
401 -1.9127695689856714
402 -1.9127695689856714
403 -1.9127695689856714
404 -1.9127695689856714
405 -1.9127695689856714
406 -1.9127695689856714
407 -1.9127695689856714
408 -1.9127695689856714
409 -1.913144516452285
410 -1.913144516452285
411 -1.913144516452285
412 -1.913144516452285
413 -1.913144516452285
414 -1.913144516452285
415 -1.913144516452285
416 -1.913144516452285
417 -1.913144516452285
418 -1.913144516452285
419 -1.913144516452285
420 -1.913144516452285
421 -1.913144516452285
422 -1.913144516452285
423 -1.913144516452285
424 -1.913144516452285
425 -1.913144516452285
426 -1.913144516452285
427 -1.913144516452285
428 -1.913144516452285
429 -1.913144516452285
430 -1.913144516452285
431 -1.913144516452285
432 -1.913144516452285
433 -1.913144516452285
434 -1.913144516452285
435 -1.913144516452285
436 -1.913144516452285
437 -1.913144516452285
438 -1.913144516452285
439 -1.913144516452285
440 -1.913144516452285
441 -1.913144516452285
442 -1.913144516452285
443 -1.913144516452285
444 -1.913144516452285
445 -1.913144516452285
446 -1.913144516452285
447 -1.913144516452285
448 -1.913144516452285
449 -1.913144516452285
450 -1.913144516452285
451 -1.913144516452285
452 -1.913144516452285
453 -1.913144516452285
454 -1.913144516452285
455 -1.913144516452285
456 -1.913144516452285
457 -1.913144516452285
458 -1.913144516452285
459 -1.913144516452285
460 -1.913144516452285
461 -1.913144516452285
462 -1.913144516452285
463 -1.913144516452285
464 -1.913144516452285
465 -1.913144516452285
466 -1.913144516452285
467 -1.913144516452285
468 -1.913144516452285
469 -1.913144516452285
470 -1.913144516452285
471 -1.913144516452285
472 -1.913144516452285
473 -1.913144516452285
474 -1.913144516452285
475 -1.913144516452285
476 -1.913144516452285
477 -1.913144516452285
478 -1.913144516452285
479 -1.913144516452285
480 -1.913144516452285
481 -1.913144516452285
482 -1.913144516452285
483 -1.913144516452285
484 -1.913144516452285
485 -1.913144516452285
486 -1.913144516452285
487 -1.913144516452285
488 -1.913144516452285
489 -1.913144516452285
490 -1.913144516452285
491 -1.913144516452285
492 -1.913144516452285
493 -1.913144516452285
494 -1.913144516452285
495 -1.913144516452285
496 -1.913144516452285
497 -1.913144516452285
498 -1.913144516452285
499 -1.913144516452285
500 -1.913144516452285
501 -1.913144516452285
502 -1.913144516452285
503 -1.913144516452285
504 -1.913144516452285
505 -1.913144516452285
506 -1.913144516452285
507 -1.913144516452285
508 -1.913144516452285
509 -1.913144516452285
510 -1.913144516452285
511 -1.913144516452285
512 -1.913144516452285
513 -1.913144516452285
514 -1.913144516452285
515 -1.913144516452285
516 -1.913144516452285
517 -1.913144516452285
518 -1.913144516452285
519 -1.913144516452285
520 -1.913144516452285
521 -1.913144516452285
522 -1.913144516452285
523 -1.913144516452285
524 -1.913144516452285
525 -1.913144516452285
526 -1.913144516452285
527 -1.913144516452285
528 -1.913144516452285
529 -1.913144516452285
530 -1.913144516452285
531 -1.913144516452285
532 -1.913144516452285
533 -1.913144516452285
534 -1.913144516452285
535 -1.913144516452285
536 -1.913144516452285
537 -1.913144516452285
538 -1.913144516452285
539 -1.913144516452285
540 -1.913144516452285
541 -1.913144516452285
542 -1.913144516452285
543 -1.913144516452285
544 -1.913144516452285
545 -1.913144516452285
546 -1.913144516452285
547 -1.913144516452285
548 -1.913144516452285
549 -1.913144516452285
550 -1.913144516452285
551 -1.913144516452285
552 -1.913144516452285
553 -1.913144516452285
554 -1.913144516452285
555 -1.913144516452285
556 -1.913144516452285
557 -1.913144516452285
558 -1.913144516452285
559 -1.913144516452285
560 -1.913144516452285
561 -1.913144516452285
562 -1.913144516452285
563 -1.913144516452285
564 -1.913144516452285
565 -1.913144516452285
566 -1.913144516452285
567 -1.913144516452285
568 -1.913144516452285
569 -1.913144516452285
570 -1.913144516452285
571 -1.913144516452285
572 -1.913144516452285
573 -1.913144516452285
574 -1.913144516452285
575 -1.913144516452285
576 -1.913144516452285
577 -1.913144516452285
578 -1.913144516452285
579 -1.913144516452285
580 -1.913144516452285
581 -1.913144516452285
582 -1.913144516452285
583 -1.913144516452285
584 -1.913144516452285
585 -1.913144516452285
586 -1.913144516452285
587 -1.913144516452285
588 -1.913144516452285
589 -1.913144516452285
590 -1.913144516452285
591 -1.913144516452285
592 -1.913144516452285
593 -1.913144516452285
594 -1.913144516452285
595 -1.913144516452285
596 -1.913144516452285
597 -1.913144516452285
598 -1.913144516452285
599 -1.913144516452285
600 -1.913144516452285
601 -1.913144516452285
602 -1.913144516452285
603 -1.913144516452285
604 -1.913144516452285
605 -1.913144516452285
606 -1.913144516452285
607 -1.913144516452285
608 -1.913144516452285
609 -1.913144516452285
610 -1.913144516452285
611 -1.913144516452285
612 -1.913144516452285
613 -1.913144516452285
614 -1.913144516452285
615 -1.913144516452285
616 -1.913144516452285
617 -1.913144516452285
618 -1.913144516452285
619 -1.913144516452285
620 -1.913144516452285
621 -1.913144516452285
622 -1.913144516452285
623 -1.913144516452285
624 -1.913144516452285
625 -1.913144516452285
626 -1.913144516452285
627 -1.913144516452285
628 -1.913144516452285
629 -1.913144516452285
630 -1.913144516452285
631 -1.913144516452285
632 -1.913144516452285
633 -1.913144516452285
634 -1.913144516452285
635 -1.913144516452285
636 -1.913144516452285
637 -1.913144516452285
638 -1.913144516452285
639 -1.913144516452285
640 -1.913144516452285
641 -1.913144516452285
642 -1.913144516452285
643 -1.913144516452285
644 -1.913144516452285
645 -1.913144516452285
646 -1.913144516452285
647 -1.913144516452285
648 -1.913144516452285
649 -1.913144516452285
650 -1.913144516452285
651 -1.913144516452285
652 -1.913144516452285
653 -1.913144516452285
654 -1.913144516452285
655 -1.913144516452285
656 -1.913144516452285
657 -1.913144516452285
658 -1.913144516452285
659 -1.913144516452285
660 -1.913144516452285
661 -1.913144516452285
662 -1.913144516452285
663 -1.913144516452285
664 -1.913144516452285
665 -1.913144516452285
666 -1.913144516452285
667 -1.913144516452285
668 -1.913144516452285
669 -1.913144516452285
670 -1.913144516452285
671 -1.913144516452285
672 -1.913144516452285
673 -1.913144516452285
674 -1.913144516452285
675 -1.913144516452285
676 -1.913144516452285
677 -1.913144516452285
678 -1.913144516452285
679 -1.913144516452285
680 -1.913144516452285
681 -1.913144516452285
682 -1.913144516452285
683 -1.913144516452285
684 -1.913144516452285
685 -1.913144516452285
686 -1.913144516452285
687 -1.913144516452285
688 -1.913144516452285
689 -1.913144516452285
690 -1.913144516452285
691 -1.913144516452285
692 -1.913144516452285
693 -1.913144516452285
694 -1.913144516452285
695 -1.913144516452285
696 -1.913144516452285
697 -1.913144516452285
698 -1.913144516452285
699 -1.913144516452285
700 -1.913144516452285
701 -1.913144516452285
702 -1.913144516452285
703 -1.913144516452285
704 -1.913144516452285
705 -1.913144516452285
706 -1.913144516452285
707 -1.913144516452285
708 -1.913144516452285
709 -1.913144516452285
710 -1.913144516452285
711 -1.913144516452285
712 -1.913144516452285
713 -1.913144516452285
714 -1.913144516452285
715 -1.913144516452285
716 -1.913144516452285
717 -1.913144516452285
718 -1.913144516452285
719 -1.913144516452285
720 -1.913144516452285
721 -1.913144516452285
722 -1.913144516452285
723 -1.913144516452285
724 -1.913144516452285
725 -1.913144516452285
726 -1.913144516452285
727 -1.913144516452285
728 -1.913144516452285
729 -1.913144516452285
730 -1.913144516452285
731 -1.913144516452285
732 -1.913144516452285
733 -1.913144516452285
734 -1.913144516452285
735 -1.913144516452285
736 -1.913144516452285
737 -1.913144516452285
738 -1.913144516452285
739 -1.913144516452285
740 -1.913144516452285
741 -1.913144516452285
742 -1.913144516452285
743 -1.913144516452285
744 -1.913144516452285
745 -1.913144516452285
746 -1.913144516452285
747 -1.913144516452285
748 -1.913144516452285
749 -1.913144516452285
750 -1.913144516452285
751 -1.913144516452285
752 -1.913144516452285
753 -1.913144516452285
754 -1.913144516452285
755 -1.913144516452285
756 -1.913144516452285
757 -1.913144516452285
758 -1.913144516452285
759 -1.913144516452285
760 -1.913144516452285
761 -1.913144516452285
762 -1.913144516452285
763 -1.913144516452285
764 -1.913144516452285
765 -1.913144516452285
766 -1.913144516452285
767 -1.913144516452285
768 -1.913144516452285
769 -1.913144516452285
770 -1.913144516452285
771 -1.913144516452285
772 -1.913144516452285
773 -1.913144516452285
774 -1.913144516452285
775 -1.913144516452285
776 -1.913144516452285
777 -1.913144516452285
778 -1.913144516452285
779 -1.913144516452285
780 -1.913144516452285
781 -1.913144516452285
782 -1.913144516452285
783 -1.913144516452285
784 -1.913144516452285
785 -1.913144516452285
786 -1.913144516452285
787 -1.913144516452285
788 -1.913144516452285
789 -1.913144516452285
790 -1.913144516452285
791 -1.913144516452285
792 -1.913144516452285
793 -1.913144516452285
794 -1.913144516452285
795 -1.913144516452285
796 -1.913144516452285
797 -1.913144516452285
798 -1.913144516452285
799 -1.913144516452285
800 -1.913144516452285
801 -1.913144516452285
802 -1.913144516452285
803 -1.913144516452285
804 -1.913144516452285
805 -1.913144516452285
806 -1.913144516452285
807 -1.913144516452285
808 -1.913144516452285
809 -1.913144516452285
810 -1.913144516452285
811 -1.913144516452285
812 -1.913144516452285
813 -1.913144516452285
814 -1.913144516452285
815 -1.913144516452285
816 -1.913144516452285
817 -1.913144516452285
818 -1.913144516452285
819 -1.913144516452285
820 -1.913144516452285
821 -1.913144516452285
822 -1.913144516452285
823 -1.913144516452285
824 -1.913144516452285
825 -1.913144516452285
826 -1.913144516452285
827 -1.913144516452285
828 -1.913144516452285
829 -1.913144516452285
830 -1.913144516452285
831 -1.913144516452285
832 -1.913144516452285
833 -1.913144516452285
834 -1.913144516452285
835 -1.913144516452285
836 -1.913144516452285
837 -1.913144516452285
838 -1.913144516452285
839 -1.913144516452285
840 -1.913144516452285
841 -1.913144516452285
842 -1.913144516452285
843 -1.913144516452285
844 -1.913144516452285
845 -1.913144516452285
846 -1.913144516452285
847 -1.913144516452285
848 -1.913144516452285
849 -1.913144516452285
850 -1.913144516452285
851 -1.913144516452285
852 -1.913144516452285
853 -1.913144516452285
854 -1.913144516452285
855 -1.913144516452285
856 -1.913144516452285
857 -1.913144516452285
858 -1.913144516452285
859 -1.913144516452285
860 -1.913144516452285
861 -1.913144516452285
862 -1.913144516452285
863 -1.913144516452285
864 -1.913144516452285
865 -1.913144516452285
866 -1.913144516452285
867 -1.913144516452285
868 -1.913144516452285
869 -1.913144516452285
870 -1.913144516452285
871 -1.913144516452285
872 -1.913144516452285
873 -1.913144516452285
874 -1.913144516452285
875 -1.913144516452285
876 -1.913144516452285
877 -1.913144516452285
878 -1.913144516452285
879 -1.913144516452285
880 -1.913144516452285
881 -1.913144516452285
882 -1.913144516452285
883 -1.913144516452285
884 -1.913144516452285
885 -1.913144516452285
886 -1.913144516452285
887 -1.913144516452285
888 -1.913144516452285
889 -1.913144516452285
890 -1.913144516452285
891 -1.913144516452285
892 -1.913144516452285
893 -1.913144516452285
894 -1.913144516452285
895 -1.913144516452285
896 -1.913144516452285
897 -1.913144516452285
898 -1.913144516452285
899 -1.913144516452285
900 -1.913144516452285
901 -1.913144516452285
902 -1.913144516452285
903 -1.913144516452285
904 -1.913144516452285
905 -1.913144516452285
906 -1.913144516452285
907 -1.913144516452285
908 -1.913144516452285
909 -1.913144516452285
910 -1.913144516452285
911 -1.913144516452285
912 -1.913144516452285
913 -1.913144516452285
914 -1.913144516452285
915 -1.913144516452285
916 -1.913144516452285
917 -1.913144516452285
918 -1.913144516452285
919 -1.913144516452285
920 -1.913144516452285
921 -1.913144516452285
922 -1.913144516452285
923 -1.913144516452285
924 -1.913144516452285
925 -1.913144516452285
926 -1.913144516452285
927 -1.913144516452285
928 -1.913144516452285
929 -1.913144516452285
930 -1.913144516452285
931 -1.913144516452285
932 -1.913144516452285
933 -1.913144516452285
934 -1.913144516452285
935 -1.913144516452285
936 -1.913144516452285
937 -1.913144516452285
938 -1.913144516452285
939 -1.913144516452285
940 -1.913144516452285
941 -1.913144516452285
942 -1.913144516452285
943 -1.913144516452285
944 -1.913144516452285
945 -1.913144516452285
946 -1.913144516452285
947 -1.913144516452285
948 -1.913144516452285
949 -1.913144516452285
950 -1.913144516452285
951 -1.913144516452285
952 -1.913144516452285
953 -1.913144516452285
954 -1.913144516452285
955 -1.913144516452285
956 -1.913144516452285
957 -1.913144516452285
958 -1.913144516452285
959 -1.913144516452285
960 -1.913144516452285
961 -1.913144516452285
962 -1.913144516452285
963 -1.913144516452285
964 -1.913144516452285
965 -1.913144516452285
966 -1.913144516452285
967 -1.913144516452285
968 -1.913144516452285
969 -1.913144516452285
970 -1.913144516452285
971 -1.913144516452285
972 -1.913144516452285
973 -1.913144516452285
974 -1.913144516452285
975 -1.913144516452285
976 -1.913144516452285
977 -1.913144516452285
978 -1.913144516452285
979 -1.913144516452285
980 -1.913144516452285
981 -1.913144516452285
982 -1.913144516452285
983 -1.913144516452285
984 -1.913144516452285
985 -1.913144516452285
986 -1.913144516452285
987 -1.913144516452285
988 -1.913144516452285
989 -1.913144516452285
990 -1.913144516452285
991 -1.913144516452285
992 -1.913144516452285
993 -1.913144516452285
994 -1.913144516452285
995 -1.913144516452285
996 -1.913144516452285
997 -1.913144516452285
998 -1.913144516452285
999 -1.913144516452285
1000 -1.913144516452285
