1 5.233342200212975
2 4.372231713208802
3 3.8568339431929552
4 3.8427638876857957
5 3.6815628112200556
6 4.051418677811507
7 3.643378452900924
8 3.4944896825554177
9 3.4650051760271956
10 3.593877137756093
11 3.712893473880971
12 3.4749111833331257
13 3.148322896271688
14 3.76267677974112
15 3.6776449359217334
16 3.4374736133758668
17 3.221762742890221
18 3.1702937161989135
19 2.754991519474234
20 3.8926132986508293
21 3.535321733022169
22 3.9255823080664816
23 3.4136529542116514
24 3.321928687166387
25 3.2720775934356383
26 3.9185183664327377
27 4.061472158066929
28 3.9681428428855003
29 3.183002974509042
30 3.168891518252815
31 3.613429545667418
32 3.9098581619114237
33 3.476788153824098
34 3.6414435547799835
35 3.533887278419274
36 3.4502864003508393
37 3.6722335682682177
38 4.304617911356313
39 3.5718992347150818
40 4.022405468532088
41 3.892988451492659
42 3.867317664092659
43 3.36531202320154
44 3.411418124080726
45 3.7426164601753693
46 3.57898137745138
47 3.469752467450676
48 3.630333398469186
49 3.686782705027833
50 3.7678944212940015
51 3.4600810008730662
52 3.754264504367929
53 3.3763303250496763
54 3.2635283369282866
55 3.279841443325664
56 3.6726807358730933
57 3.8723949763698866
58 3.32157069714023
59 3.399051853765429
60 4.362839293981782
61 3.0836762093572063
62 3.9803384056657465
63 3.784967227042018
64 3.759697925737517
65 3.4541479875175822
66 3.242196913931895
67 4.2506063127162115
68 3.6126304901730926
69 3.5725570700198173
70 3.216490947948542
71 3.5975090240477483
72 3.434497672170746
73 3.9497986922709765
74 3.141739317487306
75 4.483636346612193
76 4.414551910901444
77 3.4727852210126295
78 3.5607496587683922
79 3.321710015156632
80 4.192406081699289
81 3.379860066190069
82 3.7333070045631973
83 3.8837696589378536
84 3.871292985569058
85 3.671236595066282
86 3.8448183008892087
87 3.6830700298472965
88 3.323054215068516
89 3.7301090480489463
90 3.8753163198570144
91 3.3484084392890514
92 3.2438934750619497
93 3.5458203897718814
94 3.354701863012619
95 4.16764957438369
96 3.6503585053649354
97 3.694534119860788
98 3.544575971672922
99 3.414396468597116
100 3.4617565695863064
101 2.9305518975181486
102 3.6363503539179116
103 3.247493155748259
104 3.8649359795396285
105 3.322950065519973
106 3.2847650874420924
107 3.2962282925698547
108 3.7008479106141485
109 3.838841596399993
110 3.5743684551916703
111 3.515328418113383
112 4.013811748727305
113 3.8933665752263478
114 3.580617781206154
115 3.5051713115580765
116 4.329122891485437
117 3.658795962069378
118 3.9712983721036994
119 3.307836756382645
120 4.306065914901142
121 3.1794372235992987
122 3.945281592111451
123 3.6294620709799412
124 4.232844379851443
125 3.893388818988705
126 4.224797847541466
127 3.5667539039856306
128 3.66148662023749
129 3.538514401742413
130 3.2871241815644634
131 4.388583397179052
132 4.2508208721004745
133 4.286118813936702
134 3.3470864066107113
135 3.306147094423633
136 3.6815547019111734
137 4.487149766210503
138 3.9711192850369916
139 3.8484557317297887
140 3.3518343930762606
141 3.763005636168241
142 4.009801362224175
143 3.8239828648182095
144 3.705003201171318
145 3.7966431882239697
146 3.592539861974567
147 3.6732247579138515
148 3.5912414020705326
149 3.806153517520614
150 3.9639444875646674
151 3.5432049305962803
152 4.044829635398674
153 3.8164176561877614
154 3.574287474582932
155 3.07509264979676
156 3.9648224519598054
157 3.7042363342180025
158 3.1095069930970465
159 4.145921417886268
160 3.4222128133042236
161 3.8585022825312483
162 3.5249489578838253
163 3.791218856415729
164 3.7063545895640684
165 4.083804615409522
166 4.074433578542172
167 3.7644376160242055
168 3.0449285555180063
169 3.2241591396800278
170 3.151056346518125
171 3.896370754758911
172 4.1009444156848955
173 3.8340908330529855
174 3.753643138871358
175 4.028731726423046
176 2.756785682489468
177 3.33819908764941
178 3.7353063454574804
179 3.6168640977951223
180 3.342335092556121
181 3.7427958096165743
182 3.9003118870646705
183 3.640443820708263
184 3.1588661893914023
185 3.6698581739851055
186 3.7874520746563483
187 3.369711581616182
188 3.608422787377293
189 3.3072684328298876
190 3.715126353396475
191 4.020925994296612
192 4.333472350272913
193 4.152094190298182
194 4.180770996378614
195 4.471681332100349
196 3.592678077155006
197 3.1643598953402656
198 4.420590199537383
199 3.587496051011643
200 3.6114234907099023
201 3.8485225058017267
202 3.45003393415181
203 3.5434199307991254
204 3.9112700539834275
205 3.2806931890367834
206 3.4468933852823755
207 3.8470117332545435
208 3.6888368797335573
209 4.026180163934351
210 4.290876909873405
211 4.279011879758278
212 4.197504264803022
213 3.2485239382735562
214 3.746164499029496
215 3.4017579509588507
216 3.6487794822377624
217 3.4947679512167324
218 3.5721698770443076
219 3.659584351227979
220 3.6067718746779374
221 4.2139421507150185
222 3.6413150825674196
223 3.7975068918601025
224 3.855794054513707
225 3.6114238425210705
226 3.311275666094254
227 3.8157259865116595
228 3.9138450345829456
229 3.455366334415737
230 4.2165994928293795
231 3.423529500453979
232 3.6148689870667146
233 3.594382274280856
234 3.809409384405246
235 4.047318247471784
236 3.3833930257104177
237 3.2152985918654986
238 3.695268614143718
239 3.5275423589249315
240 3.5549667645038143
241 3.431449868861718
242 4.05088461835703
243 3.7493344084425257
244 3.755598313942466
245 3.74961391459989
246 3.829372104432453
247 3.911146106347784
248 3.544432332926575
249 3.347996399497463
250 3.843619676396715
251 3.6206112359879494
252 3.9144565638253854
253 4.105154549717915
254 3.641145618150892
255 3.8671282570023333
256 3.974517245463772
257 3.770347147558569
258 4.213297129206608
259 3.724816525129111
260 3.738420969106935
261 3.418031581799764
262 3.790534167431227
263 3.1685494069031273
264 3.9130652613862913
265 3.8102394227645116
266 3.7104320785779574
267 3.6255642497008242
268 3.7835524372079323
269 3.4984869789567226
270 3.3318455960817506
271 3.5066627572101465
272 3.426517118923296
273 3.6129201514902354
274 4.085301491050236
275 3.7108605381637823
276 3.6769249717342896
277 4.0517927340120075
278 3.3989526190163213
279 3.1405838373792516
280 4.033080462126219
281 3.7134533387766484
282 3.241612778264175
283 3.297328695763364
284 3.499676870971103
285 4.051368806495931
286 4.09290000031895
287 3.89567142780297
288 3.765361568368498
289 3.5941836747370073
290 3.166486447945693
291 3.761528006324328
292 3.968962957681803
293 3.900932353845948
294 3.778192173990468
295 3.2169837606851943
296 3.807475473824731
297 4.013799177792821
298 4.326820890393357
299 3.518396779260436
300 3.72086217000929
301 3.34033558968464
302 3.4726147860958867
303 3.8322557040870118
304 4.105173030909319
305 3.3304712790194304
306 4.0309004305868905
307 4.275308356367049
308 3.5988283634786224
309 3.7322521416654966
310 3.7703754246087566
311 4.292561101158156
312 3.598632268742429
313 3.707396440143215
314 3.559176131716483
315 3.9784042083252458
316 3.093071757538466
317 4.0584370945998325
318 3.866573837816942
319 3.5838586305746527
320 3.629073388396896
321 3.5788704559705597
322 3.772254106006271
323 3.7396076517607777
324 3.106983823732473
325 4.188071707747421
326 4.075275527339497
327 3.69268681827259
328 3.8882722229951496
329 3.4930039606561745
330 3.5699428173826337
331 3.719739945107714
332 3.768236922576771
333 4.119218703316716
334 4.148931760781289
335 3.722758448691446
336 3.7681208334896845
337 3.8502576833845206
338 4.468577923984261
339 3.396044815983759
340 3.8590500379416497
341 4.014010269163148
342 4.080467436390549
343 3.8934196081582617
344 3.443298507459742
345 4.060470514687829
346 3.461860170441776
347 3.52028479766549
348 3.867777728421892
349 3.8029816495243374
350 4.3369662125017
351 3.812892674704262
352 3.4591221686426668
353 4.151730764020591
354 3.562067123310669
355 3.3435481075330356
356 3.9031691067140835
357 3.707416596256108
358 3.4770522505163894
359 3.6965998491519008
360 3.85925820758919
361 4.0897970111398285
362 3.5761966196009514
363 4.162893746644142
364 3.4055674824016653
365 4.016719802022765
366 4.1645987098112975
367 3.5507981794138765
368 3.4290332415857985
369 3.6333630928542444
370 3.847700657074096
371 4.43810215919179
372 3.288441566796338
373 3.351598757520428
374 4.068730508441427
375 4.137305781273396
376 3.618109202716707
377 3.621992760942539
378 3.8402502634291804
379 3.772883522158856
380 3.7354320895871984
381 3.72706440342363
382 3.130246603336497
383 3.8857055500152953
384 3.8742743421401054
385 4.015529813926459
386 3.983687373879726
387 3.7963556331172916
388 4.217966187267493
389 4.193359185050683
390 3.1980455091257958
391 3.391917679952921
392 3.579667837176207
393 3.7200295535832626
394 3.4298022782676614
395 3.713266859060411
396 3.486878851909496
397 3.9215060055855613
398 2.9509267710256455
399 4.139639274152742
400 3.9782300085665083
401 4.2463949849754155
402 3.734361346596116
403 3.491852722463562
404 4.02690035072094
405 3.437596943937731
406 4.218163385102691
407 4.2540828057268785
408 3.5520206646980643
409 4.092102104966318
410 3.972721443729274
411 3.2866453806452975
412 3.1118541320523323
413 3.8716588216304983
414 4.111218270514183
415 4.13214976972678
416 3.9477500417876867
417 3.4610958526067868
418 3.650168517609105
419 4.235772197391438
420 3.2508200217734595
421 4.05041248645329
422 3.253184582643617
423 3.593359221673895
424 3.34212130569823
425 3.4874619891590575
426 3.6849409274392166
427 3.8571434549059727
428 3.788762106431234
429 3.124782256562513
430 3.9328137650204167
431 4.502238729025198
432 4.249400860960073
433 4.0114862035641075
434 4.234393654247549
435 4.100275425268288
436 3.662208076624393
437 4.272581882995046
438 3.5910739061875314
439 3.822084889973314
440 3.672955950794082
441 3.691276277840216
442 3.8121554948498706
443 3.811211762746216
444 3.5370456929903393
445 3.6274356692171104
446 3.357545458083529
447 3.7908961324625614
448 3.69275503102951
449 3.7415993191104358
450 4.345360810713095
451 3.5707619864051723
452 4.234257955759878
453 4.331251108463816
454 3.512407437428688
455 3.787296825208685
456 3.705479448535971
457 4.073769917246679
458 3.49771214877468
459 4.320113145049626
460 3.944305173328401
461 3.4235909103249527
462 3.9025838037906615
463 3.6511535939083837
464 4.154134460576325
465 3.8400432138203056
466 3.4299861374065364
467 3.239183158907164
468 3.591554638077894
469 3.3783130574410443
470 3.922843299870254
471 3.798925978613183
472 2.9566869161181883
473 3.832563452674644
474 4.084635111346187
475 3.7607916572229776
476 3.8628125813006484
477 4.296644478935172
478 4.218658049684545
479 4.3224118939477805
480 3.8541706624648797
481 3.949508259496986
482 3.7861359170967095
483 3.742367428486828
484 3.59013527308563
485 3.8549458047824907
486 3.7847810124118544
487 4.735567273309599
488 3.752392866163044
489 3.9759885455224895
490 3.9997052581702577
491 4.009111260366079
492 3.4871680102341505
493 3.8132020826476896
494 3.818138287335013
495 3.8019509401810674
496 3.7967467975724247
497 3.6009445299213727
498 3.773194068352601
499 3.8970601216692478
500 3.761681891743777
501 3.806046970119286
502 3.7960819118958256
503 4.204565704558832
504 3.562556150305254
505 4.1277572216032965
506 4.060295954470265
507 3.971471802826153
508 4.17293184273287
509 4.015706672902175
510 3.527935812113434
511 3.956882150125199
512 3.422188470438338
513 3.6116277430467982
514 3.520969627427012
515 4.716654525559058
516 4.003235579212097
517 4.040093055117785
518 3.775958997951577
519 3.521539252494797
520 3.7322831978330266
521 3.997722290289377
522 3.7180296852109773
523 3.7510546571610286
524 3.6001033217897294
525 3.736467507375122
526 3.645724255249339
527 3.3549567658656425
528 4.611653284316783
529 4.391960628250143
530 4.368166965106058
531 3.683274996273577
532 3.715359801857039
533 3.9474717385314886
534 3.328292004066474
535 3.6718139217967303
536 3.0787279584657927
537 3.327990177301031
538 3.7834786513781653
539 3.941568615096756
540 4.144393952558298
541 3.4043457941140285
542 3.4396948053090224
543 3.4598637591012222
544 3.861091062395332
545 4.327683746437191
546 3.3194745568547956
547 3.9356471022158774
548 3.8925042964291263
549 4.325396843887422
550 3.546607443063857
551 3.958719129428113
552 4.071266970754501
553 3.9539085584649136
554 3.5831924078150705
555 4.038451322981922
556 3.5130098058676085
557 3.838685640914547
558 4.0252441910230425
559 3.6864040544893424
560 4.277421865769206
561 3.603934704531793
562 3.7837686454085744
563 4.0915970373792065
564 3.824238321268981
565 3.649432759545718
566 3.546340609630137
567 4.059690839862666
568 4.307549603988049
569 3.569030818593843
570 3.5218858968391205
571 4.182536616325453
572 3.972915877030284
573 4.041734096737329
574 3.3936632612314654
575 3.2192172423683485
576 4.543413662764372
577 3.31896399616227
578 3.8098385864945237
579 4.011633840200633
580 3.752110008260837
581 4.029977338076389
582 3.4286827823507497
583 3.20073233245206
584 3.3178517556535647
585 4.618511052020318
586 3.601402737776499
587 3.881585369826774
588 3.537408762078894
589 3.706888826533458
590 3.8357244237708046
591 4.096356741978737
592 3.8685161743801695
593 4.450248146731922
594 4.170024954835611
595 3.3461518939837815
596 3.5065049799746237
597 4.030945898938178
598 3.597250145921965
599 4.025204875373959
600 3.827096877833095
601 4.067588491440214
602 3.556654411756492
603 4.1853268514053585
604 3.9523610136954748
605 4.0449809818541285
606 3.505626145416081
607 4.229367270607735
608 3.76653693802881
609 3.5399938337481536
610 3.8909885249565344
611 4.130752759041778
612 3.741646725351816
613 3.8218094092529507
614 3.5315241123624106
615 4.112089441216703
616 3.6382431545264935
617 4.2453727637276275
618 3.972517299819788
619 3.3242156680307704
620 3.814902765122337
621 4.362994396311946
622 3.5700922377129984
623 4.145399513747285
624 3.570526606042477
625 3.50257184479411
626 4.169207068507706
627 3.4099174846518303
628 3.731588106616279
629 3.5091062729639333
630 3.7596272761990965
631 3.8906112145375573
632 3.6201827678872656
633 3.76031740878741
634 3.9665327495865563
635 4.269427011048443
636 3.650151918357149
637 3.472999389868941
638 4.086724710586556
639 3.9942907399726435
640 3.772202850096687
641 4.661329150641178
642 3.8439663321600164
643 4.430444220292815
644 3.845169269515041
645 4.353537173301221
646 3.3582488352475894
647 4.092507346464223
648 3.5854295000759753
649 3.6700569777210794
650 3.5122420818420235
651 4.078764603364863
652 4.050777030873582
653 3.4959713867236446
654 4.09175020215005
655 4.143332580868867
656 3.8899063161564826
657 3.6631511661459935
658 3.984954947104626
659 3.8387102314424895
660 3.595271124889481
661 3.520151385992445
662 3.3369435510882517
663 3.900809659313214
664 3.6301964464030636
665 4.132222027824027
666 3.529263533194679
667 3.5910992044636574
668 4.029308052599631
669 4.183730564053337
670 3.851546680501113
671 3.5384264967059322
672 3.9602844065094316
673 3.403622904043135
674 4.125906757377356
675 4.177562189175562
676 3.866227726912957
677 3.781533677665964
678 3.9716433134741824
679 3.307623326468073
680 3.0837360557711255
681 3.247671784617382
682 3.7374168900178613
683 3.5781394239771678
684 3.82001643635326
685 3.595256786244215
686 3.9952866378382415
687 4.147275210521418
688 4.44502213648472
689 4.139964446207554
690 3.825978941554704
691 3.252811139560547
692 3.3054807627709732
693 3.8913473022688065
694 3.8003054468798996
695 3.2092473817885585
696 4.11123446362299
697 3.8890926883430934
698 4.263114911263507
699 3.9626319989583827
700 4.054731186635135
701 4.314108968088185
702 3.8627051570455206
703 4.129513320875383
704 3.4619831363672526
705 3.729214559592674
706 4.250966219793308
707 4.04636384080207
708 4.141992336996093
709 3.774568648723177
710 4.225531699970635
711 4.227553822443589
712 3.9372867962401754
713 4.202755118592947
714 3.352915992173683
715 3.8849667797045764
716 3.2987433856293826
717 3.8678896524110633
718 3.8146991186424675
719 3.9846487884403583
720 3.6821113755140273
721 3.1383656091235257
722 4.185520084480715
723 3.7894247355888173
724 3.8857520813829813
725 3.4950079096344937
726 3.800692841878735
727 4.130422141697999
728 4.521370707603492
729 3.8466927875184638
730 3.4268757210016325
731 3.9355549770289358
732 4.023315831949087
733 4.4814049288206315
734 3.452664645890905
735 4.110538327694438
736 4.0274385901860965
737 3.813579871604978
738 4.313236108323725
739 3.3179328939532016
740 3.604292495018505
741 2.8223043973181126
742 4.387027008272018
743 3.860064176067639
744 4.096590932560943
745 3.946446177242775
746 3.3497371459971395
747 3.8569985692845408
748 3.9612869378547315
749 4.1687280583284885
750 3.788295272987362
751 4.24542824610807
752 4.07593751394663
753 4.259462768462901
754 4.119215738032193
755 3.8398745227600832
756 4.412023531346177
757 3.5686851283561034
758 3.439576706222806
759 3.3235798820094895
760 3.5588941635092826
761 3.4902140496820118
762 3.9216025485762853
763 3.928761627149817
764 3.8943856167743056
765 4.06556846966143
766 4.207688279308707
767 4.089003156801679
768 3.623554663942719
769 3.6921378095576536
770 4.001860718615095
771 3.331559890009306
772 3.943273691668063
773 3.6583152111440254
774 3.596533205103318
775 3.873230177612806
776 3.705528444159691
777 3.6376922098669673
778 3.19130184819702
779 3.743865090045368
780 4.624068834336699
781 4.365011387486203
782 3.654771211294805
783 3.656842685561961
784 4.258810043093804
785 3.723718820231097
786 4.043403960425011
787 3.9963078633149434
788 3.6077401386961756
789 3.615299986298334
790 3.8727187672392187
791 3.6529481126602943
792 4.294945783326575
793 3.9765386036146584
794 4.148852426546725
795 3.945003210941375
796 3.9851140522382353
797 4.0040776538923195
798 3.9021468330576803
799 3.883881615219119
800 3.6770071895869116
801 3.8986222948403904
802 4.070846422517647
803 3.456166688150907
804 3.6953384370686124
805 4.001780173992783
806 3.4057850413968165
807 3.6004694979288208
808 3.323650235538571
809 3.747259046654822
810 3.880885142572771
811 3.4790008726939483
812 3.9257707950069647
813 3.596728688125634
814 3.201490295614212
815 3.1332407273386638
816 4.353676147508746
817 3.3303965440820655
818 3.9883397621563406
819 3.7698454752742494
820 4.36289055731424
821 3.523043726636794
822 4.233175625082776
823 4.104402274934181
824 3.5418919107122906
825 3.7856344741283943
826 3.2607891863336778
827 4.116276264800002
828 4.424742301895552
829 3.3151867935208723
830 3.30490729333268
831 3.2741442668473075
832 4.003484308048664
833 3.94195215059198
834 3.8327158090997
835 3.850128924982548
836 3.573004200195173
837 3.1202537740252074
838 3.686678211760047
839 3.5070045807414982
840 3.62601010078226
841 3.726122647910702
842 3.33769093862071
843 3.950648631926912
844 4.080940528237651
845 3.569250404620181
846 4.563021894900047
847 3.935476400362344
848 3.7923258247890566
849 4.028688239181077
850 3.711585428539764
851 3.276137895295645
852 3.739531584956395
853 4.123868985346351
854 3.7368176690079555
855 4.714845425931058
856 4.522039030071529
857 4.119164432305667
858 3.219066474057849
859 3.949791841098586
860 3.6587502534129066
861 4.354332379175414
862 3.8634620095071357
863 4.105803432983874
864 4.159790442672871
865 2.8955741879157877
866 3.5955622619622636
867 4.325390228889067
868 4.1962157269704505
869 3.281150268498313
870 4.058897483166743
871 3.2826470475926235
872 3.643431093560695
873 3.6344372075554023
874 3.8708605623026138
875 3.3890978395175417
876 3.7330719165309754
877 3.6621984852700673
878 3.706347269452239
879 4.2763050021944
880 4.038542248500981
881 4.182756218170882
882 4.296084474468833
883 3.183598122078239
884 3.849911530656917
885 3.958602295966665
886 4.020216702158598
887 3.6119499001828563
888 3.9448178423158646
889 3.755608405698885
890 4.093381587678655
891 3.5720051856844983
892 3.885783823880604
893 3.842515507964072
894 3.878278660568619
895 3.9974856115120585
896 3.871946799251098
897 3.4673906571285595
898 3.7632817668255085
899 3.901676158191231
900 3.5729774056413244
901 3.416401580135086
902 2.9292519616547072
903 3.956426936773429
904 3.9402834630415287
905 3.47341277749278
906 4.038268516703412
907 4.442934356864172
908 3.4619144650380473
909 3.9875232205856617
910 4.2021348753151715
911 3.5838960360660326
912 3.9813144841597814
913 3.7379565767213476
914 3.799291979370322
915 3.9974140164884595
916 3.9546665689208544
917 3.711292118454441
918 3.393644927346287
919 3.1788059684020413
920 4.041597558439338
921 4.202772557779295
922 3.7656530584252783
923 3.564790080061247
924 3.066720426640157
925 3.835693156891483
926 4.08798142737366
927 4.057513596511122
928 3.6904968849436544
929 3.882142525431646
930 3.4783908989462415
931 3.720023961895791
932 3.8059564885411636
933 4.194327654258726
934 3.7470017031755583
935 4.01756718026174
936 3.2746635861722995
937 3.492786495277317
938 3.6821963141186536
939 3.896996669689416
940 3.7780830346197822
941 3.4636268025285344
942 4.015832538295865
943 3.070668025280532
944 3.4917639736419703
945 3.7842679842761875
946 4.016846464952071
947 3.511909487053901
948 3.5918343973461613
949 3.7018053777555098
950 4.351642981211323
951 4.1872338802847135
952 4.038910923568512
953 3.444660987867738
954 4.642871627071101
955 4.063591521704301
956 3.540749285376139
957 3.853808804659022
958 4.052255308014564
959 3.8161837148673285
960 4.297827987946707
961 4.292132866314416
962 3.3857661262430843
963 4.081782512564155
964 4.1452087673986835
965 3.19957274665538
966 3.4881383658462797
967 4.016392329698995
968 4.0961988535191844
969 3.71354270519064
970 3.6080750495238716
971 3.8656889069431477
972 3.6044527180294135
973 3.8084775945566696
974 3.8272780346991686
975 4.318397154364564
976 4.194731658500107
977 3.7486133837405187
978 3.583915119390578
979 3.38601866800617
980 4.320724208812025
981 4.285428515873089
982 3.6436594788267898
983 3.3577324495858307
984 3.979637762187669
985 3.6442619267810383
986 3.6990839766995465
987 4.325558848524283
988 4.062399405225811
989 3.4696719260766984
990 4.04861272613538
991 3.6147437941688154
992 3.6763125548369464
993 3.9317415640552635
994 4.068543016942216
995 4.070151349647636
996 3.946633583919709
997 3.7902304517090806
998 3.8156833888721837
999 3.835448346614207
1000 3.929676974642331
