1 4.416066710914959
2 4.856672438181346
3 4.274270319992055
4 3.2023456452211407
5 2.7071800546406504
6 2.4986904059343074
7 2.552074687295532
8 1.9672640751390873
9 2.809808978137799
10 2.252172456387617
11 2.179012670866583
12 2.857228194326601
13 1.8219494113525498
14 1.8895274543377427
15 2.295550412405715
16 1.6992347384751105
17 1.8896970114497555
18 1.7422972741433569
19 2.9263145048888477
20 1.324529085991997
21 2.590381960758585
22 2.26667474127611
23 2.0668095108665065
24 2.128501313019969
25 2.4367431053904363
26 2.1225815567218627
27 2.682150369544433
28 2.384806523960954
29 2.2821006942316044
30 2.676210122061252
31 1.1465268475149417
32 1.9065731580995526
33 3.4649803735713043
34 2.0663478878311476
35 2.4158104220703143
36 1.4923941906314198
37 1.0186749735383775
38 2.9049413441963803
39 3.0398787201994795
40 1.9404797797532911
41 1.8605365507258784
42 2.6511252006239943
43 1.9593237855879402
44 1.2557457757024593
45 1.568290019845771
46 2.4075298614644125
47 2.0564708050399374
48 2.2148321245386793
49 2.3821373993490256
50 0.9738687180438882
51 2.6219662242142237
52 1.4619638533065962
53 2.1500420750015565
54 1.1095022973195001
55 1.8623017626153304
56 1.4953961590037357
57 2.982450331816728
58 1.6958012688387347
59 1.4326886676207196
60 2.790517094706468
61 1.2832848640932448
62 2.016738368353724
63 1.5643850375926898
64 0.7281428777457024
65 1.23527031150631
66 1.59750000708257
67 1.7142221723008004
68 1.932981045084116
69 2.3194636478447253
70 1.6344155764245267
71 2.13328831036153
72 2.262804516288658
73 1.293754830199647
74 2.3593755286605176
75 1.6082857964763448
76 0.8612711241301355
77 1.7213473269556245
78 1.9862622765440106
79 1.5026950498823277
80 2.2946144176761596
81 2.440224233537443
82 1.6920939435208242
83 2.1582040056971827
84 1.7556018874981043
85 1.8668820289212271
86 1.6967967711976109
87 0.9597645376934331
88 2.126772566248412
89 2.003633669307415
90 1.5310226187655778
91 1.6850939470611064
92 2.4225772477776104
93 2.5092960006210676
94 2.2410504378414275
95 1.9176138432574092
96 1.310957435300103
97 1.8272150487468313
98 1.8354054925250067
99 1.5299233982602976
100 2.3896318300685127
101 1.1837063309448874
102 2.195232882030335
103 2.688296326451145
104 1.6416306244243941
105 0.7628335508785332
106 2.7812817947438897
107 1.2274330943827294
108 1.79943607597372
109 1.9340476862700917
110 1.8710759240396222
111 1.706653069788699
112 2.215031970640099
113 2.382986890445867
114 2.3093835023242404
115 2.372657610862891
116 1.2550074613294233
117 2.205396795746394
118 2.011093674482412
119 0.6744687249985105
120 1.069272509976467
121 1.4948483817103206
122 1.8969630387864
123 1.8760214666367572
124 1.8467725135345268
125 2.0171166160406657
126 1.5291725442054784
127 2.782244952482308
128 0.9868784214926499
129 2.2895344236901236
130 2.464600011715896
131 1.3726831111840048
132 1.378439104974308
133 2.780448371873502
134 2.780546417137281
135 3.099460335335379
136 2.6097832201654496
137 0.9668078570751695
138 2.269518093386691
139 1.464268007936067
140 1.9040495769764567
141 1.94952781551086
142 2.3288323382186458
143 2.151440359367363
144 1.6753011338586583
145 1.7494907859749227
146 0.9212521288236972
147 1.9190419003488655
148 1.7181929387272832
149 1.5062331438531011
150 1.2067887686606174
151 2.065256361423971
152 2.1004554203262704
153 1.2100857437079766
154 2.870824289521187
155 2.166843838090636
156 1.57444388053871
157 2.3355107945877265
158 2.788132258473629
159 2.309894359981689
160 2.2493950857925684
161 1.3351198305197662
162 1.4018806816475444
163 1.726945130724796
164 2.0750892666506062
165 1.946463885527536
166 2.237150867857799
167 1.8717957374972694
168 1.5890708682548584
169 2.768227063290974
170 2.4778535573262985
171 2.2788261064700466
172 2.0514916043574716
173 2.0255827405146345
174 1.8205992695862465
175 1.64159737901479
176 1.8450019784367135
177 2.4015515612450695
178 1.3182439102896228
179 1.9787285062095583
180 2.7292319208950504
181 1.3927397076294907
182 1.9557001215455927
183 1.393157272176083
184 1.6918560350695513
185 1.669833477315863
186 1.6650811561336054
187 0.7162650508447002
188 2.121872023211312
189 1.4936123901992509
190 1.190633328667843
191 2.235354589834565
192 2.252660910434058
193 1.5129994518477752
194 1.500072775983266
195 2.1830960581460217
196 1.6498755153259501
197 1.3708506629630202
198 1.7534421295988534
199 1.8767146864507511
200 1.392671765175297
201 1.2280487725280345
202 2.35213416455382
203 1.4913779564531031
204 2.7372621054864066
205 3.437511974009431
206 2.369726579911461
207 1.6820854342289457
208 2.3038534544515596
209 2.6440042484013606
210 2.4102836739665796
211 1.654554694311432
212 2.913605009205763
213 2.1641285364338003
214 1.1562897360537052
215 1.3021178278969612
216 2.3307132725733983
217 1.4617349798619785
218 2.296343587301368
219 1.8625893250135725
220 2.0671657971235873
221 1.8880815796218022
222 1.9453770532463626
223 1.529801937819959
224 1.329502512410887
225 2.2945024849966797
226 1.0657469270808018
227 2.3652263821722768
228 1.9883641169623587
229 1.8173209599855122
230 1.7056217605791404
231 2.479829420750989
232 2.3812963077706395
233 0.7922260763458556
234 1.0816847283665554
235 1.6815288168821163
236 1.196915935553401
237 1.5637245534735373
238 3.290701267741227
239 1.4228883113462123
240 1.5034672696885816
241 2.1241095501418124
242 1.8452927657534073
243 2.324618351496346
244 1.9510064932686229
245 2.5328858754022674
246 2.3214167214376427
247 3.220425844749167
248 1.9294901039831165
249 2.351479647479179
250 1.9221583017058277
251 1.3489050420423907
252 1.4083476821068723
253 1.8961521720161951
254 1.7134251526393391
255 2.0108061158310586
256 1.7756935540589485
257 2.092713123298748
258 1.6746529487938586
259 1.9586483844945832
260 1.7052316766571658
261 1.4593658381976473
262 1.0988498924299726
263 2.0217656766756344
264 2.6363667606300867
265 2.6057455927186557
266 2.1018295164158864
267 2.327619851792921
268 2.0513033512458114
269 1.4381993460819353
270 1.2648027957916381
271 1.646322049754496
272 2.104503448945287
273 2.00819744210964
274 1.9133644330684731
275 1.2981410583724986
276 2.487603925149733
277 2.6848985086777337
278 2.132368295823039
279 3.031922279305408
280 2.0000029775538004
281 0.794750483579988
282 1.5733842462976368
283 1.9351461864936579
284 2.2082353925544917
285 2.5365755720600687
286 2.134050584807797
287 1.0628461735041186
288 1.3700034114085733
289 1.3906302870997878
290 1.9060057021344519
291 1.6849128567733767
292 2.339487614331322
293 1.5713517124145546
294 2.526497792942238
295 2.4929224723949934
296 2.4208318838981215
297 1.3373661925496192
298 2.238612181934595
299 1.7729174702905361
300 0.5481790273439217
301 1.2674960205211387
302 1.3232170606200435
303 2.5011010129929865
304 2.283896705009624
305 2.0702010030174667
306 0.5480992454798208
307 2.229037159043675
308 2.3114963922878515
309 3.07718047175236
310 1.3165893255979575
311 1.0863426997133365
312 2.465984917825842
313 2.5558654150138427
314 1.8889918255780231
315 2.719220278941513
316 2.984357752969376
317 1.7071241926702052
318 1.1560965158318084
319 1.9144936128800714
320 0.9673203749759316
321 2.340818556622304
322 1.8175726113354744
323 1.8499022342296074
324 1.5057711788901498
325 1.6788140492579446
326 2.9097468110659075
327 1.8887846462340554
328 1.9572851293907787
329 1.9032219471588114
330 2.441506257216932
331 1.910881838124388
332 2.845839114855073
333 1.6889317218376545
334 1.537449306057996
335 2.3589737471284242
336 1.7361346256991839
337 1.8003167850588442
338 2.2962876656680082
339 1.0295533251731612
340 1.716855311925549
341 1.3495620072249443
342 2.233902995349673
343 1.7438334910407942
344 2.244602425640142
345 2.2108636926565723
346 1.5607864574941295
347 0.7953651535346821
348 1.419283654648984
349 1.723974469711686
350 1.5254153926136187
351 1.5023072157395367
352 2.6137452404085217
353 2.2165690380367606
354 1.9129975178535015
355 1.0842428285435008
356 1.8156915979689845
357 2.3013713039304022
358 2.1113835942926054
359 1.3093671056170066
360 2.047352171615639
361 1.8229166940802555
362 1.4090664332424074
363 1.3004996705223464
364 2.1147416992184005
365 2.761787268868872
366 0.5797120625853655
367 1.7087156802775285
368 1.954265081773471
369 1.953429917610084
370 1.7315724826237149
371 1.2288229376114659
372 2.509654099227698
373 1.2831311190974422
374 1.896784728864946
375 1.1769382908120927
376 2.551384981980703
377 1.6883780803342694
378 2.759747788353289
379 1.8740476957250158
380 1.2176425912229611
381 1.2177490023930695
382 2.3711657839989884
383 2.1931446142589537
384 1.9933575026376613
385 2.1389460493570014
386 1.4795481852657386
387 2.2522900611732144
388 2.2280007720815282
389 1.3470229747609013
390 1.3603578035965525
391 1.6245081071293472
392 1.9209428276035379
393 1.5812676725689594
394 1.844389374408285
395 2.1312777754446968
396 3.3053760348695516
397 1.6673131437638526
398 1.3976430234131183
399 2.057274306796363
400 1.2388770155963136
401 1.1585770042987498
402 1.435984042647052
403 2.010672928626534
404 1.3525747854581314
405 1.81539324165243
406 1.5655863203560654
407 1.377608379192198
408 1.2565002601430617
409 1.5736106195397384
410 0.9174192045937258
411 1.2158734557025281
412 2.9890287591478564
413 1.9045964429399513
414 2.6386847341528736
415 1.136538846159311
416 2.5300076266040925
417 2.3969062387367432
418 1.4714241312501724
419 1.7968374557405877
420 1.9950823536788542
421 2.92613459861599
422 1.8023183647705425
423 2.548817931894074
424 1.1223806950089608
425 1.8861328331024878
426 1.9185382240931037
427 1.4239188911712588
428 1.4501616465062381
429 1.3185100048787377
430 1.5150653212865848
431 1.9410550943204095
432 2.2038258349523816
433 1.6627814411767798
434 1.7649486932903584
435 1.8761401847259007
436 2.8591111180468602
437 2.3019772541350134
438 2.318612572544384
439 2.5442485556477936
440 2.237899445812322
441 1.7501117826914427
442 3.8410059666023066
443 1.4594889445597317
444 3.2048153685385796
445 2.735994061267042
446 1.531605156531103
447 1.5962762756944346
448 1.9554613666454312
449 1.7814674718861525
450 1.623427229838224
451 1.0040963044580078
452 1.3558912441273014
453 2.349981456730087
454 1.7539412852050678
455 2.2547253797891424
456 1.2742370743061242
457 0.7331834395644428
458 2.578809598327449
459 1.6856609928385264
460 2.2495364768151673
461 1.7328429801220802
462 1.0598418310942692
463 1.768142499723124
464 1.6368227176805012
465 2.1445169658652428
466 2.0559624846120044
467 1.9545999171342316
468 1.6150939427452622
469 1.8649296519394543
470 1.9893153296184027
471 1.2375461016904672
472 1.40181334923708
473 1.7377813704717324
474 2.180894200515402
475 1.9568175276111577
476 2.0337366902028196
477 1.5240867296483414
478 1.6359671793706996
479 1.5596488474533243
480 1.1980029787985038
481 2.528377019545411
482 1.8330958953621206
483 1.670757242898903
484 2.0094069926028317
485 1.4413255459208025
486 2.7593599540032643
487 1.56133785321435
488 1.8939455215780645
489 2.0005011583454437
490 1.5506158338624845
491 2.447536351060921
492 1.590981007643523
493 1.2365059611407467
494 1.584788204235696
495 2.365389685415067
496 1.9548812113343268
497 2.2457464022701616
498 1.6273877866658508
499 2.1673579279254067
500 1.5742249661872947
501 0.9754536054448869
502 1.8374643547445226
503 0.3809043554078958
504 1.7462652232759333
505 2.669810428694832
506 2.2924586753389713
507 1.5350781558505955
508 1.3501924650038353
509 2.1305448754974883
510 1.5932561237529783
511 1.4487743150705115
512 2.179723114191126
513 1.1348356422861463
514 0.45594976760060346
515 1.7751051285736663
516 2.1140958670678645
517 1.7563360795191192
518 1.6930969106943519
519 2.1206401453489248
520 1.590768702579935
521 3.1354971179952758
522 2.100950387859878
523 3.1837056911849526
524 2.354174490961698
525 2.9586918366206953
526 1.6829471738860393
527 1.1252053958116643
528 2.547148548728092
529 1.6681356528235682
530 1.9144481458522336
531 1.8033725829180423
532 2.34902738648339
533 1.601903122109645
534 1.5342823621839765
535 2.126264719748241
536 1.385656623031689
537 1.4050767218480922
538 1.4788616458344048
539 1.1210547959084511
540 2.1837013220700485
541 2.098172179049209
542 1.677984822972849
543 1.5663760014172212
544 2.530231196691369
545 2.4750331837262713
546 2.6498126714768038
547 2.0769008075344337
548 1.8199181636011283
549 3.171976427251874
550 1.2510463401551069
551 1.9645170842628423
552 2.5824793835973043
553 1.56209247005008
554 1.4363234939879865
555 2.046450512030053
556 1.0688001315976905
557 2.193273394834461
558 2.060581109525138
559 1.7475609870961535
560 2.0169207706662426
561 1.653970499152567
562 2.513583835835175
563 2.4691769071918284
564 2.0675890406392643
565 2.142296826110186
566 2.210981210427519
567 2.5395088673780917
568 2.1050299404030586
569 1.5011396930377234
570 1.5465938133793826
571 1.2413438309652474
572 1.4544621443532426
573 1.698630121272478
574 2.6565250512477645
575 2.091184456069336
576 2.1037006768635886
577 2.631748580814941
578 2.7425191079059226
579 1.9322524928041702
580 1.781127098935258
581 1.5297373170703974
582 1.423877842465436
583 1.4997103549739979
584 2.024596199038096
585 2.2954058650142297
586 1.0105489204282754
587 2.329055585789018
588 2.025065988710041
589 1.9330241038707254
590 1.3775930629548048
591 1.5206023714744576
592 2.4513633446660084
593 3.239100105128553
594 1.890554631835701
595 1.836279137442933
596 1.1114668111289747
597 1.5376528673071042
598 1.7711789362191588
599 1.5317166253481416
600 1.3822292484423762
601 1.9504896039915354
602 1.611863679981503
603 1.1782536516991586
604 1.631293870574188
605 2.3292277384326154
606 2.458682131833458
607 1.5019285894196808
608 1.1841765383983003
609 2.353347315309862
610 1.8981601085044568
611 1.9274054995756915
612 1.2408430770782122
613 2.2539462728600648
614 2.1782858590024277
615 2.2551386144044945
616 1.6526203660837868
617 1.7107685081472124
618 2.020538814590771
619 1.105164299813566
620 1.9774838027949797
621 1.8689170574680183
622 2.9732354499884197
623 1.202438923293741
624 1.7875177409926848
625 1.040559410748502
626 1.5423028633425275
627 1.3302405609175052
628 2.067467037802372
629 2.249881520524332
630 2.3372069994585827
631 2.3844253157159896
632 1.3756076578166512
633 1.418739297042479
634 1.5597162761781798
635 1.595534831468205
636 2.1466010502105566
637 1.5782731081105887
638 0.9091401221283303
639 1.554617070720664
640 1.8774738212453734
641 1.9993512680764776
642 2.4293524231674866
643 1.281410936868321
644 2.440055327814633
645 1.6063428639264599
646 2.2983364849075048
647 2.2101329715348585
648 3.435366760606424
649 2.1845132667089784
650 2.3676344427316183
651 1.6093124449995821
652 1.5903369984654199
653 0.7765175692792049
654 1.4660544714425927
655 1.4065070745213968
656 3.2981918764787292
657 2.829904767144738
658 2.454024588004666
659 1.1491958392116062
660 1.526043460378989
661 1.7125996359465416
662 2.0883564383484923
663 2.384153478484087
664 2.0122205887424798
665 1.732243959614801
666 2.5449173306892057
667 2.292335872229907
668 1.6135726498252638
669 2.93928303791498
670 2.2586511180719846
671 2.683331858257426
672 1.5150049068139824
673 1.7091283919466438
674 1.2065468181042578
675 1.2214711526347886
676 2.802624275795889
677 1.8426210374905267
678 0.7906161000892825
679 1.1428724580412644
680 2.7691174770881646
681 2.31335251621672
682 2.0187435096807285
683 1.9258114135330384
684 1.8576852545586677
685 2.0016772423677525
686 2.0927825782020877
687 1.3584710887726599
688 2.416058040983571
689 1.1658166196943691
690 2.3972640790923165
691 2.014551663181182
692 1.6990881638578015
693 1.3793939860449935
694 2.148340185445962
695 1.5697980453489486
696 1.3462289792814892
697 2.4133359820856763
698 2.102772386063215
699 1.7723971713903692
700 1.739385855886801
701 2.120059110716115
702 1.1603010038115034
703 2.2507650422756917
704 2.4600745375318773
705 2.3466237874949987
706 1.0274318355104755
707 1.3551001535243463
708 2.147713591204823
709 2.276455032186468
710 1.7115304482632294
711 1.935952552239601
712 1.6541061465393971
713 2.4436979341674867
714 2.252873903490861
715 1.816683695309437
716 1.3892777081503778
717 1.4125590373026033
718 2.5952979632748656
719 2.590002319465533
720 1.6386126768692235
721 0.9072821140919497
722 1.7637223001467945
723 2.5473362837339217
724 2.983325109047907
725 1.2910607763460518
726 2.2202681126819765
727 1.9922281492731508
