1 -1.8492699530731294
2 -1.8492699530731294
3 -1.8492699530731294
4 -1.8492699530731294
5 -1.8492699530731294
6 -1.8492699530731294
7 -1.8492699530731294
8 -1.8492699530731294
9 -1.8492699530731294
10 -1.8492699530731294
11 -1.8492699530731294
12 -1.8492699530731294
13 -1.8492699530731294
14 -1.8492699530731294
15 -1.8492699530731294
16 -1.8492699530731294
17 -1.8492699530731294
18 -1.8492699530731294
19 -1.8492699530731294
20 -1.8492699530731294
21 -1.8492699530731294
22 -1.8492699530731294
23 -1.8492699530731294
24 -1.8492699530731294
25 -1.8760473253541612
26 -1.8760473253541612
27 -1.8760473253541612
28 -1.9062266650129418
29 -1.9062266650129418
30 -1.9062266650129418
31 -1.9062266650129418
32 -1.9062266650129418
33 -1.9062266650129418
34 -1.9062266650129418
35 -1.9062266650129418
36 -1.9062266650129418
37 -1.9062266650129418
38 -1.9062266650129418
39 -1.9062266650129418
40 -1.9062266650129418
41 -1.9062266650129418
42 -1.9062266650129418
43 -1.9062266650129418
44 -1.9062266650129418
45 -1.9062266650129418
46 -1.9062266650129418
47 -1.9062266650129418
48 -1.9062266650129418
49 -1.9062266650129418
50 -1.9062266650129418
51 -1.9062266650129418
52 -1.9062266650129418
53 -1.9062266650129418
54 -1.9062266650129418
55 -1.9062266650129418
56 -1.9062266650129418
57 -1.9062266650129418
58 -1.9062266650129418
59 -1.9062266650129418
60 -1.9062266650129418
61 -1.9062266650129418
62 -1.9062266650129418
63 -1.9062266650129418
64 -1.9062266650129418
65 -1.9062266650129418
66 -1.9062266650129418
67 -1.9062266650129418
68 -1.9062266650129418
69 -1.9062266650129418
70 -1.9062266650129418
71 -1.9062266650129418
72 -1.9062266650129418
73 -1.9062266650129418
74 -1.9062266650129418
75 -1.9062266650129418
76 -1.9062266650129418
77 -1.9062266650129418
78 -1.9062266650129418
79 -1.9062266650129418
80 -1.9062266650129418
81 -1.9062266650129418
82 -1.9062266650129418
83 -1.9062266650129418
84 -1.9062266650129418
85 -1.9062266650129418
86 -1.9062266650129418
87 -1.9062266650129418
88 -1.9062266650129418
89 -1.9062266650129418
90 -1.9062266650129418
91 -1.9062266650129418
92 -1.9062266650129418
93 -1.9062266650129418
94 -1.9062266650129418
95 -1.9062266650129418
96 -1.9062266650129418
97 -1.9062266650129418
98 -1.9062266650129418
99 -1.9062266650129418
100 -1.9062266650129418
101 -1.9062266650129418
102 -1.9062266650129418
103 -1.9062266650129418
104 -1.9062266650129418
105 -1.9062266650129418
106 -1.9062266650129418
107 -1.9062266650129418
108 -1.9062266650129418
109 -1.9062266650129418
110 -1.9062266650129418
111 -1.9062266650129418
112 -1.9062266650129418
113 -1.9062266650129418
114 -1.9062266650129418
115 -1.9062266650129418
116 -1.9062266650129418
117 -1.9062266650129418
118 -1.9062266650129418
119 -1.9062266650129418
120 -1.9062266650129418
121 -1.9062266650129418
122 -1.9062266650129418
123 -1.9062266650129418
124 -1.9062266650129418
125 -1.9062266650129418
126 -1.9062266650129418
127 -1.9062266650129418
128 -1.9062266650129418
129 -1.9062266650129418
130 -1.9062266650129418
131 -1.906239293793285
132 -1.906239293793285
133 -1.906239293793285
134 -1.906239293793285
135 -1.906239293793285
136 -1.906239293793285
137 -1.906239293793285
138 -1.906239293793285
139 -1.906239293793285
140 -1.906239293793285
141 -1.906239293793285
142 -1.906239293793285
143 -1.906239293793285
144 -1.906239293793285
145 -1.906239293793285
146 -1.906239293793285
147 -1.906239293793285
148 -1.906239293793285
149 -1.906239293793285
150 -1.906239293793285
151 -1.906239293793285
152 -1.906239293793285
153 -1.9062417954050113
154 -1.9062417954050113
155 -1.9062417954050113
156 -1.906442444906851
157 -1.906442444906851
158 -1.906442444906851
159 -1.906442444906851
160 -1.906442444906851
161 -1.906442444906851
162 -1.906442444906851
163 -1.906442444906851
164 -1.906442444906851
165 -1.906442444906851
166 -1.906442444906851
167 -1.906442444906851
168 -1.906442444906851
169 -1.906442444906851
170 -1.906442444906851
171 -1.906442444906851
172 -1.906442444906851
173 -1.906442444906851
174 -1.906442444906851
175 -1.906442444906851
176 -1.906442444906851
177 -1.906442444906851
178 -1.906442444906851
179 -1.906442444906851
180 -1.906442444906851
181 -1.9064429940901606
182 -1.9064481238309368
183 -1.9064833670253352
184 -1.9065065958534024
185 -1.9065065958534024
186 -1.9065065958534024
187 -1.9065065958534024
188 -1.9065065958534024
189 -1.9065065958534024
190 -1.9065065958534024
191 -1.9065065958534024
192 -1.9065065958534024
193 -1.9065065958534024
194 -1.9065065958534024
195 -1.9065065958534024
196 -1.9065065958534024
197 -1.9065065958534024
198 -1.9065065958534024
199 -1.9065065958534024
200 -1.9065065958534024
201 -1.9065065958534024
202 -1.9065065958534024
203 -1.9065065958534024
204 -1.9065065958534024
205 -1.9065065958534024
206 -1.9065065958534024
207 -1.9065065958534024
208 -1.9065065958534024
209 -1.9065065958534024
210 -1.9065065958534024
211 -1.9065065958534024
212 -1.9065065958534024
213 -1.9065065958534024
214 -1.9065065958534024
215 -1.9065065958534024
216 -1.9065065958534024
217 -1.9065065958534024
218 -1.9065065958534024
219 -1.9065065958534024
220 -1.9065111123456453
221 -1.9065111123456453
222 -1.9065111123456453
223 -1.9065243471085775
224 -1.9065243471085775
225 -1.9065243471085775
226 -1.9065243471085775
227 -1.9065355992674378
228 -1.9065355992674378
229 -1.9065355992674378
230 -1.9065355992674378
231 -1.9065406283387518
232 -1.9065406283387518
233 -1.9065406283387518
234 -1.9065459600776604
235 -1.9065483916925632
236 -1.9065483916925632
237 -1.9078825420245504
238 -1.9078825420245504
239 -1.9078825420245504
240 -1.9078825420245504
241 -1.9078825420245504
242 -1.9078825420245504
243 -1.9078825420245504
244 -1.9078825420245504
245 -1.9078825420245504
246 -1.9078825420245504
247 -1.9078825420245504
248 -1.9078825420245504
249 -1.9078825420245504
250 -1.9078825420245504
251 -1.9078825420245504
252 -1.9078825420245504
253 -1.9078825420245504
254 -1.9078825420245504
255 -1.9078825420245504
256 -1.9078825420245504
257 -1.9078825420245504
258 -1.9078825420245504
259 -1.9078825420245504
260 -1.9078825420245504
261 -1.9078825420245504
262 -1.9078825420245504
263 -1.9078825420245504
264 -1.9078825420245504
265 -1.9078825420245504
266 -1.9078825420245504
267 -1.9078825420245504
268 -1.9078825420245504
269 -1.9078825420245504
270 -1.9078825420245504
271 -1.9078825420245504
272 -1.9078825420245504
273 -1.9078825420245504
274 -1.9078825420245504
275 -1.9078825420245504
276 -1.9078825420245504
277 -1.9078825420245504
278 -1.9078825420245504
279 -1.9078825420245504
280 -1.9078825420245504
281 -1.9078825420245504
282 -1.9078825420245504
283 -1.9078825420245504
284 -1.9078825420245504
285 -1.9078825420245504
286 -1.9078825420245504
287 -1.9078825420245504
288 -1.9078825420245504
289 -1.9078825420245504
290 -1.9078825420245504
291 -1.9078825420245504
292 -1.9078825420245504
293 -1.9078825420245504
294 -1.9078825420245504
295 -1.9078825420245504
296 -1.9078825420245504
297 -1.9078825420245504
298 -1.9078825420245504
299 -1.9078825420245504
300 -1.9078825420245504
301 -1.9078825420245504
302 -1.9078825420245504
303 -1.9078825420245504
304 -1.9078825420245504
305 -1.9078825420245504
306 -1.9078825420245504
307 -1.9078825420245504
308 -1.9078825420245504
309 -1.9078825420245504
310 -1.9078825420245504
311 -1.9078825420245504
312 -1.9078825420245504
313 -1.9078825420245504
314 -1.9078825420245504
315 -1.9078825420245504
316 -1.9078825420245504
317 -1.9078825420245504
318 -1.9078825420245504
319 -1.9078825420245504
320 -1.9078825420245504
321 -1.9078825420245504
322 -1.9078825420245504
323 -1.9078825420245504
324 -1.9078825420245504
325 -1.9078825420245504
326 -1.9078825420245504
327 -1.9078825420245504
328 -1.9078825420245504
329 -1.9078825420245504
330 -1.9078825420245504
331 -1.9078825420245504
332 -1.9078825420245504
333 -1.9078825420245504
334 -1.9078825420245504
335 -1.9078825420245504
336 -1.9078825420245504
337 -1.9078825420245504
338 -1.9078825420245504
339 -1.9078825420245504
340 -1.9078825420245504
341 -1.9078825420245504
342 -1.9078825420245504
343 -1.9078825420245504
344 -1.9078825420245504
345 -1.9078825420245504
346 -1.9078825420245504
347 -1.9078825420245504
348 -1.9078825420245504
349 -1.9078825420245504
350 -1.9078825420245504
351 -1.9078825420245504
352 -1.9078825420245504
353 -1.9078825420245504
354 -1.9078825420245504
355 -1.9125375157141526
356 -1.9125375157141526
357 -1.9125375157141526
358 -1.9125375157141526
359 -1.9125375157141526
360 -1.9125375157141526
361 -1.9125375157141526
362 -1.9125375157141526
363 -1.9125375157141526
364 -1.9125375157141526
365 -1.9125375157141526
366 -1.9125375157141526
367 -1.9125375157141526
368 -1.9125375157141526
369 -1.9125375157141526
370 -1.9125375157141526
371 -1.9125375157141526
372 -1.9125375157141526
373 -1.9125375157141526
374 -1.9125375157141526
375 -1.9125375157141526
376 -1.9125375157141526
377 -1.9125375157141526
378 -1.9125375157141526
379 -1.9125375157141526
380 -1.9125375157141526
381 -1.9125375157141526
382 -1.9125375157141526
383 -1.9125375157141526
384 -1.9125375157141526
385 -1.9125375157141526
386 -1.9125375157141526
387 -1.9125375157141526
388 -1.9125375157141526
389 -1.9125375157141526
390 -1.9125375157141526
391 -1.9125375157141526
392 -1.9125375157141526
393 -1.9125375157141526
394 -1.9125375157141526
395 -1.9125375157141526
396 -1.9125375157141526
397 -1.9125375157141526
398 -1.9125375157141526
399 -1.9125375157141526
400 -1.9125375157141526
401 -1.9125375157141526
402 -1.9125375157141526
403 -1.9125375157141526
404 -1.9125375157141526
405 -1.9125375157141526
406 -1.9125375157141526
407 -1.9125375157141526
408 -1.9125375157141526
409 -1.9125375157141526
410 -1.9125375157141526
411 -1.9125375157141526
412 -1.9125375157141526
413 -1.9125375157141526
414 -1.9125375157141526
415 -1.9125375157141526
416 -1.9125375157141526
417 -1.9125375157141526
418 -1.9125375157141526
419 -1.9125375157141526
420 -1.9125375157141526
421 -1.9125375157141526
422 -1.9125375157141526
423 -1.9125375157141526
424 -1.9125375157141526
425 -1.9125375157141526
426 -1.9125375157141526
427 -1.9125375157141526
428 -1.9125375157141526
429 -1.9125375157141526
430 -1.9125375157141526
431 -1.9125375157141526
432 -1.9125375157141526
433 -1.9125375157141526
434 -1.9125375157141526
435 -1.9125375157141526
436 -1.9125375157141526
437 -1.9125375157141526
438 -1.9125375157141526
439 -1.9125375157141526
440 -1.9125375157141526
441 -1.9125375157141526
442 -1.9125375157141526
443 -1.9125375157141526
444 -1.9125375157141526
445 -1.9125375157141526
446 -1.9125375157141526
447 -1.9125375157141526
448 -1.9125375157141526
449 -1.9125375157141526
450 -1.9125375157141526
451 -1.9125375157141526
452 -1.9125375157141526
453 -1.9125375157141526
454 -1.9125375157141526
455 -1.9125375157141526
456 -1.9125375157141526
457 -1.9125375157141526
458 -1.9125375157141526
459 -1.9125375157141526
460 -1.9125375157141526
461 -1.9125375157141526
462 -1.9125375157141526
463 -1.9125375157141526
464 -1.9125375157141526
465 -1.9125375157141526
466 -1.9125375157141526
467 -1.9125375157141526
468 -1.9125375157141526
469 -1.9125375157141526
470 -1.9125375157141526
471 -1.9125375157141526
472 -1.9125375157141526
473 -1.9125375157141526
474 -1.9125375157141526
475 -1.9125375157141526
476 -1.9125375157141526
477 -1.9125375157141526
478 -1.9125375157141526
479 -1.9125375157141526
480 -1.9125375157141526
481 -1.9125375157141526
482 -1.9125375157141526
483 -1.9125375157141526
484 -1.9125375157141526
485 -1.9125375157141526
486 -1.9125375157141526
487 -1.9125375157141526
488 -1.9125375157141526
489 -1.9125375157141526
490 -1.9125375157141526
491 -1.9125375157141526
492 -1.9125375157141526
493 -1.9125375157141526
494 -1.9125375157141526
495 -1.9125375157141526
496 -1.9125375157141526
497 -1.9125375157141526
498 -1.9125375157141526
499 -1.9125375157141526
500 -1.9125375157141526
501 -1.9125375157141526
502 -1.9125375157141526
503 -1.9125375157141526
504 -1.9125375157141526
505 -1.9125375157141526
506 -1.9125375157141526
507 -1.9125375157141526
508 -1.9125375157141526
509 -1.9125375157141526
510 -1.9125375157141526
511 -1.9125375157141526
512 -1.9125375157141526
513 -1.9125375157141526
514 -1.9125375157141526
515 -1.9125375157141526
516 -1.9125375157141526
517 -1.9125375157141526
518 -1.9125375157141526
519 -1.9125375157141526
520 -1.9125375157141526
521 -1.9125375157141526
522 -1.9125375157141526
523 -1.9125375157141526
524 -1.9125375157141526
525 -1.9125375157141526
526 -1.9125375157141526
527 -1.9125375157141526
528 -1.9125375157141526
529 -1.9125375157141526
530 -1.9125375157141526
531 -1.9125375157141526
532 -1.9125375157141526
533 -1.9125375157141526
534 -1.9125375157141526
535 -1.9125375157141526
536 -1.9125375157141526
537 -1.9125375157141526
538 -1.9125375157141526
539 -1.9125375157141526
540 -1.9125375157141526
541 -1.9125375157141526
542 -1.9125375157141526
543 -1.9125375157141526
544 -1.9125375157141526
545 -1.9125375157141526
546 -1.9125375157141526
547 -1.9125375157141526
548 -1.9125375157141526
549 -1.9125375157141526
550 -1.9125375157141526
551 -1.9125375157141526
552 -1.9125375157141526
553 -1.9125375157141526
554 -1.9125375157141526
555 -1.9125375157141526
556 -1.9125375157141526
557 -1.9125375157141526
558 -1.9125375157141526
559 -1.9125375157141526
560 -1.9125375157141526
561 -1.9125375157141526
562 -1.9125375157141526
563 -1.9125375157141526
564 -1.9125375157141526
565 -1.9125375157141526
566 -1.9125375157141526
567 -1.9125375157141526
568 -1.9125375157141526
569 -1.9125375157141526
570 -1.9125375157141526
571 -1.9125375157141526
572 -1.9125375157141526
573 -1.9125375157141526
574 -1.9125375157141526
575 -1.9125375157141526
576 -1.9125375157141526
577 -1.9125375157141526
578 -1.9125375157141526
579 -1.9125375157141526
580 -1.9125375157141526
581 -1.9129512949876526
582 -1.9129512949876526
583 -1.9129512949876526
584 -1.9129512949876526
585 -1.9129512949876526
586 -1.9129512949876526
587 -1.9129512949876526
588 -1.9129512949876526
589 -1.9129512949876526
590 -1.9129512949876526
591 -1.9129512949876526
592 -1.9129512949876526
593 -1.9129512949876526
594 -1.9129512949876526
595 -1.9129512949876526
596 -1.9129512949876526
597 -1.9129512949876526
598 -1.9129512949876526
599 -1.9129512949876526
600 -1.9129512949876526
601 -1.9129512949876526
602 -1.9129512949876526
603 -1.9129512949876526
604 -1.9129512949876526
605 -1.9129512949876526
606 -1.9129512949876526
607 -1.9129512949876526
608 -1.9129512949876526
609 -1.9129512949876526
610 -1.9129512949876526
611 -1.9129512949876526
612 -1.9129512949876526
613 -1.9129512949876526
614 -1.9129512949876526
615 -1.9129512949876526
616 -1.9129512949876526
617 -1.9129512949876526
618 -1.9129512949876526
619 -1.9129512949876526
620 -1.9129512949876526
621 -1.9129512949876526
622 -1.9129512949876526
623 -1.9129512949876526
624 -1.9129512949876526
625 -1.9129512949876526
626 -1.9129512949876526
627 -1.9129512949876526
628 -1.9129512949876526
629 -1.9129512949876526
630 -1.9129512949876526
631 -1.9129512949876526
632 -1.9129512949876526
633 -1.9129512949876526
634 -1.9129512949876526
635 -1.9129512949876526
636 -1.9129512949876526
637 -1.9129512949876526
638 -1.9129512949876526
639 -1.9129512949876526
640 -1.9129512949876526
641 -1.9129512949876526
642 -1.9129512949876526
643 -1.9129512949876526
644 -1.9129512949876526
645 -1.9129512949876526
646 -1.9129512949876526
647 -1.9129512949876526
648 -1.9129512949876526
649 -1.9129512949876526
650 -1.9129512949876526
651 -1.9129512949876526
652 -1.9129512949876526
653 -1.9129512949876526
654 -1.9129512949876526
655 -1.9129512949876526
656 -1.9129512949876526
657 -1.9129512949876526
658 -1.9129512949876526
659 -1.9129512949876526
660 -1.9129512949876526
661 -1.9129512949876526
662 -1.9129512949876526
663 -1.9129512949876526
664 -1.9129512949876526
665 -1.9129512949876526
666 -1.9129512949876526
667 -1.9129512949876526
668 -1.9129512949876526
669 -1.9129512949876526
670 -1.9129512949876526
671 -1.9129512949876526
672 -1.9129512949876526
673 -1.9129512949876526
674 -1.9129512949876526
675 -1.9129512949876526
676 -1.9129512949876526
677 -1.9129512949876526
678 -1.9129512949876526
679 -1.9129512949876526
680 -1.9129512949876526
681 -1.9129512949876526
682 -1.9129512949876526
683 -1.9129512949876526
684 -1.9129512949876526
685 -1.9129512949876526
686 -1.9129512949876526
687 -1.9129512949876526
688 -1.9129512949876526
