1 6.412776870814377
2 7.745544900729569
3 7.804963303226394
4 6.6163117612311995
5 5.415877834018627
6 6.244286100242824
7 7.049638601349803
8 5.127477375743731
9 6.704862268297629
10 6.02479640218945
11 5.6513971434654415
12 6.966543406315719
13 5.197525117074289
14 6.2071203748413035
15 6.796458899889065
16 5.541490732112422
17 6.6167797098633
18 5.997612078025074
19 7.729401688386251
20 5.383016562724877
21 7.15421761845653
22 6.283052095366064
23 6.559713939739131
24 6.551175206482541
25 7.3415225280534475
26 7.637714130235545
27 7.269197212731891
28 6.609929021968563
29 6.696131259398183
30 7.656215858352621
31 4.512546500608564
32 6.309778849391036
33 8.32095607047089
34 7.507510243740915
35 7.60486376143855
36 5.253803736495354
37 5.550635431869363
38 7.906389167781835
39 8.50370553467425
40 6.696841775207039
41 7.228504127525958
42 8.456994565932916
43 6.905190948626947
44 5.717295556535789
45 6.155010219344256
46 7.22973853247839
47 6.044237802682827
48 6.834149354078452
49 6.980299378107965
50 4.803129125708768
51 7.978982104390542
52 5.90854894010141
53 6.887852979981046
54 5.387697045173458
55 6.356140800517088
56 6.291240311315276
57 8.645332175763844
58 5.80950807499733
59 5.328175225903799
60 8.188833615408647
61 5.281228621838692
62 7.242431044956742
63 6.456632155443008
64 3.805542311205091
65 5.68254174599955
66 5.926197885416898
67 5.954883003777593
68 6.55910253835498
69 7.119633662420375
70 5.95454026027892
71 7.204486259583977
72 7.759551719432833
73 5.991491350543414
74 6.76755144434592
75 6.025153803119217
76 5.042050477983244
77 5.893890363283496
78 6.051034142093894
79 5.620890410743195
80 6.766994993481271
81 7.252299200346918
82 6.734388926771502
83 6.803770078972693
84 6.830087147303457
85 6.620451522957996
86 6.094612793677354
87 4.55587220363002
88 7.092797069748919
89 7.375472450898735
90 5.8994203127392
91 7.08467736861875
92 7.493427845527029
93 7.314117674687352
94 7.578564162358574
95 7.225905330590897
96 5.669574688897824
97 6.867353961129655
98 6.9775877280673475
99 5.885669340961032
100 7.413817801018648
101 5.132045063961862
102 7.111633226154469
103 7.776078916500171
104 6.321525987294961
105 4.615000058823351
106 7.888267872157609
107 5.355283054689576
108 6.3074849513466695
109 6.433308321177012
110 6.529778852896488
111 6.443020127902562
112 7.461710285826676
113 7.705576979855078
114 7.565719445337493
115 7.898173120591742
116 6.482829393576026
117 7.44247430119145
118 7.058832768786805
119 4.702418953500933
120 5.177499494455385
121 6.645590623400479
122 7.188875880423951
123 7.097708311805505
124 6.3487111857577005
125 7.261223507342094
126 6.317038279673072
127 7.884856387170825
128 5.551875271240619
129 7.246620615853169
130 7.148489316524678
131 6.324348425917804
132 6.145508160538594
133 7.700624729043921
134 7.915132337850639
135 8.926187323412746
136 7.553880109899126
137 5.30712372186212
138 7.365428978634115
139 6.0821440362425525
140 7.448511129352354
141 6.621083087064643
142 7.713549915634806
143 7.940710349717425
144 6.869682802811365
145 6.295072300639111
146 4.504998110066124
147 6.648801313034306
148 6.152634140797634
149 6.197670238306121
150 5.441980912145881
151 6.7884817790055445
152 7.314587486990019
153 5.9217510149415755
154 7.9761052436776225
155 6.906937688410375
156 6.699715285282129
157 8.407160876225355
158 8.340800989597751
159 7.288795161745272
160 8.604227802991058
161 6.066540674068928
162 6.31364951926167
163 6.577046122204601
164 7.1445730518228405
165 7.602924003073919
166 7.3544478704887535
167 7.329463177981654
168 5.80840891292587
169 7.398967566114412
170 8.009799801598747
171 7.114345246568321
172 6.0855238807519925
173 7.132134812598157
174 6.517262866941415
175 6.233634141405843
176 7.196477065795169
177 7.100480945666909
178 5.592125304487817
179 6.429976941645103
180 8.412921714446014
181 7.18286705770653
182 7.170492860443048
183 6.365250208499389
184 6.935583983784281
185 6.1681231401847905
186 6.147749748095244
187 4.859500976312856
188 7.891261291511686
189 5.954367477895001
190 5.7691241776864555
191 7.595407600810318
192 7.04785425819633
193 5.993448060904522
194 5.966431898644707
195 7.074165948606233
196 5.728925719262945
197 5.851772162496617
198 6.012859414734513
199 6.211838009377058
200 6.282585412237594
201 5.658162021744613
202 7.481290351191171
203 6.286010638213186
204 8.017853417251743
205 8.890264894384414
206 7.708621452595745
207 6.268253449605059
208 7.326436410810507
209 7.510546168630891
210 7.320704446859313
211 6.470190351539513
212 8.455182049322147
213 6.928590757772319
214 5.320197997669175
215 5.3604832622908765
216 7.7007917754566195
217 6.256832447793794
218 7.004052268095023
219 6.845807113103988
220 6.950563484219806
221 7.464718998944815
222 7.522447122448744
223 6.293850945712754
224 5.868418019933694
225 8.233446143397309
226 5.410064541015359
227 7.3444924220596794
228 7.327977356000178
229 6.579615951645104
230 6.874926601259548
231 7.9626405730492404
232 7.425379456645327
233 4.999059766146155
234 5.6023818112155155
235 6.216595568329006
236 5.468580706763354
237 6.17869066186716
238 9.425803134810485
239 5.935809277104465
240 5.946473067813422
241 7.498666158211305
242 6.465983195197995
243 7.427907314347033
244 7.832437121280571
245 8.4155694120451
246 7.491053389489557
247 9.022498718637156
248 6.55542771602506
249 7.756657392102558
250 7.752819371531655
251 6.05199457120302
252 5.490260636811989
253 7.068437124492257
254 6.2530430854135135
255 7.357324534874486
256 6.921943966051804
257 6.967233425321841
258 6.201906619616038
259 7.157449777720811
260 6.4592408367305305
261 7.117199402496254
262 5.396686038772642
263 6.793301830903212
264 7.6656628985079625
265 7.643488609825274
266 6.260910060858571
267 7.646498779290408
268 6.933187474538293
269 6.387819115267686
270 5.6124476240311365
271 7.012099639350562
272 6.82573360589955
273 7.799523862174419
274 7.099934220210103
275 5.766300516888725
276 7.984342391710103
277 7.865586735586843
278 7.342852359300817
279 8.855768574764713
280 7.126366283623065
281 4.318787221667046
282 6.250468223607415
283 6.578472138654902
284 7.8955165464055845
285 7.811251662956052
286 7.734073493849102
287 5.340613619041673
288 5.833595643414387
289 7.167480782874185
290 6.749690028896978
291 6.108424463624089
292 6.938665843476753
293 6.206873133526462
294 7.98142289069276
295 7.818489265673275
296 7.334049885920217
297 5.4600240537068965
298 7.234037156210717
299 6.698673029691484
300 4.171740563604348
301 5.217495670887521
302 6.1393176728998755
303 7.442075394957724
304 7.864613340979613
305 6.885928645881529
306 4.1429047177842255
307 7.621586901285983
308 7.244216998103129
309 8.368704060909524
310 6.562681140729513
311 5.2839018147508625
312 7.42946487805897
313 8.412945627315679
314 6.650755692851175
315 7.546580664306784
316 9.183261205165188
317 7.041086851511772
318 4.75416606303897
319 6.838438045996063
320 6.100976178214754
321 7.414514200322475
322 5.931844131479122
323 6.671911407420889
324 5.934922520696971
325 6.155387990990249
326 9.07278441630651
327 6.129747963870768
328 7.13144081676162
329 6.797768327823938
330 8.227327913515195
331 6.471136444415169
332 8.55270508588256
333 7.1395753528773005
334 5.99226155660074
335 7.87283431306208
336 7.1102130094168805
337 5.963089821696551
338 7.918906864482391
339 6.393318522628627
340 7.414627957906597
341 6.597247831338666
342 7.481418421223659
343 7.1969384904458
344 7.839263577287557
345 7.636101757066513
346 6.384709465391769
347 5.104709558284954
348 6.137760274758947
349 6.638652223167837
350 6.844633528820657
351 5.972985410132996
352 7.742526526192466
353 7.984478860389966
354 6.084120447333134
355 5.511406177720647
356 7.04343872058694
357 7.283177194683311
358 7.0785522861839345
359 5.479463575912368
360 7.080370069230731
361 6.247445180629706
362 6.075675749667009
363 5.920985030010536
364 8.029990183445971
365 7.878420356876208
366 4.3076255425384415
367 6.4048321555941214
368 6.397372742574875
369 7.721623834825066
370 6.8139112982864365
371 6.048481811705841
372 7.625814675470564
373 7.124707819900221
374 6.958310583246341
375 5.271279957128824
376 7.548783607331354
377 6.026195955582802
378 8.692751569371417
379 6.663694561005195
380 6.245639188565689
381 5.369875156327137
382 7.871292567567112
383 7.36291054685347
384 6.382178858500721
385 7.449160417802284
386 5.939881721589006
387 7.380180724625585
388 7.500088470970608
389 6.081355789723332
390 5.7803472232889455
391 5.882118387690302
392 6.8590857077881004
393 6.782292376994463
394 6.74255401347619
395 7.301269089264903
396 8.53914214390231
397 6.817368141621159
398 6.7625495659471735
399 6.946097804745506
400 5.824429828840833
401 5.639048546576116
402 6.389916275507824
403 6.589619262096402
404 5.283420173095087
405 6.981429880145661
406 5.7234320169445025
407 5.372588386720182
408 6.154113000380407
409 6.155843728259681
410 4.6615693421579385
411 6.020078107661382
412 8.635824533741916
413 7.255505799783821
414 7.473749448678358
415 5.600896285606386
416 7.796957344524208
417 7.80611394217199
418 6.755089080234982
419 7.013076183764758
420 6.927670101973339
421 8.970301442812339
422 6.614820536070011
423 7.864190272234161
424 5.636726164400485
425 6.606400677008742
426 6.5406299556285985
427 5.87912837911666
428 6.06427969429553
429 6.735589160903598
430 6.631020012363558
431 7.073111934418287
432 6.770896476783139
433 6.281065459499461
434 6.809762698831466
435 7.11327592413157
436 7.962928451462649
437 8.032082601858878
438 7.432333407676489
439 7.942488510179471
440 7.684654531884947
441 7.301924906015702
442 9.74468317511945
443 5.763465632956222
444 8.422823123964486
445 8.317193765491336
446 6.5868234414573195
447 6.652170102692486
448 6.7880229519433675
449 6.238892450163033
450 6.862941853128171
451 5.427753484726397
452 6.533012922379977
453 7.372582222075707
454 6.608557762317507
455 7.277254027957899
456 5.771940618198674
457 5.039317415253396
458 8.15770776310473
459 6.109505767760574
460 8.241903137934354
461 6.199301912274957
462 5.312912775799905
463 6.526364845162461
464 6.482961335070838
465 7.293737414025379
466 8.04736040513791
467 7.164730321954573
468 7.162465925144436
469 6.361949572298748
470 7.380922968033421
471 5.581648642670843
472 5.761954701419978
473 6.55956668796435
474 7.644399816104709
475 7.1575846039878215
476 7.068343701850321
477 6.209206358200944
478 6.174119655882048
479 6.8903824682257895
480 6.315529830962375
481 7.8414522358133985
482 6.739108300027196
483 5.877860222395599
484 6.88414079115362
485 6.429338804705813
486 8.697779620669039
487 6.393992860999717
488 7.06170464519152
489 6.3602033582885245
490 6.166121915011549
491 8.56241723591291
492 5.7840003429676194
493 5.646395567683179
494 6.30802687849674
495 7.39512296205985
496 6.233818484583624
497 7.236408330460268
498 6.3742173640247515
499 7.862778385914495
500 6.316988008865197
501 5.081345493276477
502 6.798815256436257
503 4.401398954626026
504 7.088317639310051
505 8.442034533892494
506 6.838684692236764
507 6.689737921505066
508 5.742702997561081
509 6.9679251422764805
510 6.259993269280212
511 6.238375861576979
512 7.555341302186391
513 5.956813573065437
514 4.038868716697768
515 6.593886486758035
516 7.585991558441287
517 6.928579470904433
518 6.021350344551539
519 7.5565205438541
520 7.76010124407068
521 8.636425440499929
522 6.773431913379569
523 8.878775521683798
524 7.785362895567697
525 8.999619983278551
526 6.209594196243539
527 5.822335727636684
528 7.833428412826281
529 6.813029120412341
530 6.892718050785856
531 7.244791443114188
532 7.077571341386644
533 6.807380602376078
534 7.233134738878639
535 7.411840439645929
536 5.881136621558418
537 5.865158377298182
538 6.028444890588822
539 5.041394983846816
540 7.089140111220378
541 7.442880723812288
542 6.719436869483645
543 6.83731434840433
544 8.366024122786245
545 8.119521335245427
546 7.724071603968367
547 7.106413352134401
548 6.091380331540542
549 8.51132426612911
550 5.438838261806498
551 7.336982150239622
552 7.938465839196028
553 6.712054575637639
554 5.576554550192195
555 7.38393850504728
556 5.382728899672586
557 7.764432980105863
558 6.662394719296558
559 6.452438347875849
560 7.01345359101736
561 6.270605590127137
562 8.008987012324747
563 8.148075287986845
564 7.333057720449905
565 6.898132085877554
566 7.286154226742757
567 8.095321038617017
568 7.044665917500003
569 5.983573257651999
570 6.777486816998448
571 5.90720977104368
572 5.654829030721164
573 6.750331954159354
574 7.856832616109644
575 7.427825438594109
576 7.3103825465712955
577 8.322594614490658
578 8.24108576833317
579 7.770989396822001
580 7.129905492263734
581 5.93156738879913
582 5.93566686436164
583 5.498282824351772
584 7.126290520410772
585 7.539982973231708
586 6.31956707650538
587 7.213586816418695
588 6.877356798575569
589 6.843137481058612
590 5.790882245664409
591 6.322180515891605
592 7.339662085282846
593 9.261168382006932
594 6.767494233629687
595 6.7003188174963935
596 6.086698315610912
597 6.500778994048161
598 6.59048770066331
599 6.836851029205634
600 6.426939243474644
601 7.240305223191182
602 7.0445013030972445
603 6.018586555557782
604 5.832456776828956
605 7.575268747902038
606 7.522855960095652
607 6.554186230900709
608 5.485296688943058
609 7.97301053793051
610 7.012931784516865
611 6.826241935659042
612 5.4100005336763966
613 8.039735223593558
614 6.859822867592186
615 7.795751631743884
616 6.194068149244907
617 6.889521352517091
618 7.592376304960082
619 5.3548355589258465
620 6.509621903488899
621 7.052261413017898
622 8.213647711771998
623 5.91129455056129
624 6.779674141944046
625 5.481873147658994
626 6.553652910912831
627 6.0314659735400005
628 7.174655020163845
629 8.027964692907096
630 7.962022125023407
631 7.703618083132657
632 5.318988444274919
633 6.4132738855544105
634 6.355297349585776
635 6.484016385705811
636 8.065206467571468
637 6.743812737887858
638 5.248306148843689
639 6.386006191986726
640 6.661974038026916
641 7.303155807254645
642 7.584208202254631
643 4.7631191768058265
644 6.653440268421897
645 6.057892657517686
646 7.845854809075532
647 7.420824520715111
648 9.23971387543551
649 7.345101470839534
650 8.317491042591323
651 6.201182430217123
652 6.455368389046403
653 5.156204672603583
654 5.992270736243913
655 6.078799148438418
656 9.415630275122076
657 8.166863908688333
658 7.488228967486892
659 5.961033265099564
660 6.492725317687286
661 6.814707064842133
662 6.681222514537552
663 8.573827962345739
664 7.143394758136715
665 6.9321490168196
666 7.495558155742996
667 7.408832224930846
668 5.574913227269986
669 8.744605158189904
670 7.620603900255528
671 8.501949400963086
672 5.903310818795712
673 7.312438111519087
674 5.883895414312891
675 5.343266943715939
676 8.460080811016349
677 7.038516279596291
678 4.53472199544779
679 4.981658013014988
680 8.20541047919098
681 7.794154666774792
682 6.494395117754466
683 6.3052389797634785
684 7.149425318981516
685 6.346205198817514
686 7.148241690145463
687 5.7644100852557525
688 7.353169377267599
689 5.501158185545441
690 7.796819258329955
691 6.989052288933555
692 6.745355626435471
693 6.230274259005931
694 6.719765271799786
695 5.842299589263277
696 6.464497291919389
697 8.22005360138675
698 7.462004400336934
699 6.857844656938699
700 6.428615028331303
701 7.36488743602345
702 6.201377044165593
703 8.04442326995676
704 7.652887323961565
705 8.072054352535975
706 5.513052241607169
707 5.970483325369267
708 6.9834510930333655
709 7.873117631322051
710 6.44879147874996
711 6.935655444075433
712 6.125692536368873
713 7.671794700591434
714 7.723596946567867
715 6.952838760848605
716 6.219775198348811
717 5.647768047699797
718 8.182286894113712
719 7.827018226520885
720 6.462579287637685
721 5.5929700998307075
722 7.098040723478137
723 7.917512310708951
724 8.954945243806636
725 5.709836632483115
726 7.832747264434425
727 6.400543861918827
728 4.285041084304242
729 7.228839654130773
730 6.998489240145692
731 7.177840833992877
732 7.257384276567492
733 7.013912442598477
734 7.295196439708334
735 7.177624861726553
736 7.313644013518797
737 6.795930987145535
738 5.841712550030716
739 7.84078765662546
740 8.28963105657428
741 5.264832049744238
742 5.531155365256819
743 9.15071634207374
744 6.574548057641967
745 6.5295300238232485
746 6.505150751088171
747 7.198561490160946
748 7.078295306304039
749 6.736498569021844
750 4.827134148562298
