1 5.068725265767063
2 2.873104591788915
3 3.763516517656384
4 3.0456306500827215
5 2.9738164608465016
6 1.4888523299228706
7 2.89768930291086
8 2.1859988596560433
9 2.812549533360522
10 1.73587000159362
11 1.8490504538143622
12 1.7994987643794023
13 2.787449741000904
14 1.4474310424835255
15 1.7031462143299114
16 1.8824711944461727
17 1.9504515569750362
18 1.5188893746983267
19 2.141589094574376
20 2.2520513615241278
21 1.4546768596054174
22 2.017045546577096
23 1.8672536561023805
24 1.1832085087453499
25 1.5724236671557452
26 1.4184561173822217
27 1.1138172334246448
28 0.7846766246912771
29 2.0613759794005118
30 1.0693013328030947
31 1.6603243133369199
32 0.7539910452380714
33 1.6881229846368218
34 1.0927426458648695
35 1.4561341241946397
36 1.478461236940357
37 1.1476094575687739
38 1.073353253944614
39 2.394922949958318
40 0.6985833221053983
41 1.8361773469783451
42 0.8678725833377986
43 1.0657379366081492
44 1.1803749534701238
45 1.5976142565079992
46 1.4970573650656558
47 1.3556814356528433
48 1.7470415965373223
49 0.9579506058088937
50 0.5968589852367652
51 2.06054748035802
52 1.13137044310453
53 1.1535483537161009
54 1.3927880649009525
55 0.9672819021808572
56 0.7782957211267856
57 0.9134529756676041
58 0.8370653582331619
59 1.5228876437027918
60 1.4332424277386744
61 1.2852243133454992
62 0.16488003749380906
63 1.3481034081836254
64 1.407902165658782
65 0.5206233513501022
66 1.522797651000164
67 1.1584190272289465
68 0.5096405761511348
69 0.4005676382465335
70 1.149844197707369
71 2.174619163735833
72 0.761637627960727
73 1.0295359935362207
74 0.5931898015932685
75 0.5797298049878677
76 0.3107395189442231
77 0.691635241149676
78 1.031305872994286
79 1.6348753174995534
80 1.1506613848802667
81 0.39724510865265844
82 0.955573986855537
83 0.7404407841133822
84 0.5095470203479112
85 1.286779440126317
86 0.5554981846831183
87 0.4549234460844276
88 1.4421809547789648
89 0.022426430477605983
90 0.6920189204025325
91 0.3346561611225841
92 1.4717449644865281
93 1.176799055990072
94 0.729968934037331
95 0.5023645969600511
96 1.0352220675895196
97 1.2295800873055107
98 0.8931620204832719
99 0.8826141893817673
100 0.9566124077382848
101 0.43111429667617196
102 1.5932700624280347
103 1.3738263183786272
104 0.5360626755204447
105 0.6738017047888433
106 1.0463843037528446
107 0.9886607348218491
108 0.778530368765754
109 0.9829864785564917
110 1.641088646224637
111 0.7895763248525887
112 0.6829894926504074
113 1.3441701226017289
114 0.810890274540662
115 0.9224284318003663
116 1.3452536235559613
117 1.3164734938795004
118 0.6017757162977719
119 1.2089004244598602
120 1.1536734566640405
121 1.3616116287642135
122 0.8459101699657795
123 0.6817220575321242
124 1.1461972685816246
125 0.8322382108640011
126 1.0813927194698922
127 1.5163779485965116
128 1.420792386538529
129 0.5980194365713991
130 0.8878089268611337
131 0.7934823729104898
132 0.48405437311438226
133 1.2735668685646295
134 1.0820157409045297
135 0.42507308042487435
136 1.1223846375750144
137 0.4715881925215467
138 1.1992165620298865
139 1.3472048659550606
140 0.4534619820984712
141 1.2327573074323126
142 1.7575692795666784
143 1.5376581115751535
144 0.7936272790772246
145 0.6312125759588938
146 2.055359555560891
147 1.1461682724801463
148 1.9957941050089167
149 1.7120345459680153
150 0.6784397676434769
151 0.8652574957222205
152 1.7133826969401391
153 1.190196229975694
154 1.2915523786271748
155 0.4035077496159664
156 0.9962396616736907
157 0.6312050284098746
158 1.4384346708347793
159 0.6311357809313975
160 0.3749902452432295
161 0.9531218190008246
162 2.325666713166964
163 1.5973549630382131
164 1.0395407970243244
165 1.1396966910501691
166 0.5096544725691273
167 0.7968029648741275
168 1.1343546792606523
169 1.2343089895419015
170 0.5924863151172701
171 0.883754833723059
172 0.6680307117995535
173 0.32649347550460023
174 1.788559685037786
175 1.0185063362945541
176 0.49955284303648156
177 1.0464124254653917
178 0.9918550007169133
179 1.4804647294580746
180 2.2002722306406106
181 0.8017589113030859
182 0.5469589587866527
183 0.9487310947883791
184 1.0512196025283962
185 0.6580237906545636
186 1.6684672919049683
187 1.6669248099856118
188 0.5491912908798364
189 1.4504839274959846
190 1.0317787384382238
191 0.5809083213895476
192 0.3910122817038005
193 0.8340228027157187
194 0.8782548625400862
195 0.9560210557039756
196 1.063874993719054
197 0.632491774707518
198 1.2013625365891583
199 0.27356099916246485
200 1.2613477424852877
201 1.4046017608153312
202 1.0743819852254277
203 0.861003701092623
204 0.6580833342516718
205 1.597091570024121
206 0.4418408583262989
207 1.4595197371603814
208 1.4504930044658588
209 1.6775930951117073
210 1.0477869452258497
211 1.2492581936603457
212 1.0469846564411938
213 1.113445118998597
214 1.1891802136252208
215 1.1378762487945586
216 0.21011322837834961
217 0.8317926820766339
218 1.2738088235131908
219 1.3755436297829786
220 0.35877624496472516
221 1.0185506513631502
222 1.0780532386986057
223 0.8644314884431838
224 1.652348021816588
225 1.169993785915108
226 0.4440116209935463
227 0.2552790198694299
228 1.5779621847128698
229 0.9403101112217443
230 0.5969314990837468
231 0.8243062996909692
232 0.8798314862211397
233 0.12857542690644438
234 0.9808195641776501
235 1.6820536008560136
236 0.7885194022425459
237 1.0089834487504388
238 1.5819881317314353
239 0.36448666385784634
240 1.6216995270105767
241 0.7557533673700211
242 1.2341729447995542
243 0.8598735844657575
244 1.0063719508842581
245 0.08552479428000588
246 0.6601477910357159
247 0.6404844907630292
248 1.2401609945197096
249 0.8194615413611263
250 0.7674940365191909
251 0.8103296133240784
252 0.328301238722445
253 0.556519092101142
254 1.1316664960759197
255 0.7216151455809154
256 1.5370383899417837
257 0.7207064523959282
258 0.4430130091359317
259 1.1410023026383267
260 1.5194169396053632
261 1.145077323833319
262 0.8929242328307737
263 1.4026238618261797
264 0.4503689327484102
265 0.7054400758988005
266 0.8514998507286085
267 1.1549029549209364
268 0.8725612551881806
269 1.5451143879342015
270 1.3254578074369774
271 1.177525440717239
272 0.9923887203357854
273 0.21605440698967107
274 1.2907088619512728
275 1.083106128475902
276 0.26043451456761607
277 1.0646345592371862
278 1.245543536283484
279 0.626250574896271
280 1.0552017754945364
281 -0.22967842142753775
282 1.2318242668657784
283 0.2515408340923218
284 0.48669349855361366
285 1.0109904715559512
286 0.7610985291734091
287 1.0209636321569375
288 0.9800003910703751
289 1.3708349235969444
290 1.7132584645395375
291 0.9587614554843513
292 0.40644514556973443
293 0.534177320805269
294 0.5402536219796571
295 0.9415962194059024
296 0.2658889293301966
297 0.2109243565173898
298 1.396454145131307
299 0.7042433438758599
300 0.9974796856009586
301 0.9852967049972969
302 0.6861580993592027
303 0.8486437720293165
304 -0.0816639184840862
305 0.6773612012845759
306 0.4123936138454407
307 1.135556542266898
308 -0.13787845502072976
309 0.828898408500962
310 1.8398891685832082
311 1.2026616740499174
312 0.581531266692544
313 1.2848855688676395
314 -0.02853748557885462
315 1.2061241005014727
316 1.7082459249531285
317 0.43224900452826487
318 1.2241319069674415
319 0.39764974271593856
320 0.45398163703257116
321 0.536571146932288
322 0.866515703621622
323 1.86222540347816
324 1.3157048452807125
325 0.7159248435529301
326 1.0069053382902353
327 1.0397372756374719
328 0.9699029862917038
329 0.9846619069489475
330 0.785969997042162
331 1.9561586063163252
332 0.5559329980484145
333 0.8579449287467963
334 1.8070315259496095
335 1.4741911188464007
336 0.7633801233128564
337 1.3711621184531315
338 1.8358807631663496
339 1.0413862772647244
340 0.5838626773684754
341 1.3927004282249298
342 0.7698991166894565
343 1.413321053034923
344 1.4755604511975202
345 1.5368940752419138
346 0.5469115796010648
347 1.9043650862700856
348 0.2307793070239434
349 1.0926217194103223
350 0.35710484294450295
351 0.4357041916265886
352 0.9071808415061533
353 1.8005361335837426
354 0.6093194189794776
355 1.2403483093393626
356 1.3572794244394704
357 0.6262395322009267
358 1.1900893877502465
359 0.2727970734494197
360 0.5145887630906949
361 1.5302839728877504
362 0.9710163425040916
363 1.1067644272367303
364 0.6548486553054675
365 0.8505162701026174
366 0.9266728613119442
367 1.3948853708600422
368 1.3298529441585736
369 1.4943912534245436
370 1.5676200076480291
371 0.838634956196183
372 0.7095506337757358
373 1.1423363562952822
374 0.46387802022930386
375 1.358403764299875
376 0.6795991815238392
377 1.632582899783733
378 1.3068026168306484
379 0.6534145086112081
380 1.569419355758282
381 0.7299340033611506
382 0.8425847693894591
383 1.0892666124536177
384 1.2167728340724144
385 0.966986143392368
386 0.7264563813736987
387 0.47364886927932276
388 1.346357514493367
389 0.993881356758595
390 0.5002322474911292
391 0.6215067446304798
392 0.9424533815400481
393 0.6700043784207199
394 1.3311641012803808
395 0.6078995983230338
396 0.09510480351374358
397 0.7405409429358284
398 0.7721052076271536
399 0.8991493527704094
400 0.6154174671016317
401 0.7737394085293235
402 1.0380592915837885
403 0.8176978781905798
404 0.9536104715195425
405 0.13395750049651567
406 1.3387911349655355
407 0.5648505201135745
408 1.087658408702038
409 0.4955416857826566
410 2.222749319500933
411 1.1298152542753437
412 0.41445813246650665
413 0.5238383166457227
414 0.33647468905526423
415 0.584585863240809
416 0.30299770196594655
417 1.140591340778841
418 0.2573104998409414
419 0.842023801585324
420 1.2025969061139858
421 1.6524329075737716
422 1.0231293285034797
423 0.8426190375400908
424 0.6615332344722469
425 0.9419652378388765
426 0.9584155779057864
427 0.7466087696577461
428 1.2667248327341525
429 0.6304414512807999
430 0.20042837100446115
431 1.6370083364300063
432 1.4627786940590113
433 0.640729738573484
434 1.3952383370808166
435 1.148753816244089
436 1.6494633096914242
437 0.9538154978742225
438 0.9092561777123649
439 0.7567827660934319
440 0.9278804375000115
441 0.44563870023722496
442 1.00678482384953
443 0.5347135134116786
444 0.2378792862820033
445 1.652652748483454
446 0.5698920895074056
447 1.1614338187338895
448 0.34693651510969375
449 0.4731571694832813
450 1.047030700567214
451 0.7896955074618986
452 0.30942639496943003
453 1.8436935123689724
454 1.0163515911505936
455 2.1840429524600298
456 0.6381581497703982
457 1.9537569397364711
458 0.4785369722054771
459 0.9926424481184429
460 0.8352030282409655
461 1.1280234300368064
462 0.8569787508500304
463 0.44141641522651354
464 1.511822824021249
465 0.678060580480167
466 1.7972528120562632
467 0.9705260256706671
468 0.346529236245877
469 1.320233512384532
470 1.2183273951311389
471 1.3563432847898746
472 0.7833879889542197
473 1.3191682352329774
474 0.6512804899015656
475 0.574181503472245
476 0.42866132994308287
477 0.5067534011216994
478 0.31364131749437363
479 0.8017806550094142
480 0.885197080371042
481 1.4992918073818646
482 0.6022969913097438
483 0.6392063224869367
484 0.9708853998899931
485 0.9692487814631572
486 0.5388966313094453
487 1.3860419832839803
488 1.120732524060363
489 1.0707527148074143
490 0.8607694998238745
491 0.3677649349607486
492 0.8274599093306754
493 0.7710226501576198
494 0.9562491660280571
495 0.9277852575968853
496 1.2222277080869697
497 0.6022031220369579
498 1.0806868729013666
499 0.8640213760143095
500 1.1014394081865617
501 1.0038853762038713
502 1.3966518322671133
503 1.0084199058573529
504 1.5706182599898295
505 0.95837625272932
506 0.9962566910208048
507 1.248166257269018
508 1.6063851736082486
509 1.383798230484102
510 1.401223377217953
511 0.8400406101642921
512 0.8746924422010917
513 0.8694430781291187
514 1.825446465893933
515 1.0578161906364494
516 0.4215008383571434
517 0.5175279825559881
518 0.9776036139790524
519 1.92995932026257
520 0.6718894784310707
521 1.4887557063328598
522 1.0743530534980101
523 0.934996157713901
524 0.3385599070544014
525 1.026633035775219
526 1.3478114359474203
527 1.0701788128637353
528 0.9447468863852229
529 1.216599643230776
530 0.9790594068637065
531 0.8940994923791457
532 0.6646892491829274
533 1.944222107411007
534 0.9134662801730322
535 0.5080253663705876
536 0.9705280317039552
537 1.0196654594255428
538 0.779076407148493
539 0.9234681787352891
540 0.9727825976343618
541 1.0862539772607047
542 1.264593390270811
543 0.3641203010117418
544 0.8218932756376062
545 1.1184991906380188
546 0.5430773697515021
547 0.29185527666650457
548 1.0350752315025793
549 0.4000132114653844
550 1.4835108377594037
551 1.8122638896076433
552 1.0267928120644483
553 1.2110593821823357
554 1.6363119490618911
555 0.4138026420135329
556 0.9712839970067161
557 0.8828171450266725
558 0.5075380688906973
559 0.8163151107868285
560 1.7838555599576387
561 0.6154070219427376
562 0.44622181953767975
563 0.972065844270947
564 1.6556344486063181
565 0.31303685788553737
566 1.141670871035466
567 1.47656994257358
568 0.7903143272562932
569 0.48958425672413514
570 0.5074391741025428
571 1.27787760789059
572 1.7797551244375387
573 0.9177799171464721
574 0.4110300354646456
575 0.29036870920599256
576 1.5578402072927573
577 0.39974404512662937
578 1.5349392886731372
579 1.0894918271989718
580 0.05250858159878103
581 1.6136529028660829
582 1.153023680460333
583 0.5437251160242459
584 0.381537978167735
585 0.815400276232283
586 0.288248745602723
587 -0.014606068432228341
588 0.7120855534792634
589 1.4623245630802146
590 1.0402732383857287
591 0.49943436953617426
592 1.4212584134318131
593 1.435175777053989
594 1.041611345348947
595 0.10626286550343796
596 1.7074548962805889
597 0.5255383780355245
598 1.0036402556338029
599 0.9092969014715959
600 0.2984412961379715
601 1.3453243594655486
602 1.0051920397642953
603 1.4538900635228347
604 0.22036628726319255
605 1.0933621675335696
606 1.0828927674249458
607 0.8065079128684387
608 0.2761527510966621
609 1.0291180100653876
610 0.5805442356726827
611 0.34236541632424583
612 1.2939321228327765
613 0.8641953162216661
614 1.4136637146077218
615 0.9046626080302305
616 1.532512818275558
617 0.8034830648585269
618 1.8706648633635914
619 0.4547369198101976
620 0.756773625675472
621 0.9644426862725817
622 0.7754831394153539
623 0.30507527206676693
624 0.8081165251488642
625 0.8485771493653269
626 0.31082885236444013
627 0.6181261116272536
628 0.9918364434671263
629 0.8026439379283908
630 1.0916881473588684
631 1.0752526899300658
632 1.240671912017449
633 0.6297270071473651
634 1.8020096045816663
635 1.1363872069021261
636 1.0434975310250159
637 1.235356968652952
638 0.749700173035579
639 1.4621318669746342
640 0.468118464402772
641 0.8173122249114323
642 0.2834334549740164
643 0.9693835659431957
644 1.365015208375753
645 1.5523587192563637
646 1.5091537343079613
647 0.4591056268997534
648 1.2299865622506863
649 1.3645855258266035
650 0.2779055820043056
651 0.8595683689627189
652 1.2782908375775603
653 0.7135878383815859
654 1.291075717744563
655 0.34595674471289395
656 0.7032029271335609
657 0.4437709250334265
658 2.0773902051362416
659 0.6775292081442339
660 0.7820024688525138
661 0.9917668091670291
662 0.3998696933911684
663 1.0768637914845893
664 0.6246356818563304
665 0.1839442672060151
666 1.1214738459307745
667 0.9764557464292976
668 0.8274872866559321
669 0.3230295957388682
670 1.269352096256883
671 0.7835948981532749
672 0.8963330261051428
673 1.226047717046666
674 1.0208809186151724
675 0.7381057698704475
676 0.5697797207365565
677 0.2377816547421287
678 1.1779382442995299
679 1.637722306373158
680 0.8865816605702266
681 0.93430059918633
682 0.3091288343424615
683 0.24920879081371056
684 0.7250442789038877
685 0.37325993514720357
686 1.4171441997366168
687 0.7970489084800522
688 0.9369381313228443
689 1.5696600814376165
690 1.199008771153847
691 1.9765113086037038
692 0.45966019006463626
693 1.3536760417456528
694 0.4595702701433628
695 0.8287977913749945
696 2.0731147339609457
697 0.5681703712775149
698 0.276216368526259
699 0.44800543487585437
700 0.6904597855266256
701 0.6334067751352294
702 1.0002787355592373
703 1.2686872077601072
704 0.33802963337334124
705 0.8754078551363734
706 1.4154905482252154
707 1.5699968482046478
708 0.26125538904005574
709 1.4518296019858408
710 0.1953037511756418
711 0.7581383239892212
712 0.45646005411711726
713 0.48863603233372993
714 0.7772842172099853
715 0.4608858535354613
716 1.2407812592435703
717 1.6948263686948994
718 0.2937181571982226
719 1.0687092609898898
