1 -1.8092589576629683
2 -1.88185884408617
3 -1.88185884408617
4 -1.88185884408617
5 -1.88185884408617
6 -1.88185884408617
7 -1.88185884408617
8 -1.88185884408617
9 -1.88185884408617
10 -1.8860182463436024
11 -1.8860182463436024
12 -1.8860182463436024
13 -1.8860182463436024
14 -1.8860182463436024
15 -1.8860182463436024
16 -1.8860182463436024
17 -1.8860182463436024
18 -1.8860182463436024
19 -1.8860182463436024
20 -1.9056519166735786
21 -1.9056519166735786
22 -1.9056519166735786
23 -1.9056519166735786
24 -1.9056519166735786
25 -1.9056519166735786
26 -1.9056519166735786
27 -1.9056519166735786
28 -1.9056519166735786
29 -1.9056519166735786
30 -1.9056519166735786
31 -1.9056519166735786
32 -1.9056519166735786
33 -1.9056519166735786
34 -1.9056519166735786
35 -1.9056519166735786
36 -1.9056519166735786
37 -1.9056519166735786
38 -1.9056519166735786
39 -1.9056519166735786
40 -1.9056519166735786
41 -1.9056519166735786
42 -1.9056519166735786
43 -1.9056519166735786
44 -1.9056519166735786
45 -1.9056519166735786
46 -1.9056519166735786
47 -1.9056519166735786
48 -1.9056519166735786
49 -1.9056519166735786
50 -1.9056519166735786
51 -1.9056519166735786
52 -1.9056519166735786
53 -1.9056519166735786
54 -1.9056519166735786
55 -1.9056519166735786
56 -1.9056519166735786
57 -1.9056519166735786
58 -1.9056519166735786
59 -1.9056519166735786
60 -1.9056519166735786
61 -1.9056519166735786
62 -1.9056519166735786
63 -1.9056519166735786
64 -1.9056519166735786
65 -1.9056519166735786
66 -1.9056519166735786
67 -1.9056519166735786
68 -1.9056519166735786
69 -1.9056519166735786
70 -1.9056519166735786
71 -1.9056519166735786
72 -1.9056519166735786
73 -1.9056519166735786
74 -1.9056519166735786
75 -1.9056519166735786
76 -1.9056519166735786
77 -1.9056519166735786
78 -1.9056519166735786
79 -1.9056519166735786
80 -1.9056519166735786
81 -1.9056519166735786
82 -1.9056519166735786
83 -1.9056519166735786
84 -1.9056519166735786
85 -1.9056519166735786
86 -1.9056519166735786
87 -1.9056519166735786
88 -1.9056951872383219
89 -1.9056951872383219
90 -1.9056951872383219
91 -1.9056951872383219
92 -1.9056951872383219
93 -1.9056951872383219
94 -1.9056951872383219
95 -1.9056951872383219
96 -1.9056951872383219
97 -1.9056951872383219
98 -1.9056951872383219
99 -1.9056951872383219
100 -1.9056951872383219
101 -1.9056951872383219
102 -1.9056951872383219
103 -1.9056951872383219
104 -1.9056951872383219
105 -1.9056951872383219
106 -1.9056951872383219
107 -1.9056951872383219
108 -1.9099806396803758
109 -1.9099806396803758
110 -1.9099806396803758
111 -1.9099806396803758
112 -1.9099806396803758
113 -1.9099806396803758
114 -1.9099806396803758
115 -1.9099806396803758
116 -1.9099806396803758
117 -1.9099806396803758
118 -1.9099806396803758
119 -1.9099806396803758
120 -1.9099806396803758
121 -1.9099806396803758
122 -1.9099806396803758
123 -1.9099806396803758
124 -1.9099806396803758
125 -1.9099806396803758
126 -1.9099806396803758
127 -1.9099806396803758
128 -1.9099806396803758
129 -1.9127364235545872
130 -1.9127364235545872
131 -1.9127364235545872
132 -1.9127364235545872
133 -1.9127364235545872
134 -1.9127364235545872
135 -1.9127364235545872
136 -1.9127364235545872
137 -1.9127364235545872
138 -1.9127364235545872
139 -1.9127364235545872
140 -1.9127364235545872
141 -1.9127364235545872
142 -1.9127364235545872
143 -1.9127364235545872
144 -1.9127364235545872
145 -1.9127364235545872
146 -1.9127364235545872
147 -1.9127364235545872
148 -1.9127364235545872
149 -1.9127364235545872
150 -1.9127364235545872
151 -1.9127364235545872
152 -1.9127364235545872
153 -1.9127364235545872
154 -1.9127364235545872
155 -1.9127364235545872
156 -1.9127364235545872
157 -1.9127364235545872
158 -1.9127364235545872
159 -1.9127364235545872
160 -1.9127364235545872
161 -1.9127364235545872
162 -1.9127364235545872
163 -1.9127364235545872
164 -1.9127364235545872
165 -1.9127364235545872
166 -1.9127364235545872
167 -1.9127364235545872
168 -1.9127364235545872
169 -1.9127364235545872
170 -1.9127364235545872
171 -1.9127364235545872
172 -1.9127364235545872
173 -1.9127364235545872
174 -1.9127364235545872
175 -1.9127364235545872
176 -1.9127364235545872
177 -1.9127364235545872
178 -1.9127364235545872
179 -1.9127364235545872
180 -1.9127364235545872
181 -1.9127364235545872
182 -1.9127364235545872
183 -1.9127364235545872
184 -1.9127364235545872
185 -1.9127364235545872
186 -1.9127364235545872
187 -1.9127364235545872
188 -1.9127364235545872
189 -1.9127364235545872
190 -1.9127364235545872
191 -1.9127364235545872
192 -1.9127364235545872
193 -1.9127364235545872
194 -1.9127364235545872
195 -1.9127364235545872
196 -1.9127364235545872
197 -1.9127364235545872
198 -1.9127364235545872
199 -1.9127364235545872
200 -1.9127364235545872
201 -1.9127364235545872
202 -1.9127364235545872
203 -1.9127364235545872
204 -1.9127364235545872
205 -1.9127364235545872
206 -1.9127364235545872
207 -1.9127364235545872
208 -1.9127364235545872
209 -1.9127364235545872
210 -1.9127364235545872
211 -1.9127364235545872
212 -1.9127364235545872
213 -1.9127364235545872
214 -1.9127364235545872
215 -1.9127364235545872
216 -1.9127364235545872
217 -1.9127364235545872
218 -1.9127364235545872
219 -1.9127364235545872
220 -1.9127364235545872
221 -1.9127364235545872
222 -1.9127364235545872
223 -1.9127364235545872
224 -1.9127364235545872
225 -1.9127364235545872
226 -1.9127364235545872
227 -1.9127364235545872
228 -1.9127364235545872
229 -1.9127364235545872
230 -1.9127364235545872
231 -1.9127364235545872
232 -1.9127364235545872
233 -1.9127364235545872
234 -1.9127364235545872
235 -1.9127364235545872
236 -1.9127364235545872
237 -1.9127364235545872
238 -1.9127364235545872
239 -1.9127364235545872
240 -1.9127364235545872
241 -1.9127364235545872
242 -1.9127364235545872
243 -1.9127364235545872
244 -1.9127364235545872
245 -1.9127364235545872
246 -1.9127364235545872
247 -1.9127364235545872
248 -1.9127364235545872
249 -1.9127364235545872
250 -1.9127364235545872
251 -1.9127364235545872
252 -1.9127364235545872
253 -1.9127364235545872
254 -1.9127364235545872
255 -1.9127364235545872
256 -1.9127364235545872
257 -1.9127364235545872
258 -1.9127364235545872
259 -1.9127364235545872
260 -1.9127364235545872
261 -1.9127364235545872
262 -1.9127364235545872
263 -1.9127364235545872
264 -1.9127364235545872
265 -1.9127364235545872
266 -1.9127364235545872
267 -1.9127364235545872
268 -1.9127364235545872
269 -1.9127364235545872
270 -1.9127364235545872
271 -1.9127364235545872
272 -1.9127364235545872
273 -1.9127364235545872
274 -1.9127364235545872
275 -1.9127364235545872
276 -1.9127364235545872
277 -1.9127364235545872
278 -1.9127364235545872
279 -1.9127364235545872
280 -1.9127364235545872
281 -1.9127364235545872
282 -1.9127364235545872
283 -1.9127364235545872
284 -1.9127364235545872
285 -1.9127364235545872
286 -1.9127364235545872
287 -1.9127364235545872
288 -1.9127364235545872
289 -1.9127364235545872
290 -1.9127364235545872
291 -1.9127364235545872
292 -1.9127364235545872
293 -1.9127364235545872
294 -1.9127364235545872
295 -1.9127364235545872
296 -1.9127364235545872
297 -1.9127364235545872
298 -1.9127364235545872
299 -1.9127364235545872
300 -1.9127364235545872
301 -1.9127364235545872
302 -1.9127364235545872
303 -1.9127364235545872
304 -1.9127364235545872
305 -1.9127364235545872
306 -1.9127364235545872
307 -1.9127364235545872
308 -1.9127364235545872
309 -1.9127364235545872
310 -1.9127364235545872
311 -1.9127364235545872
312 -1.9127364235545872
313 -1.9127364235545872
314 -1.9127364235545872
315 -1.9127364235545872
316 -1.9127364235545872
317 -1.9127364235545872
318 -1.9127364235545872
319 -1.9127364235545872
320 -1.9127364235545872
321 -1.9127364235545872
322 -1.9127364235545872
323 -1.9127364235545872
324 -1.9127364235545872
325 -1.9127364235545872
326 -1.9127364235545872
327 -1.9127364235545872
328 -1.9127364235545872
329 -1.9127364235545872
330 -1.9127364235545872
331 -1.9127364235545872
332 -1.9127364235545872
333 -1.9127364235545872
334 -1.9127364235545872
335 -1.9127364235545872
336 -1.9127364235545872
337 -1.9127364235545872
338 -1.9127364235545872
339 -1.9127364235545872
340 -1.9127364235545872
341 -1.9127364235545872
342 -1.9127364235545872
343 -1.9127364235545872
344 -1.9127364235545872
345 -1.9127364235545872
346 -1.9127364235545872
347 -1.9127364235545872
348 -1.9127364235545872
349 -1.9127364235545872
350 -1.9127364235545872
351 -1.9127364235545872
352 -1.9127364235545872
353 -1.9127364235545872
354 -1.9127364235545872
355 -1.9127364235545872
356 -1.9127364235545872
357 -1.9127364235545872
358 -1.9127364235545872
359 -1.9127364235545872
360 -1.9127364235545872
361 -1.9127364235545872
362 -1.9127364235545872
363 -1.9127364235545872
364 -1.9127364235545872
365 -1.9127364235545872
366 -1.9127364235545872
367 -1.9127364235545872
368 -1.9127364235545872
369 -1.9127364235545872
370 -1.9127364235545872
371 -1.9127364235545872
372 -1.9127364235545872
373 -1.9127364235545872
374 -1.9127364235545872
375 -1.9127364235545872
376 -1.9127364235545872
377 -1.9127364235545872
378 -1.9127364235545872
379 -1.9127364235545872
380 -1.9127364235545872
381 -1.9127364235545872
382 -1.9127364235545872
383 -1.9127364235545872
384 -1.9127364235545872
385 -1.9127364235545872
386 -1.9127364235545872
387 -1.9127364235545872
388 -1.9127364235545872
389 -1.9127364235545872
390 -1.9127364235545872
391 -1.9127364235545872
392 -1.9127364235545872
393 -1.9127364235545872
394 -1.9127364235545872
395 -1.9127364235545872
396 -1.9127364235545872
397 -1.9127364235545872
398 -1.9127364235545872
399 -1.9127364235545872
400 -1.9127364235545872
401 -1.9127364235545872
402 -1.9127364235545872
403 -1.9127364235545872
404 -1.9127364235545872
405 -1.9127364235545872
406 -1.9127364235545872
407 -1.9127364235545872
408 -1.9127364235545872
409 -1.9127364235545872
410 -1.9127364235545872
411 -1.9127364235545872
412 -1.9127364235545872
413 -1.9127364235545872
414 -1.9127364235545872
415 -1.9127364235545872
416 -1.9127364235545872
417 -1.9127364235545872
418 -1.9127364235545872
419 -1.9127364235545872
420 -1.9127364235545872
421 -1.9127364235545872
422 -1.9127364235545872
423 -1.9127364235545872
424 -1.9127364235545872
425 -1.9127364235545872
426 -1.9127364235545872
427 -1.9127364235545872
428 -1.9127364235545872
429 -1.9127364235545872
430 -1.9127364235545872
431 -1.9127364235545872
432 -1.9127364235545872
433 -1.9127364235545872
434 -1.9127364235545872
435 -1.9127364235545872
436 -1.9127364235545872
437 -1.9127364235545872
438 -1.9127364235545872
439 -1.9127364235545872
440 -1.9127364235545872
441 -1.9127364235545872
442 -1.9127364235545872
443 -1.9127364235545872
444 -1.9127364235545872
445 -1.9127364235545872
446 -1.9127364235545872
447 -1.9127364235545872
448 -1.9127364235545872
449 -1.9127364235545872
450 -1.9127364235545872
451 -1.9127364235545872
452 -1.9127364235545872
453 -1.9127364235545872
454 -1.9127364235545872
455 -1.9127364235545872
456 -1.9127364235545872
457 -1.9127364235545872
458 -1.9127364235545872
459 -1.9127364235545872
460 -1.9127364235545872
461 -1.9127364235545872
462 -1.9127364235545872
463 -1.9127364235545872
464 -1.9127364235545872
465 -1.9127364235545872
466 -1.9127364235545872
467 -1.9127364235545872
468 -1.9127364235545872
469 -1.9127364235545872
470 -1.9127364235545872
471 -1.9127364235545872
472 -1.9127364235545872
473 -1.9127364235545872
474 -1.9127364235545872
475 -1.9127364235545872
476 -1.9127364235545872
477 -1.9127364235545872
478 -1.9127364235545872
479 -1.9127364235545872
480 -1.9127364235545872
481 -1.9127364235545872
482 -1.9127364235545872
483 -1.9127364235545872
484 -1.9127364235545872
485 -1.9127364235545872
486 -1.9127364235545872
487 -1.9127364235545872
488 -1.9127364235545872
489 -1.9127364235545872
490 -1.9127364235545872
491 -1.9127364235545872
492 -1.9127364235545872
493 -1.9127364235545872
494 -1.9127364235545872
495 -1.9127364235545872
496 -1.9127364235545872
497 -1.9127364235545872
498 -1.9127364235545872
499 -1.9127364235545872
500 -1.9127364235545872
501 -1.9127364235545872
502 -1.9127364235545872
503 -1.9127364235545872
504 -1.9127364235545872
505 -1.9127364235545872
506 -1.9127364235545872
507 -1.9127364235545872
508 -1.9127364235545872
509 -1.9127364235545872
510 -1.9127364235545872
511 -1.9127364235545872
512 -1.9127364235545872
513 -1.9127364235545872
514 -1.9127364235545872
515 -1.9127364235545872
516 -1.9127364235545872
517 -1.9127364235545872
518 -1.9127364235545872
519 -1.9127364235545872
520 -1.9127364235545872
521 -1.9127364235545872
522 -1.9127364235545872
523 -1.9127364235545872
524 -1.9127364235545872
525 -1.9127364235545872
526 -1.9127364235545872
527 -1.9127364235545872
528 -1.9127364235545872
529 -1.9127364235545872
530 -1.9127364235545872
531 -1.9127364235545872
532 -1.9127364235545872
533 -1.9127364235545872
534 -1.9127364235545872
535 -1.9127364235545872
536 -1.9127364235545872
537 -1.9127364235545872
538 -1.9127364235545872
539 -1.9127364235545872
540 -1.9127364235545872
541 -1.9127364235545872
542 -1.9127364235545872
543 -1.9127364235545872
544 -1.9127364235545872
545 -1.9127364235545872
546 -1.9127364235545872
547 -1.9127364235545872
548 -1.9127364235545872
549 -1.9127364235545872
550 -1.9127364235545872
551 -1.9127364235545872
552 -1.9127364235545872
553 -1.9127364235545872
554 -1.9127364235545872
555 -1.9127364235545872
556 -1.9127364235545872
557 -1.9127364235545872
558 -1.9127364235545872
559 -1.9127364235545872
560 -1.9127364235545872
561 -1.9127364235545872
562 -1.9127364235545872
563 -1.9127364235545872
564 -1.9127364235545872
565 -1.9127364235545872
566 -1.9127364235545872
567 -1.9127364235545872
568 -1.9127364235545872
569 -1.9127364235545872
570 -1.9127364235545872
571 -1.9127364235545872
572 -1.9127364235545872
573 -1.9127364235545872
574 -1.9127364235545872
575 -1.9127364235545872
576 -1.9127364235545872
577 -1.9127364235545872
578 -1.9127364235545872
579 -1.9127364235545872
580 -1.9127364235545872
581 -1.9127364235545872
582 -1.9127364235545872
583 -1.9127364235545872
584 -1.9127364235545872
585 -1.9127364235545872
586 -1.9127364235545872
587 -1.9127364235545872
588 -1.9127364235545872
589 -1.9127364235545872
590 -1.9127364235545872
591 -1.9127364235545872
592 -1.9127364235545872
593 -1.9127364235545872
594 -1.9127364235545872
595 -1.9127364235545872
596 -1.9127364235545872
597 -1.9127364235545872
598 -1.9127364235545872
599 -1.9127364235545872
600 -1.9127364235545872
601 -1.9127364235545872
602 -1.9127364235545872
603 -1.9127364235545872
604 -1.9127364235545872
605 -1.9127364235545872
606 -1.9127364235545872
607 -1.9127364235545872
608 -1.9127364235545872
609 -1.9127364235545872
610 -1.9127364235545872
611 -1.9127364235545872
612 -1.9127364235545872
613 -1.9127364235545872
614 -1.9127364235545872
615 -1.9127364235545872
616 -1.9127364235545872
617 -1.9127364235545872
618 -1.9127364235545872
619 -1.9127364235545872
620 -1.9127364235545872
621 -1.9127364235545872
622 -1.9127364235545872
623 -1.9127364235545872
624 -1.9127364235545872
625 -1.9127364235545872
626 -1.9127364235545872
627 -1.9127364235545872
628 -1.9127364235545872
629 -1.9127364235545872
630 -1.9127364235545872
631 -1.9127364235545872
632 -1.9127364235545872
633 -1.9127364235545872
634 -1.9127364235545872
635 -1.9127364235545872
636 -1.9127364235545872
637 -1.9127364235545872
638 -1.9127364235545872
639 -1.9127364235545872
640 -1.9127364235545872
641 -1.9127364235545872
642 -1.9127364235545872
643 -1.9127364235545872
644 -1.9127364235545872
645 -1.9127364235545872
646 -1.9127364235545872
647 -1.9127364235545872
648 -1.9127364235545872
649 -1.9127364235545872
650 -1.9127364235545872
651 -1.9127364235545872
652 -1.9127364235545872
653 -1.9127364235545872
654 -1.9127364235545872
655 -1.9127364235545872
656 -1.9127364235545872
657 -1.9127364235545872
658 -1.9127364235545872
659 -1.9127364235545872
660 -1.9127364235545872
661 -1.9127364235545872
662 -1.9127364235545872
663 -1.9127364235545872
664 -1.9127364235545872
665 -1.9127364235545872
666 -1.9127364235545872
667 -1.9127364235545872
668 -1.9127364235545872
669 -1.9127364235545872
670 -1.9127364235545872
671 -1.9127364235545872
672 -1.9127364235545872
673 -1.9127364235545872
674 -1.9127364235545872
675 -1.9127364235545872
676 -1.9127364235545872
677 -1.9127364235545872
678 -1.9127364235545872
679 -1.9127364235545872
680 -1.9127364235545872
681 -1.9127364235545872
682 -1.9127364235545872
683 -1.9127364235545872
684 -1.9127364235545872
685 -1.9127364235545872
686 -1.9127364235545872
687 -1.9127364235545872
