1 6.87223328262215
2 3.2727317656282113
3 6.429030293041696
4 5.795727012032654
5 5.660806181755647
6 3.4482108343238433
7 7.034471078044332
8 5.692608703613377
9 6.999426711238388
10 4.659729213227849
11 5.775841774426145
12 6.116382605509917
13 7.79408913309538
14 5.3973998823529055
15 5.050129844072064
16 6.3594402338080025
17 6.647488487062278
18 5.724831433260146
19 6.682511211674912
20 7.362418443512801
21 6.371159384805863
22 6.687039814879356
23 7.057681306102973
24 5.63534228707068
25 5.878690358854511
26 5.902212660579906
27 5.917086496051861
28 5.5024864457836635
29 8.05597204645251
30 4.981668859764553
31 6.296433040586256
32 4.938360253587962
33 7.099383040014983
34 5.945413639726017
35 6.7143395160467385
36 5.803587211173333
37 6.494222689447372
38 5.910563337555602
39 8.390153375168515
40 5.263812237215283
41 7.841546273359301
42 5.030618023593463
43 5.821367608869681
44 6.733774035929616
45 7.532192788248569
46 6.6199485740472666
47 6.661140743980263
48 8.340697194231481
49 5.344670651793697
50 5.774057233276685
51 8.032675628127045
52 6.650557314848647
53 5.742002949351091
54 6.323661372991777
55 5.659817752033384
56 5.058796641985774
57 5.499814810845864
58 5.405827196652036
59 7.4475454131792125
60 6.430248449425591
61 6.62644562530806
62 4.133608424198638
63 5.922807306866096
64 6.694454989633687
65 4.8434036296990435
66 6.9515156281899095
67 6.2958825396794555
68 5.1760265314583265
69 4.568903746578971
70 5.731698501210402
71 8.180732260760138
72 5.2522335113739045
73 6.294211105590148
74 5.2586319135154165
75 5.656909267896437
76 5.295306333212822
77 5.519630365437044
78 6.630976522802247
79 7.291262639016256
80 6.800847643925499
81 4.77549595447684
82 5.969327857084092
83 5.695894724477749
84 4.9523463104949865
85 6.526057059269978
86 5.366419805524735
87 5.389718523310712
88 6.53869701904651
89 3.8191357846834624
90 5.247568177581975
91 4.7927532634980885
92 6.708220164671554
93 6.15947091194237
94 5.530257312612213
95 5.09088447703686
96 6.001091772561574
97 6.1892994189428086
98 6.7395982572822115
99 6.4853194909703165
100 6.0900569313772515
101 5.4251971109192745
102 7.355169784715615
103 6.525298537276332
104 4.798963661669969
105 5.345285857041395
106 6.0626375100573835
107 6.127323887248853
108 6.130056235069349
109 6.026643471648939
110 7.527796579260361
111 5.073129274825094
112 4.9530733523854
113 6.335861678429509
114 5.983425320452638
115 5.58251631141529
116 7.173188376900337
117 6.9407201010594415
118 4.674655814018211
119 6.7677555740181585
120 7.168222937546627
121 6.028285021853708
122 6.39909758670804
123 5.293235252782156
124 6.837389517502274
125 5.019223638832876
126 6.681643230715777
127 7.764152187903566
128 6.518001476238934
129 5.485095233761217
130 6.170505833749977
131 5.182784865951796
132 5.489398531909062
133 6.695496158344908
134 6.480268155186974
135 5.001881964901227
136 6.2648167927299205
137 5.131736174340011
138 6.058122271116864
139 6.47127797402764
140 4.8524418775988245
141 6.303664609026378
142 7.593520506141347
143 7.2052396683858255
144 5.4662943701851
145 4.807039327335457
146 8.042454206103955
147 6.721362732217314
148 7.881328725627841
149 7.803128351633962
150 5.701222294792216
151 5.830989038453764
152 7.335077333318279
153 6.851261457864872
154 7.682784057774742
155 4.721106075541948
156 6.289543148189253
157 5.068236269184951
158 7.6826993323665045
159 5.648085278298187
160 4.9322046796309404
161 6.490115874588144
162 8.37047190969219
163 7.042216837966635
164 6.283036907917451
165 6.485616739057235
166 4.784048201320069
167 5.522377713032438
168 7.1427317880886685
169 6.325009601436852
170 5.2908616516806335
171 5.572943642223462
172 5.16492840825534
173 4.716543949434639
174 6.930808313711647
175 5.8861664462030765
176 5.319159637534643
177 5.807768779649903
178 5.771875675837206
179 7.484604586139931
180 8.385039838844865
181 5.597714445147267
182 5.040575186930568
183 5.894386861303596
184 6.217358447238599
185 6.085750749226033
186 7.581369488191758
187 7.826091851921046
188 5.2772242969093
189 7.579136854479087
190 6.35134867752151
191 4.464951286048018
192 5.304098348516323
193 5.60394980740202
194 5.595275952924324
195 5.950506342669924
196 7.511273972256303
197 5.84451665683
198 6.4728078728548955
199 5.5353220251492115
200 6.557016882857271
201 6.944885716933951
202 5.885436846711841
203 5.451286048909807
204 5.151355154492903
205 7.687961117179311
206 5.235180256330386
207 7.621955967297192
208 6.807363196451881
209 7.426617049086465
210 5.962244666559093
211 7.128857804727479
212 6.943571148846841
213 6.167228874957857
214 7.396462731032466
215 6.531631378648569
216 4.317138218594204
217 6.492770607880231
218 6.0729776934710875
219 6.727079173894875
220 4.982012680017468
221 6.799948592648916
222 6.237203205428601
223 6.927617526065806
224 7.293778648667345
225 6.065529322135411
226 4.7635830357326565
227 4.782068109272323
228 6.728893838871794
229 6.4043170955679285
230 5.522086528029765
231 6.102983071325913
232 5.256760728038211
233 4.291318451272905
234 6.605171005794303
235 6.867407388195262
236 5.856695979380758
237 5.976862078818899
238 6.962706644305305
239 5.896694599495647
240 7.481833073762386
241 5.424465951996344
242 6.0945597207610405
243 6.427763732960576
244 6.640263528551258
245 4.394526864919276
246 5.317010281643717
247 5.363873721400674
248 6.683658740081389
249 6.15440662691257
250 5.943878938010642
251 6.615388851762341
252 4.871905306003549
253 5.088466389821673
254 6.406053493171981
255 6.01582986642698
256 7.006826946574717
257 5.568292228675904
258 4.869061345721637
259 6.3195203858410505
260 7.367105148002914
261 6.310374764536177
262 6.2294904689277875
263 6.55707900464928
264 5.194096224128587
265 6.2915780322085775
266 5.979458027002035
267 6.00903672051516
268 6.5552983875644175
269 6.9388224130081735
270 6.645337358645632
271 6.386102152593294
272 6.098922407276038
273 4.503491056504251
274 6.3869916832530915
275 6.768040960308827
276 4.7089951131724135
277 6.295263333776641
278 7.018246890450544
279 5.9004310581961406
280 6.087160276480724
281 3.701686051575692
282 6.779383130653663
283 5.225824729760963
284 5.5863310978899845
285 6.196651493421646
286 5.475926896665781
287 6.240355049955101
288 5.978248624037537
289 7.664340174835705
290 7.71253332623878
291 6.242927728641205
292 5.118756949022522
293 5.061624608850356
294 5.8030468326334175
295 6.275393309501515
296 4.910924600366773
297 4.2582015884145346
298 6.432136506207585
299 4.756297053203281
300 5.692883957443413
301 6.330888082671635
302 5.441059835281805
303 5.906624296473314
304 3.672541258667143
305 5.336736985339494
306 4.982838405699173
307 6.491110113090761
308 3.811461100331775
309 5.5134361630464825
310 7.568286052843444
311 6.603751721014056
312 5.341772177406407
313 7.687815816317698
314 3.45180619353105
315 6.716749122897798
316 7.802960889326276
317 4.640796735695263
318 6.5766810286828825
319 5.119324670543974
320 5.2618074913853805
321 5.584231799108255
322 5.641373058369235
323 8.160261033970434
324 7.000426364301431
325 5.212233069271675
326 6.449506342828724
327 6.242610371193628
328 6.207754911266233
329 5.735106450788766
330 5.9274264301159745
331 8.050770016460204
332 5.550224459811626
333 6.543324572415593
334 7.564497151649492
335 7.356089204200839
336 5.753348130159716
337 6.921508210442439
338 7.928757663616425
339 6.316298314243693
340 5.28944561122192
341 6.675036679125027
342 5.218074508087454
343 7.214750150743371
344 7.1684986297152316
345 6.7972047785695695
346 5.150871114120149
347 8.296427592870446
348 4.501213760761904
349 5.994927748378802
350 4.879318061780878
351 4.7391477426714035
352 5.9643304142919105
353 7.5451229024334285
354 5.812835658442373
355 7.292542626119417
356 6.339257858064893
357 5.851742950517485
358 7.006426367012681
359 5.167038714395097
360 5.1925630415629005
361 7.448259912073371
362 6.003582349186895
363 6.195036939439427
364 5.710399449636282
365 5.891630172727198
366 6.537822243887021
367 6.963936598233552
368 6.513299545996396
369 7.12050292726791
370 7.031989611545809
371 5.255546326723165
372 5.689481238684146
373 5.80705025490279
374 4.980927579637509
375 6.6729998292645885
376 6.105820584999429
377 6.960817268616976
378 7.035488244784651
379 5.718225345948689
380 8.003242910432999
381 5.730622659688483
382 5.6102362696471735
383 6.938031990847342
384 6.20815942950905
385 6.339506732403921
386 5.5589485399178304
387 5.322881624307136
388 7.405059109999706
389 5.905215646103644
390 5.099668778107793
391 5.490374116113473
392 6.660399279868122
393 5.493589185467646
394 7.105737124745898
395 5.291497483869448
396 4.712982553546743
397 5.3587751938583335
398 6.1693772219767045
399 6.231414775868382
400 5.616816197480472
401 7.014591202049497
402 6.430144504648148
403 6.594320899254674
404 6.487933375092638
405 4.506432920448209
406 7.172259745356275
407 4.880309930647433
408 6.525659076623352
409 5.116633129772249
410 7.989283124075636
411 6.367426083974801
412 4.7004281492950195
413 4.42475201111703
414 4.723361562544458
415 5.404514669662033
416 4.675288310752836
417 6.4899217226626424
418 4.358756183182664
419 6.338343033219361
420 6.740360907259049
421 7.3144072001086125
422 6.409759580052059
423 6.561714326263177
424 5.769987781560909
425 6.479507564734137
426 5.7639890721829055
427 5.820884972954898
428 6.898619195926765
429 6.038643001645794
430 4.542080330837703
431 7.661302232364505
432 7.536749133904784
433 5.7571550859786464
434 6.9767088554198855
435 7.219993783110652
436 7.493087475413469
437 6.303612229904303
438 6.3276049706888085
439 5.748939828150286
440 6.359256957027389
441 5.087035750432111
442 6.100118673519451
443 5.022955050197506
444 5.155318644092394
445 7.476465356868365
446 5.166355297844479
447 6.7028807861740525
448 5.0442159214168045
449 4.874781050915803
450 6.738472297693584
451 5.249353851608654
452 4.427698969838598
453 7.393042529074295
454 5.976651055807133
455 8.009732503702166
456 4.9902608678546185
457 8.843484804103555
458 5.396343767509131
459 5.283701828377693
460 5.88396345704486
461 6.916090222407141
462 5.443284854596253
463 5.2248384434603885
464 7.405822621955546
465 5.850075911761322
466 8.05239515687439
467 5.947826272623815
468 5.224481198633344
469 7.142484849801456
470 7.073617541806104
471 7.564109391537638
472 5.713419525478317
473 6.795589326505371
474 5.797960646594633
475 4.996937491827273
476 5.5041742611441435
477 5.05287026743619
478 5.217191562191737
479 5.680042648274398
480 6.057873271015299
481 7.372936053152927
482 5.399443677643479
483 5.225985820876036
484 6.299673563443023
485 6.060098246653203
486 5.633329896902788
487 6.889447607191065
488 6.708738141920557
489 6.582233646412325
490 5.9905355771630475
491 4.635727078311704
492 5.7622672027619455
493 5.97159964172559
494 6.073987723684
495 6.624243172621021
496 6.518182173815679
497 5.714033446926962
498 5.835226685019762
499 5.627681283115216
500 5.964943417798981
501 6.421668683734871
502 7.654692146468994
503 6.617537488227516
504 7.578381396879408
505 6.705869896609013
506 6.5819583689055055
507 6.374127153659566
508 6.71627681440437
509 7.779366202341903
510 7.221823561058782
511 6.290749040647208
512 6.352887041511275
513 5.917439964365552
514 8.44199420076469
515 6.369313646897776
516 4.753852716283968
517 5.5780148857122285
518 5.579376483732295
519 7.391691174350306
520 5.052462652563033
521 6.508202776661527
522 6.830993716857084
523 6.094896349696349
524 5.130174976501996
525 6.151083918154454
526 6.386824321203202
527 7.017136807853033
528 5.901351040413478
529 6.97951459053141
530 6.296208001711933
531 6.516429909331736
532 5.3387202851836815
533 8.388513026198012
534 5.930588235826675
535 5.202416207150545
536 6.845651789796733
537 6.2470925188603355
538 5.959811009074864
539 6.24613545270413
540 6.378201297112382
541 6.552278815283991
542 6.787479173357823
543 4.828358125825665
544 5.621929961056577
545 6.073558357009618
546 5.3301745441860096
547 4.596840076864237
548 6.17142752084948
549 4.645455884725364
550 7.364984005339513
551 7.672073543225645
552 6.595851157768084
553 6.85118037234296
554 7.879140173577756
555 5.281553660897239
556 6.532252529537791
557 6.563745988792014
558 5.26768165030971
559 6.15521619030353
560 7.728760944442718
561 6.218699421678446
562 5.0378921361262705
563 5.946310994548997
564 7.631902429856076
565 4.837390085826736
566 5.722831860139988
567 6.9506264397739095
568 5.207542387989806
569 5.206756143467367
570 5.419278686779556
571 6.865401750730622
572 7.899272840283705
573 6.391787971023673
574 5.292460098995934
575 4.513880208633061
576 7.047822864146078
577 4.586586845247172
578 7.912937743674429
579 6.008591585351654
580 4.278184756286452
581 7.109928082090125
582 7.166300992448587
583 5.22266417652063
584 5.015489981793629
585 5.325537577521325
586 5.444090195671991
587 4.306783665917119
588 5.942513776216301
589 7.64410582968487
590 6.4238412277352515
591 5.050708077689753
592 7.23629370650749
593 7.060388294501632
594 6.206456323766878
595 4.640958584102596
596 7.654922680243826
597 5.340835022505848
598 5.759066537259506
599 6.342851964642358
600 4.613912014399782
601 7.399065264757507
602 6.5203817964817725
603 7.214803831608372
604 5.101742858013175
605 6.159597317486786
606 6.018270844925635
607 6.098103993703097
608 4.834060590684421
609 5.735617945535685
610 5.0414895310904635
611 4.502374646614424
612 7.164312803992264
613 6.172906871357366
614 7.02614021761539
615 5.9638871246558445
616 6.848893591369749
617 5.839987670799707
618 7.99515401408623
619 4.839450928395739
620 5.041337195525735
621 7.017467020632277
622 5.518686380397944
623 4.55039938366056
624 5.896024312745597
625 5.978989841695535
626 5.346712931385429
627 5.465605785536737
628 6.432995755481674
629 5.741892774786204
630 6.294413705154197
631 6.165582724723192
632 7.227959904492476
633 5.605093294833651
634 8.166555012554463
635 6.138199304910843
636 6.605626892523792
637 6.407996860845178
638 6.25951970765468
639 7.315562154828849
640 4.797292150898951
641 6.148576939665392
642 4.318533623103673
643 6.35756703562132
644 7.7823269070101775
645 6.998174456096147
646 7.213217336703686
647 5.449656457216465
648 6.468705117637693
649 7.037156144408182
650 4.543559171192663
651 5.859773130346982
652 6.6026736186669135
653 5.638771676430704
654 6.326247776557668
655 4.380728051034188
656 6.296208412193854
657 5.162411007298024
658 7.994663222848604
659 5.42017229468042
660 5.831882247100676
661 6.468136420156784
662 5.326004490010399
663 6.781752332349213
664 5.536761535509817
665 4.48882623896081
666 6.462878944219519
667 6.6624069466480496
668 6.061586019220443
669 4.6124119097385865
670 6.6321100740853005
671 5.942339286618468
672 6.122206175660134
673 6.609782831558958
674 5.737834567281141
675 5.643956426123988
676 4.975181191802538
677 4.128208248942696
678 6.162777074686962
679 7.64221397440109
680 5.644138325743997
681 6.474965468723402
682 5.380935856897238
683 4.274457030386267
684 5.125980008992946
685 4.77774520963599
686 6.8317882605769205
687 6.067728277475792
688 6.144662403755513
689 7.22549923217752
690 6.560306929702511
691 7.6550023124793825
692 6.023211341267142
693 7.379895099307803
694 4.34607913365923
695 5.611138732973867
696 8.476006441928163
697 5.723739560443408
698 4.351986352639043
699 4.973085846986972
700 5.32970512937632
701 5.687831257293203
702 6.338420304455559
703 6.865799092116922
704 4.623055973708086
705 5.669171694443733
706 7.208333260377241
707 7.037660082346026
708 4.178052353716471
709 6.781749627240844
710 4.509807699871441
711 5.365866903094377
712 5.2187303243934124
713 5.6306547562776466
714 6.334460363551184
715 4.989998190704972
716 7.494433192942676
717 8.092894314896004
718 4.318653371425246
719 6.593162628671611
720 6.467243261476876
721 6.2127363974799215
722 6.073176261748558
723 6.001849489844725
724 8.858593698239018
725 5.519129187250682
726 6.275476728632655
727 5.099342408521166
728 5.914127476252856
729 6.825990547323841
730 6.516780099945099
731 4.962818422527911
732 5.366209768000941
733 3.9074138992764182
734 7.056836197629181
735 5.18036608410812
736 5.668697280847533
737 5.928032772241109
738 5.966934406659571
739 5.773002977520121
740 5.329435684955927
741 6.606545459249858
742 6.5619136330128525
743 5.363597732796657
744 7.55909795379995
745 8.134801319918312
746 6.131535278678771
747 7.740611240481516
748 5.630228020212668
