1 4.7874844700617185
2 5.5469625958257724
3 5.752132005248646
4 5.494146123571215
5 5.681215922274211
6 4.654282297170154
7 4.744184078112605
8 3.8227414759250915
9 4.578931779472245
10 5.28726874650303
11 4.29747247866662
12 4.663392741662417
13 5.196802276895268
14 5.1065088128512235
15 5.491953030164882
16 5.708116900758031
17 4.84127898010652
18 5.209332368092878
19 4.2863695766003
20 4.695916580858183
21 5.4203553590267095
22 5.605496933930811
23 5.142522138511107
24 5.2002285973764675
25 4.404137132828089
26 3.8391837739688053
27 4.534777811405682
28 5.049839734055027
29 5.283726104919393
30 4.2903047433822215
31 3.7519325913746973
32 4.8557321053216524
33 3.8432711762031886
34 4.650153109189808
35 5.038107709612044
36 3.6316371081751635
37 5.255931076063904
38 4.940432597723115
39 5.410773623344876
40 5.208659444236474
41 4.26825780378264
42 5.114740954140547
43 4.21616770911746
44 5.4087980562561775
45 5.188147319680434
46 3.99150373808648
47 3.055850767954206
48 3.990435285937337
49 4.398295931705047
50 5.212284456691947
51 4.463282696463698
52 3.4495703944035303
53 4.305962023414378
54 5.6151300352925
55 4.887279137837759
56 4.913701021490208
57 5.3388616391884
58 3.5465591296172994
59 4.126895256886669
60 3.590490023404433
61 5.094199202311677
62 5.552940163066143
63 4.031272427700278
64 5.342352551789037
65 5.338120727784497
66 4.282681797506775
67 4.277509342025629
68 4.96047604053148
69 4.2870422882536525
70 5.190969743672184
71 5.984060046562136
72 4.523745467341302
73 4.926086597965454
74 4.727141254230805
75 3.882391123074125
76 3.831535768877617
77 3.442331275413923
78 5.304860074781536
79 4.9730430165710375
80 4.703414898605288
81 4.327247598094573
82 4.7006255502760474
83 5.03704518803158
84 3.7740575189995527
85 4.334142596727707
86 4.043173641284952
87 3.0607715993922646
88 4.547526552528775
89 4.68769692298347
90 3.6034523175677085
91 6.250639733255561
92 3.6636966798473285
93 5.198379506174284
94 3.723217406893891
95 4.177163868757362
96 5.646619031199967
97 5.060041358528332
98 4.918239877812422
99 3.8330354410768965
100 4.994083046220142
101 4.750000702191155
102 5.9364474343307165
103 5.155355560968068
104 5.008130357824319
105 5.2933552173557
106 4.808677031240753
107 5.242636171211857
108 5.082383649688604
109 4.860766559464061
110 5.314565668062596
111 4.9939624169369585
112 4.259790489231474
113 3.7363699377573805
114 3.477465552116188
115 3.9923191347842164
116 5.398025950603065
117 4.766612351414757
118 5.188490565225325
119 5.121724468024971
120 4.442516099166845
121 5.157292100663551
122 5.343629884329419
123 4.4591280833314775
124 3.812087421997355
125 4.992777268683391
126 3.832737309625779
127 5.9766869927587205
128 4.581785170175535
129 4.631803969133923
130 4.3048525057312155
131 6.146286465201134
132 5.625307565993513
133 5.377042478779753
134 5.184950218326036
135 4.113652630413443
136 5.812076953257389
137 3.196502095345346
138 3.4807501673657675
139 4.749971225951268
140 4.24943860161195
141 4.5743452085758705
142 4.274741403197158
143 5.913556995869112
144 4.833620718842033
145 4.516666992754977
146 5.0790059441817785
147 4.476093978856897
148 4.365765238571617
149 4.993169252289602
150 4.742129233938348
151 4.267737916510424
152 5.759066641085757
153 3.078082999542084
154 4.702907433003701
155 3.474600474356647
156 4.640107642866297
157 3.599114016343214
158 4.685467456250198
159 4.605059352548949
160 4.534471266370146
161 3.9221474276086927
162 4.770182486641658
163 3.8139291784518132
164 4.682683129201697
165 5.333490500409014
166 3.4434494035636787
167 3.960031228398501
168 4.263378110004169
169 4.493798536177679
170 6.227869135199917
171 5.050882034779478
172 4.607109769705441
173 5.048666543628537
174 4.292317714388634
175 4.710550093922729
176 5.101575918225628
177 6.613946128838136
178 4.87947689664169
179 5.82188730242635
180 4.42168172464444
181 6.64589123742808
182 4.407013075140836
183 4.725218232983905
184 3.5039568972017996
185 4.640286445924512
186 3.938737774299296
187 5.91876734713554
188 4.560064749936448
189 4.1491908015317165
190 5.060334588012205
191 3.9117592288341343
192 4.323977543534256
193 3.485979936214305
194 4.299656329346722
195 5.138280273052544
196 5.692083122834557
197 4.554214520886102
198 4.3796714491909245
199 4.796034785394377
200 3.859191249855345
201 4.059287555334896
202 5.122956646394145
203 4.13176070555389
204 4.483638526399286
205 4.118645291677433
206 5.8415542252788075
207 4.272142883867795
208 4.4302375876882385
209 4.159527461641581
210 5.907763132991089
211 5.8469223443715315
212 5.570275391606986
213 3.8435360184937144
214 4.3283665356524486
215 3.4716443639024464
216 4.430487706832296
217 5.145349539780439
218 4.680334167217898
219 3.5704736723676196
220 4.733490221181279
221 4.245578514986385
222 6.455689914117608
223 4.82416340266235
224 5.7257802876303625
225 4.306182189397838
226 5.256233170589416
227 4.686325393002758
228 5.957979746530267
229 4.647655647386187
230 4.451261210754297
231 4.9671494403566445
232 4.0309990069373125
233 4.596455368382606
234 4.567990580706539
235 4.130914366887856
236 5.3478367419330315
237 4.434604367490959
238 4.614589544324309
239 3.0579473106830743
240 4.371371776048216
241 4.7436684392811665
242 4.334610160203393
243 4.443001021485617
244 5.469388765739671
245 5.697011738710733
246 3.5966710979074965
247 4.247109931963493
248 3.9909926856293163
249 4.279157995382245
250 4.128780783251691
251 4.757479219875193
252 4.924945700880657
253 3.939480669866875
254 4.7315849440672135
255 4.107647980993112
256 5.306762637762846
257 4.174978302849267
258 5.305560341633517
259 4.712555750642885
260 6.766626314817637
261 5.094429742878478
262 4.017322864236423
263 3.9194448729435862
264 4.477360743776824
265 5.498164628696032
266 4.241110833417964
267 4.886519146990036
268 4.172537020996041
269 4.400753740033877
270 4.544669041466843
271 4.059818041452101
272 4.263172255903346
273 4.860776894095393
274 4.646990984544172
275 6.845555209551452
276 4.910876903253225
277 2.600509276313346
278 5.656398254307204
279 3.906571642376326
280 3.3153251131837025
281 4.847303579265461
282 2.9263601257442207
283 4.926052028072097
284 3.818776641375596
285 5.492046557212628
286 4.177673473317978
287 4.576471524037258
288 5.133501621556212
289 4.522940067003883
290 3.4599983978930164
291 5.407913135929619
292 4.975248265071668
293 5.325958761884441
294 4.620851371255958
295 4.765570662907507
296 4.55040747760844
297 4.814566802402044
298 4.248893308444641
299 4.442310315630433
300 3.117097309533914
301 4.994768679317219
302 5.567546211891771
303 4.1098331007638125
304 5.205506447654262
305 4.756950677969349
306 6.029524578032431
307 4.167598482250215
308 4.728180849895796
309 4.42683040862631
310 4.482824121633051
311 4.5856441244711155
312 4.33948764017654
313 4.598818084306767
314 4.322439265514222
315 5.060735010865092
316 4.97457368294663
317 4.849164454312869
318 4.494301027966636
319 4.038006443936694
320 4.234726727251558
321 5.1984787396349565
322 4.944639450457773
323 5.543363589005796
324 3.8197750635889616
325 5.062272817352049
326 5.255268314160653
327 4.879165312243025
328 3.828967763455194
329 3.8520732318277893
330 6.063518835503037
331 4.746189777320479
332 4.734746307036883
333 4.172151826948564
334 3.4628160765509692
335 5.256559218156952
336 4.159669793497586
337 5.291305024679177
338 5.784403055172412
339 4.932912424958208
340 3.8349713842215905
341 5.36424799328609
342 3.8160958648987737
343 3.849940919744762
344 4.011379055297483
345 5.662958875596243
346 3.2863379894573614
347 4.855708857028322
348 4.431676590892211
349 5.1789210493077915
350 4.982425843835465
351 6.337541175516102
352 5.033125529888628
353 4.446377754589568
354 4.709482808119722
355 3.948812605967128
356 4.604678471626908
357 4.2025087127034695
358 6.283773312430942
359 4.255244380147554
360 4.509913217229403
361 4.701771661565263
362 4.412567743196899
363 4.221473789248168
364 5.680102423847886
365 5.922123686634274
366 4.3864136171431465
367 5.3064467450231465
368 5.815968292235606
369 5.118844642859447
370 5.169215124100796
371 5.4175736594639
372 4.272075606138867
373 3.2881298603187132
374 5.5887572561599255
375 3.3205713732837605
376 4.169477243843909
377 4.244711630969024
378 5.621699805082369
379 6.181821198927904
380 3.835867576626666
381 3.6943199046566333
382 4.450723474779917
383 2.6317193175843534
384 6.449993539967059
385 5.53396478531299
386 5.024843051781871
387 4.832073900094518
388 4.561612142246118
389 4.758230062406697
390 4.26809190381369
391 3.707643789303668
392 4.615915823038087
393 5.286185769574805
394 4.703554886634291
395 4.312127314107563
396 5.089012337927161
397 5.361538484015946
398 4.428280934569699
399 2.932986752531034
400 4.5914989333327
401 4.256056909372448
402 4.31907840581844
403 5.476095096496381
404 3.5953594822621167
405 5.5684379970085045
406 3.3254713060165892
407 4.5807610624742425
408 4.81292445962321
409 3.6315152893996485
410 4.393985539183046
411 4.600759836496152
412 6.090279375445026
413 5.772739204773077
414 4.198965339004627
415 4.170446851177012
416 5.753631920428607
417 5.171758644046653
418 5.553904163081032
419 4.176012817688272
420 5.363383910635988
421 4.17861790804567
422 4.377148562213891
423 4.724934685467727
424 4.794361294792314
425 4.70243216231414
426 5.595110489579141
427 5.017140174212422
428 4.673303574426115
429 5.492299764764835
430 3.29977806322999
431 4.927713752061832
432 3.726166863674684
433 4.5191756693281375
434 4.048112288740018
435 4.7895101495634105
436 3.9943274614549806
437 6.051968316324279
438 3.728721009690224
439 5.525152832199567
440 3.9693353120032118
441 4.4338608764308365
442 3.5161511648881625
443 4.578747949545599
444 4.25691798734694
445 5.2707259534228195
446 6.374273518045735
447 4.243301599005486
448 5.2513254277626755
449 5.374623880301149
450 3.758619839447836
451 3.8128251009477214
452 5.310821091850849
453 4.656409181057931
454 5.056992924305723
455 3.725309264013696
456 5.2005783209342145
457 5.613195310609411
458 4.6120535793530895
459 3.764413178533058
460 4.656306788879315
461 5.723823444019673
462 6.517020787059605
463 3.4544796899059484
464 5.287483248062268
465 4.194787703633713
466 5.141920268140152
467 5.520823769808681
468 4.106527610636374
469 3.874362812057247
470 4.913918142026015
471 5.374276672298691
472 4.606808585674752
473 6.001565145197253
474 5.8472973335159715
475 4.575843055297564
476 4.640129986821566
477 5.057626965892167
478 5.570833258116319
479 4.792321773563219
480 4.73437874529358
481 4.2885066087592385
482 4.625063649100087
483 3.8718209539867505
484 4.466489968013336
485 4.59641224131425
486 5.247689860412322
487 4.190134318784772
488 5.258104059474797
489 4.127776768587949
490 5.391476038725791
491 4.055263683581811
492 4.728069757322427
493 4.679467358646634
494 4.248894762166701
495 4.752463353579808
496 5.58172657718501
497 4.451660033710285
498 5.69731628913402
499 4.868524023679355
500 5.949414410101656
501 5.611588178907757
502 3.8779459049197764
503 4.677308070622368
504 3.033311220558833
505 4.595687436541922
506 4.856096907139934
507 4.802045160832033
508 6.046323163469371
509 5.127415143568794
510 6.098321873552481
511 3.5032913265494288
512 4.173802401232133
513 5.727331295082376
514 6.155249906549744
515 5.368659754616605
516 5.8571994418732345
517 4.589076817960949
518 6.0785257703891435
519 5.638602877757705
520 5.932417246009729
521 4.759273993146635
522 5.9074209362457815
523 4.583888886238537
524 4.8967151978010355
525 4.437769063377669
526 4.6234043093596116
527 3.9709687718103965
528 5.061201564355743
529 5.021622914200974
530 4.606385441725175
531 3.9205026193668404
532 3.7205668021983085
533 4.272318189506711
534 4.1626105254896615
535 4.828464121200411
536 5.09969427099903
537 4.0378327339100855
538 5.315709073234437
539 4.791073066140856
540 3.8226308937915316
541 4.157418957654264
542 3.254146290530602
543 4.909470365737607
544 5.43562706433417
545 5.643345465219555
546 4.810496995776756
547 5.047990515177953
548 3.9510919600064227
549 5.5900718348703275
550 4.894988034853781
551 4.18733776528159
552 4.529510467867452
553 3.299719532329347
554 4.551683961624504
555 4.171768457282792
556 3.3087437752924624
557 5.358967747008638
558 5.38135236094558
559 4.166651901860843
560 4.850923872971439
561 4.2574089734873795
562 4.115442346901468
563 5.124533736118813
564 5.11324597606323
565 4.025692734350154
566 5.505312674970635
567 4.781363271646042
568 5.405140176456806
569 6.322092103482917
570 4.7583868262720275
571 4.638302324533289
572 4.834189089468487
573 4.392904989487112
574 4.609780604302934
575 4.961992236427401
576 3.8652860594328615
577 6.483130970974485
578 5.567278227629317
579 4.158944651388033
580 4.9227237200362755
581 4.296369963839065
582 3.58033404051497
583 4.926028197114682
584 5.306049169209277
585 4.137316348000258
586 3.811938474848187
587 4.777677417920017
588 5.958939282715063
589 4.562522249273833
590 4.236329624073044
591 5.079489758409196
592 4.516255991055804
593 5.488563879968222
594 4.79255767257127
595 4.284688073905773
596 4.047661959165016
597 4.994728509780072
598 3.724064872746258
599 5.6244635427363905
600 4.929138158252916
601 5.2105653152436915
602 3.803725306988174
603 5.291251672623526
604 5.1386735378751744
605 2.928781086554307
606 4.715013416745008
607 4.14531842957189
608 5.100360671511948
609 4.0545216021350265
610 5.6517894589693025
611 4.417287739181986
612 4.010606173449952
613 4.888102164654766
614 4.926965861262615
615 4.095359185520244
616 4.356112492946201
617 4.725123937799367
618 5.438660864058484
619 4.367601342549935
620 5.59152869461516
621 4.224131688109126
622 5.446910219014517
623 4.739996546048292
624 3.7661956788320112
625 3.8623199281030662
626 4.355412115004188
627 4.457610944079117
628 4.438093837760049
629 4.944243996837324
630 4.882351700620981
631 4.313880365016733
632 4.979891670591547
633 5.009583596547907
634 3.6529597200128854
635 4.188688856685788
636 4.732411056241409
637 5.433709736508688
638 4.180334952519951
639 4.678114348957761
640 3.8693222811295995
641 5.384196564180574
642 5.054486971627641
643 5.740543936468437
644 4.375906092727849
645 4.18302358134622
646 4.2679058192451205
647 4.083604421845562
648 4.196227160163385
649 4.247623261700397
650 5.51901995971465
651 4.160569402850844
652 4.477161634894461
653 3.6722729477551668
654 5.514626215085929
655 4.753835517699589
656 4.331922981538988
657 4.26269212170043
658 5.199369607379346
659 4.545102707704653
660 3.822085130773151
661 5.09963637212351
662 3.4341136535662757
663 3.758604069560895
664 5.4674036363213325
665 4.77249641101122
666 3.8104934410243665
667 4.7375837271361885
668 3.9822176759370804
669 5.761582954175618
670 5.965727137552281
671 4.978219370033849
672 5.834091637171988
673 4.259514756736529
674 4.864721024876978
675 5.640919976584647
676 3.7168849060112588
677 4.932975860520013
678 4.534912627804198
679 4.8163869174740235
680 3.832925882236343
681 4.595946586136191
682 6.025357735533483
683 4.89906973015305
684 5.8862580626833
685 4.1419091761382205
686 5.349183066974087
687 5.649017400987447
688 4.762423970138173
689 4.498739236559148
690 4.21460310356239
691 4.09366177431798
692 4.804870377033387
693 5.352790111390838
694 4.804848630116986
695 5.301337670916355
696 6.007938384645953
697 4.47972037033946
698 4.053149938202558
699 5.686444194354837
700 5.099521212715068
701 4.05084947127352
702 4.460668266539781
703 4.624710794709294
704 4.629123093592715
705 5.77423009742688
706 4.6433319366714185
707 3.6686577983374087
708 4.8176198802421775
709 5.461991320986579
710 5.022364113890472
711 5.503373795534982
712 4.926588683916389
713 5.106156782571167
714 4.900108158822788
715 5.2488661342143015
716 4.205189566384826
717 4.688412419833536
718 4.887887587415355
719 4.059931400460467
720 5.050768029485338
721 5.306460944525444
722 4.825286364818414
723 5.000213716772116
724 5.577727352093206
725 5.172288239686261
726 5.351893519742316
727 4.773620892700686
728 4.62187657704801
729 4.274657209594756
730 3.5922967839503337
731 3.50860355873004
732 4.878755989810858
733 4.265447485860347
734 4.82384618746217
735 5.116256279405884
736 3.6708831082438835
737 4.727140364887248
738 5.231558946381004
739 4.662604632136831
740 4.614834997685436
741 5.25855902999535
742 4.017201051024629
743 5.0036861418286085
744 3.4875750318359082
745 4.0165869482811445
746 4.008609883365372
747 4.191918471766056
748 4.395908954924069
749 4.792960385428911
750 5.616649480174027
751 4.464467352716251
752 3.9104220558166496
753 4.254966175268113
754 5.575402369264676
755 5.687136870605982
756 5.569837097953728
757 4.6557267152539445
758 5.721218081070374
759 5.085587814832112
760 5.331566940723992
761 4.105682818029661
762 4.917236517850334
763 4.526210523311766
764 5.216597168217156
765 4.753810818299762
766 4.562116713514228
767 4.140971962094193
768 5.0453029875410635
769 4.774795060259098
770 3.7412699498336384
771 3.853859778459773
772 5.677495472214729
773 5.346079915752714
774 4.351069132880665
775 6.261455217890673
776 5.444825342955345
777 4.337718087495096
778 5.399439258216571
779 4.055138141195052
780 6.156195383031245
781 4.388465261918247
782 3.779118585271553
783 4.923777257285478
784 5.572392563673947
785 5.914200378887675
786 4.046595337617537
787 4.641104770605108
788 4.238960370925502
789 5.665663139211754
790 4.284750701412567
791 3.9689813467169284
792 3.9805111049234148
793 5.14874772021806
794 4.182660352375646
795 5.815323785294973
796 3.9517858313652137
797 6.394632659941441
798 6.104954635300969
799 4.809740699495392
800 3.7430737601054864
801 4.597765909285434
802 4.56372758369353
803 4.970888726672729
804 5.644850208904713
805 4.402149620339414
806 4.838156000445769
807 4.3471210889860705
808 4.776341588896136
809 4.383481984410122
810 5.504992522647065
811 5.600288926731157
812 4.75709742081259
813 3.5232898361984955
814 5.828012244772591
815 4.511834529725463
816 3.4278506494082825
817 4.556204035266132
818 3.7812135366605917
819 4.800146182227728
820 4.424442846580615
821 4.130688148836196
822 4.501999849663261
823 4.536771153869502
824 5.178076120909281
825 4.098619134577737
826 4.147507262317719
827 5.439706477310108
828 5.731286894397162
829 4.91253490283336
830 4.852300661698374
831 4.31475876021064
832 5.671590047143837
833 4.925270444470848
834 4.752477170135726
835 5.584960639643571
836 3.886980128799315
837 4.376535484451086
838 4.465173936409037
839 3.48287094939666
840 4.332745605639655
841 4.784505110294346
842 6.156276210650583
843 4.032774697732092
844 6.002847168424427
845 4.348760925319974
846 4.257123676891422
847 5.212837200642914
848 5.191243964517294
849 5.447162334807303
850 4.419554550815723
851 4.978944800311438
852 4.78385179049132
853 5.570274882597577
854 6.773400307160927
855 4.956478335255149
856 3.9801288178301473
857 5.1769043207561705
858 4.748602774861347
859 5.571735094935828
860 4.762039702705858
861 5.229882318465724
862 5.035323569105222
863 5.418679399895642
864 4.734002601386413
865 4.330169294801621
866 3.974275708757752
867 4.620143760515376
868 5.6457103626841265
869 5.008342517136759
870 5.118136459751385
871 6.151037866332184
872 4.835791347242202
873 6.497379835599726
874 5.245009161251504
875 6.177356198617434
876 5.5084898502319986
877 5.544030443007491
878 5.389033439670706
879 4.720993737679487
880 4.050691200321753
881 5.071658386766301
882 4.737630286255074
883 5.372289492731755
884 4.413764162692817
885 6.231063966318423
886 6.461896750314233
887 4.777061725534199
888 5.383456113191336
889 5.3812936493931
890 4.54167942786159
891 4.61179427284715
892 5.066727518189677
893 4.539068208025279
894 5.753506568700824
895 4.838626925124958
896 4.796583433900336
897 5.422306627326691
898 3.9414053104563482
899 5.666231260433324
900 5.396676797947073
901 4.56515464441718
902 5.929814680494195
903 5.0435254205252615
904 4.891352584200919
905 3.8658642090151556
906 4.820461871252668
907 4.543094741296639
908 5.311522072563914
909 4.6513132215389525
910 4.939837302016167
911 4.108852922192203
912 4.177799980028528
913 5.499845119930662
914 4.28420057336207
915 5.296072458579292
916 4.205763608610519
917 4.196709187063364
918 3.9730992330279196
919 4.50783406457864
920 5.185288159755107
921 4.50408130603678
922 5.1097737319247525
923 4.131301028850204
924 4.8878217178612875
925 5.584600110535855
926 4.409451139948295
927 5.012158580043223
928 5.928759507727143
929 3.476625588766672
930 4.81762799881388
931 4.705846226246271
932 5.022852349788908
933 4.090351841735059
934 4.6564299821693185
935 4.461832474691955
936 5.2434984945579375
937 4.543024463438931
938 5.520271630912251
939 5.48455985703
940 5.2543835265097005
941 3.83059618696832
942 4.29052196118916
943 7.071230560854048
944 4.825651862100319
945 4.460610316216988
946 4.8368983445155
947 3.5600102006413383
948 5.333870281048177
949 4.6259284572653065
950 5.231736976056746
951 4.525194822450481
952 4.512571358799978
953 4.770773345779705
954 4.65852363774659
955 4.082457083285538
956 4.927996250155323
957 4.919427054438926
958 4.622328086102461
959 4.6253834196817
960 4.75633286512083
961 4.504548672218607
962 3.711972896888152
963 4.331847127550685
964 5.197498220059626
965 5.922441137681119
966 4.513301089677809
967 3.664412808331067
968 5.537970404862093
969 4.730276280168387
970 4.001140062279047
971 5.084026103793329
972 4.143621123669655
973 5.038590917976533
974 3.881761324758593
975 3.8657004645936697
976 4.090206914740871
977 5.053022532515453
978 4.045386733360026
979 4.901403629368259
980 3.3694184338504254
981 4.489076087602379
982 4.445640641084453
983 4.203204918104346
984 5.031614977979106
985 5.283040610606015
986 3.7165265334106414
987 3.7858581755056724
988 4.0397301454900205
989 5.28612517347924
990 4.679376631347009
991 4.113116660436303
992 4.255460481942262
993 4.128143974784852
994 4.759696796270034
995 4.3760658765602445
996 3.742783914191083
997 4.470860857318048
998 4.746043431819975
999 3.462854899384314
1000 5.337548259979534
