1 -1.888029900825174
2 -1.888029900825174
3 -1.888029900825174
4 -1.888029900825174
5 -1.888029900825174
6 -1.8886704310886753
7 -1.8943792889217517
8 -1.8943792889217517
9 -1.9039990826459445
10 -1.9039990826459445
11 -1.9039990826459445
12 -1.9039990826459445
13 -1.9039990826459445
14 -1.9039990826459445
15 -1.9039990826459445
16 -1.9039990826459445
17 -1.9039990826459445
18 -1.9039990826459445
19 -1.9039990826459445
20 -1.9078863863639417
21 -1.9078863863639417
22 -1.9078863863639417
23 -1.9078863863639417
24 -1.9078863863639417
25 -1.9078863863639417
26 -1.9078863863639417
27 -1.9078863863639417
28 -1.9078863863639417
29 -1.9078863863639417
30 -1.9078863863639417
31 -1.9078863863639417
32 -1.9078863863639417
33 -1.9078863863639417
34 -1.9078863863639417
35 -1.9078863863639417
36 -1.9078863863639417
37 -1.9078863863639417
38 -1.9078863863639417
39 -1.9078863863639417
40 -1.9078863863639417
41 -1.9078863863639417
42 -1.9078863863639417
43 -1.9078863863639417
44 -1.9078863863639417
45 -1.9078863863639417
46 -1.9078863863639417
47 -1.9078863863639417
48 -1.9078863863639417
49 -1.9078863863639417
50 -1.9078863863639417
51 -1.9078863863639417
52 -1.9078863863639417
53 -1.9080639785342344
54 -1.9080639785342344
55 -1.9082525757577233
56 -1.9082525757577233
57 -1.9082525757577233
58 -1.9082525757577233
59 -1.9082525757577233
60 -1.9082525757577233
61 -1.9082525757577233
62 -1.9082525757577233
63 -1.9082525757577233
64 -1.9082525757577233
65 -1.9082525757577233
66 -1.9082525757577233
67 -1.9082525757577233
68 -1.9082525757577233
69 -1.9082525757577233
70 -1.9082525757577233
71 -1.9082525757577233
72 -1.9082525757577233
73 -1.9082525757577233
74 -1.9082525757577233
75 -1.9082525757577233
76 -1.9082525757577233
77 -1.9082525757577233
78 -1.9082525757577233
79 -1.9082525757577233
80 -1.9082525757577233
81 -1.9082525757577233
82 -1.9082525757577233
83 -1.9082525757577233
84 -1.9082525757577233
85 -1.9082525757577233
86 -1.9082525757577233
87 -1.9082525757577233
88 -1.9082525757577233
89 -1.9082525757577233
90 -1.9082525757577233
91 -1.9082525757577233
92 -1.9082525757577233
93 -1.9082525757577233
94 -1.9082525757577233
95 -1.9082525757577233
96 -1.9082525757577233
97 -1.9082525757577233
98 -1.9082525757577233
99 -1.9082525757577233
100 -1.9082525757577233
101 -1.9082525757577233
102 -1.9082525757577233
103 -1.9082525757577233
104 -1.9082525757577233
105 -1.9082525757577233
106 -1.9082525757577233
107 -1.9082525757577233
108 -1.9082525757577233
109 -1.9082525757577233
110 -1.9082525757577233
111 -1.9082525757577233
112 -1.9082525757577233
113 -1.9082525757577233
114 -1.9082525757577233
115 -1.9082525757577233
116 -1.9082525757577233
117 -1.9082525757577233
118 -1.9082525757577233
119 -1.9082525757577233
120 -1.9082525757577233
121 -1.9082525757577233
122 -1.9082525757577233
123 -1.908255726487226
124 -1.908255726487226
125 -1.908255726487226
126 -1.9082604708632265
127 -1.9082604708632265
128 -1.9082615758374768
129 -1.908263573309556
130 -1.908263573309556
131 -1.908263573309556
132 -1.908263573309556
133 -1.9082640792125192
134 -1.9082640792125192
135 -1.9082640792125192
136 -1.9082652734100476
137 -1.9082658230850322
138 -1.9082729418108655
139 -1.9082729418108655
140 -1.9082729418108655
141 -1.9082729418108655
142 -1.9082729418108655
143 -1.9082731464940776
144 -1.9082740748507891
145 -1.9082740748507891
146 -1.9082740748507891
147 -1.9082740748507891
148 -1.9082740748507891
149 -1.9082746670829285
150 -1.9082746670829285
151 -1.9082746670829285
152 -1.9082784212502588
153 -1.9108127264886194
154 -1.9108127264886194
155 -1.9108127264886194
156 -1.9108127264886194
157 -1.9108127264886194
158 -1.9108127264886194
159 -1.9108127264886194
160 -1.9108127264886194
161 -1.9108127264886194
162 -1.9108127264886194
163 -1.9108127264886194
164 -1.9108127264886194
165 -1.9108127264886194
166 -1.9108127264886194
167 -1.9108127264886194
168 -1.9108127264886194
169 -1.9108127264886194
170 -1.9108127264886194
171 -1.9108127264886194
172 -1.9108127264886194
173 -1.9108127264886194
174 -1.9108127264886194
175 -1.9108127264886194
176 -1.9108127264886194
177 -1.9108127264886194
178 -1.9108127264886194
179 -1.9108127264886194
180 -1.9108127264886194
181 -1.9108127264886194
182 -1.9108127264886194
183 -1.9108127264886194
184 -1.9108127264886194
185 -1.9108127264886194
186 -1.9108127264886194
187 -1.9108127264886194
188 -1.9108127264886194
189 -1.9108127264886194
190 -1.9108127264886194
191 -1.9108127264886194
192 -1.9108127264886194
193 -1.9108127264886194
194 -1.9108127264886194
195 -1.9108127264886194
196 -1.9108127264886194
197 -1.9108127264886194
198 -1.9108127264886194
199 -1.9108127264886194
200 -1.9108127264886194
201 -1.9108127264886194
202 -1.9108127264886194
203 -1.9108127264886194
204 -1.9108127264886194
205 -1.9108127264886194
206 -1.9108127264886194
207 -1.9108127264886194
208 -1.9108127264886194
209 -1.9108127264886194
210 -1.9108127264886194
211 -1.9108127264886194
212 -1.9108127264886194
213 -1.9108127264886194
214 -1.9108127264886194
215 -1.9108127264886194
216 -1.9108127264886194
217 -1.9108127264886194
218 -1.9108127264886194
219 -1.9108127264886194
220 -1.9108127264886194
221 -1.9108127264886194
222 -1.9108127264886194
223 -1.9108127264886194
224 -1.9108127264886194
225 -1.9108127264886194
226 -1.9108127264886194
227 -1.9108127264886194
228 -1.9108127264886194
229 -1.9108127264886194
230 -1.9108127264886194
231 -1.9108127264886194
232 -1.9108127264886194
233 -1.9108127264886194
234 -1.9108127264886194
235 -1.9108127264886194
236 -1.9108127264886194
237 -1.9108127264886194
238 -1.9108127264886194
239 -1.9108127264886194
240 -1.9108127264886194
241 -1.9108127264886194
242 -1.9108127264886194
243 -1.9108127264886194
244 -1.9108127264886194
245 -1.9108127264886194
246 -1.9108127264886194
247 -1.9108127264886194
248 -1.9108127264886194
249 -1.9108127264886194
250 -1.9108127264886194
251 -1.9108127264886194
252 -1.9108127264886194
253 -1.9108127264886194
254 -1.9127850668454767
255 -1.9127850668454767
256 -1.9127850668454767
257 -1.9127850668454767
258 -1.9127850668454767
259 -1.9127850668454767
260 -1.9127850668454767
261 -1.9127850668454767
262 -1.9127850668454767
263 -1.9127850668454767
264 -1.9127850668454767
265 -1.9127850668454767
266 -1.9127850668454767
267 -1.9127850668454767
268 -1.9127850668454767
269 -1.9127850668454767
270 -1.9127850668454767
271 -1.9127850668454767
272 -1.9127850668454767
273 -1.9127850668454767
274 -1.9127850668454767
275 -1.9127850668454767
276 -1.9127850668454767
277 -1.9127850668454767
278 -1.9127850668454767
279 -1.9127850668454767
280 -1.9127850668454767
281 -1.9127850668454767
282 -1.9127850668454767
283 -1.9127850668454767
284 -1.9127850668454767
285 -1.9127850668454767
286 -1.9127850668454767
287 -1.9127850668454767
288 -1.9127850668454767
289 -1.9127850668454767
290 -1.9127850668454767
291 -1.9127850668454767
292 -1.9127850668454767
293 -1.9127850668454767
294 -1.9127850668454767
295 -1.9127850668454767
296 -1.9127850668454767
297 -1.9127850668454767
298 -1.9127850668454767
299 -1.9127850668454767
300 -1.9127850668454767
301 -1.9127850668454767
302 -1.9127850668454767
303 -1.9127850668454767
304 -1.9127850668454767
305 -1.9127850668454767
306 -1.9127850668454767
307 -1.9127850668454767
308 -1.9127850668454767
309 -1.9127850668454767
310 -1.9127850668454767
311 -1.9127850668454767
312 -1.9127850668454767
313 -1.9127850668454767
314 -1.9127850668454767
315 -1.9127850668454767
316 -1.9127850668454767
317 -1.9127850668454767
318 -1.9127850668454767
319 -1.9127850668454767
320 -1.9127850668454767
321 -1.9127850668454767
322 -1.9127850668454767
323 -1.9127850668454767
324 -1.9127850668454767
325 -1.9127850668454767
326 -1.9127850668454767
327 -1.9127850668454767
328 -1.9127850668454767
329 -1.9127850668454767
330 -1.9127850668454767
331 -1.9127850668454767
332 -1.9127850668454767
333 -1.9127850668454767
334 -1.9127850668454767
335 -1.9127850668454767
336 -1.9127850668454767
337 -1.9127850668454767
338 -1.9127850668454767
339 -1.9127850668454767
340 -1.9127850668454767
341 -1.9127850668454767
342 -1.9127850668454767
343 -1.9127850668454767
344 -1.9127850668454767
345 -1.9127850668454767
346 -1.9127850668454767
347 -1.9127850668454767
348 -1.9127850668454767
349 -1.9127850668454767
350 -1.9127850668454767
351 -1.9127850668454767
352 -1.9127850668454767
353 -1.9127850668454767
354 -1.9127850668454767
355 -1.9127850668454767
356 -1.9127850668454767
357 -1.9127850668454767
358 -1.9127850668454767
359 -1.9127850668454767
360 -1.9127850668454767
361 -1.9127850668454767
362 -1.9127850668454767
363 -1.9127850668454767
364 -1.9127850668454767
365 -1.9127850668454767
366 -1.9127850668454767
367 -1.9127850668454767
368 -1.9127850668454767
369 -1.9127850668454767
370 -1.9127850668454767
371 -1.9127850668454767
372 -1.9127850668454767
373 -1.9127850668454767
374 -1.9127850668454767
375 -1.9130678156214778
376 -1.9130678156214778
377 -1.9130678156214778
378 -1.9130678156214778
379 -1.9130678156214778
380 -1.9130678156214778
381 -1.9130678156214778
382 -1.9130678156214778
383 -1.9130678156214778
384 -1.9130678156214778
385 -1.9130678156214778
386 -1.9130678156214778
387 -1.9130678156214778
388 -1.9130678156214778
389 -1.9130678156214778
390 -1.9130678156214778
391 -1.9130678156214778
392 -1.9130678156214778
393 -1.9130678156214778
394 -1.9130678156214778
395 -1.9130678156214778
396 -1.9130678156214778
397 -1.9130678156214778
398 -1.9130678156214778
399 -1.9130678156214778
400 -1.9130678156214778
401 -1.9130678156214778
402 -1.9130678156214778
403 -1.9130678156214778
404 -1.9130678156214778
405 -1.9130678156214778
406 -1.9130678156214778
407 -1.9130678156214778
408 -1.9130678156214778
409 -1.9130678156214778
410 -1.9130678156214778
411 -1.9130678156214778
412 -1.9130678156214778
413 -1.9130678156214778
414 -1.9130678156214778
415 -1.9130678156214778
416 -1.9130678156214778
417 -1.9130678156214778
418 -1.9130678156214778
419 -1.9130678156214778
420 -1.9130678156214778
421 -1.9130678156214778
422 -1.9130678156214778
423 -1.9130678156214778
424 -1.9130678156214778
425 -1.9130678156214778
426 -1.9130678156214778
427 -1.9130936649633297
428 -1.9130936649633297
429 -1.9130936649633297
430 -1.9130936649633297
431 -1.9130936649633297
432 -1.9130936649633297
433 -1.9130936649633297
434 -1.9130936649633297
435 -1.9130936649633297
436 -1.9130936649633297
437 -1.9130936649633297
438 -1.9130936649633297
439 -1.9130936649633297
440 -1.9130936649633297
441 -1.9130936649633297
442 -1.9130936649633297
443 -1.9130936649633297
444 -1.9130936649633297
445 -1.9130936649633297
446 -1.9130936649633297
447 -1.9130936649633297
448 -1.9130936649633297
449 -1.9130936649633297
450 -1.9130936649633297
451 -1.9130936649633297
452 -1.9130936649633297
453 -1.9130936649633297
454 -1.9130936649633297
455 -1.9130936649633297
456 -1.9130936649633297
457 -1.9130936649633297
458 -1.9130936649633297
459 -1.9130936649633297
460 -1.9130936649633297
461 -1.9130936649633297
462 -1.9130936649633297
463 -1.9130936649633297
464 -1.9130936649633297
465 -1.9130936649633297
466 -1.9130936649633297
467 -1.9130936649633297
468 -1.9130936649633297
469 -1.9130936649633297
470 -1.9130936649633297
471 -1.9130936649633297
472 -1.9130936649633297
473 -1.9130936649633297
474 -1.9130936649633297
475 -1.9130936649633297
476 -1.9130936649633297
477 -1.9130936649633297
478 -1.9130936649633297
479 -1.9130936649633297
480 -1.9130936649633297
481 -1.9130936649633297
482 -1.9130936649633297
483 -1.9130936649633297
484 -1.9130936649633297
485 -1.9130936649633297
486 -1.9130936649633297
487 -1.9130936649633297
488 -1.9130936649633297
489 -1.9130936649633297
490 -1.9130936649633297
491 -1.9130936649633297
492 -1.9130936649633297
493 -1.9130936649633297
494 -1.9130936649633297
495 -1.9130936649633297
496 -1.9130936649633297
497 -1.9130936649633297
498 -1.9130936649633297
499 -1.9130936649633297
500 -1.9130936649633297
501 -1.9130936649633297
502 -1.9130936649633297
503 -1.9130936649633297
504 -1.9130936649633297
505 -1.9130936649633297
506 -1.9130936649633297
507 -1.9130936649633297
508 -1.9130936649633297
509 -1.9130936649633297
510 -1.9130936649633297
511 -1.9130936649633297
512 -1.9130936649633297
513 -1.9130936649633297
514 -1.9130936649633297
515 -1.9130936649633297
516 -1.9130936649633297
517 -1.9130936649633297
518 -1.9130936649633297
519 -1.9130936649633297
520 -1.9130936649633297
521 -1.9130936649633297
522 -1.9130936649633297
523 -1.9130936649633297
524 -1.9130936649633297
525 -1.9130936649633297
526 -1.9130936649633297
527 -1.9130936649633297
528 -1.9130936649633297
529 -1.9130936649633297
530 -1.9130936649633297
531 -1.9130936649633297
532 -1.9130936649633297
533 -1.9130936649633297
534 -1.9130936649633297
535 -1.9130936649633297
536 -1.9130936649633297
537 -1.9130936649633297
538 -1.9130936649633297
539 -1.9130936649633297
540 -1.9130936649633297
541 -1.9130936649633297
542 -1.9130936649633297
543 -1.9130936649633297
544 -1.9130936649633297
545 -1.9130936649633297
546 -1.9130936649633297
547 -1.9130936649633297
548 -1.9130936649633297
549 -1.9130936649633297
550 -1.9130936649633297
551 -1.9130936649633297
552 -1.9130936649633297
553 -1.9130936649633297
554 -1.9130936649633297
555 -1.9130936649633297
556 -1.9130936649633297
557 -1.9130936649633297
558 -1.9130936649633297
559 -1.9130936649633297
560 -1.9130936649633297
561 -1.9130936649633297
562 -1.9130936649633297
563 -1.9130936649633297
564 -1.9130936649633297
565 -1.9130936649633297
566 -1.9130936649633297
567 -1.9130936649633297
568 -1.9130936649633297
569 -1.9130936649633297
570 -1.9130936649633297
571 -1.9130936649633297
572 -1.9130936649633297
573 -1.9130936649633297
574 -1.9130936649633297
575 -1.9130936649633297
576 -1.9130936649633297
577 -1.9130936649633297
578 -1.9130936649633297
579 -1.9130936649633297
580 -1.9130936649633297
581 -1.9130936649633297
582 -1.9130936649633297
583 -1.9130936649633297
584 -1.9130936649633297
585 -1.9130936649633297
586 -1.9130936649633297
587 -1.9130936649633297
588 -1.9130936649633297
589 -1.9130936649633297
590 -1.9130936649633297
591 -1.9130936649633297
592 -1.9130936649633297
593 -1.9130936649633297
594 -1.9130936649633297
595 -1.9130936649633297
596 -1.9130936649633297
597 -1.9130936649633297
598 -1.9130936649633297
599 -1.9130936649633297
600 -1.9130936649633297
601 -1.9130936649633297
602 -1.9130936649633297
603 -1.9130936649633297
604 -1.9130936649633297
605 -1.9130936649633297
606 -1.9130936649633297
607 -1.9130936649633297
608 -1.9130936649633297
609 -1.9130936649633297
610 -1.9130936649633297
611 -1.9130936649633297
612 -1.9130936649633297
613 -1.9130936649633297
614 -1.9130936649633297
615 -1.9130936649633297
616 -1.9130936649633297
617 -1.9130936649633297
618 -1.9130936649633297
619 -1.9130936649633297
620 -1.9130936649633297
621 -1.9130936649633297
622 -1.9130936649633297
623 -1.9130936649633297
624 -1.9130936649633297
625 -1.9130936649633297
626 -1.9130936649633297
627 -1.9130936649633297
628 -1.9130936649633297
629 -1.9130936649633297
630 -1.9130936649633297
631 -1.9130936649633297
632 -1.9130936649633297
633 -1.9130936649633297
634 -1.9130936649633297
635 -1.9130936649633297
636 -1.9130936649633297
637 -1.9130936649633297
638 -1.9130936649633297
639 -1.9130936649633297
640 -1.9130936649633297
641 -1.9130936649633297
642 -1.9130936649633297
643 -1.9130936649633297
644 -1.9130936649633297
645 -1.9130936649633297
646 -1.9130936649633297
647 -1.9130936649633297
648 -1.9130936649633297
649 -1.9130936649633297
650 -1.9130936649633297
651 -1.9130936649633297
652 -1.9130936649633297
653 -1.9130936649633297
654 -1.9130936649633297
655 -1.9130936649633297
656 -1.9130936649633297
657 -1.9130936649633297
658 -1.9130936649633297
659 -1.9130936649633297
660 -1.9130936649633297
661 -1.9130936649633297
662 -1.9130936649633297
663 -1.9130936649633297
664 -1.9130936649633297
665 -1.9130936649633297
666 -1.9130936649633297
667 -1.9130936649633297
668 -1.9130936649633297
669 -1.9130936649633297
670 -1.9130936649633297
671 -1.9130936649633297
672 -1.9130936649633297
673 -1.9130936649633297
674 -1.9130936649633297
675 -1.9130936649633297
676 -1.9130936649633297
677 -1.9130936649633297
678 -1.9130936649633297
679 -1.9130936649633297
680 -1.9130936649633297
681 -1.9130936649633297
682 -1.9130936649633297
683 -1.9130936649633297
684 -1.9130936649633297
685 -1.9130936649633297
686 -1.9130936649633297
687 -1.9130936649633297
688 -1.9130936649633297
689 -1.9130936649633297
690 -1.9130936649633297
691 -1.9130936649633297
692 -1.9130936649633297
693 -1.9130936649633297
694 -1.9130936649633297
695 -1.9130936649633297
696 -1.9130936649633297
697 -1.9130936649633297
698 -1.9130936649633297
699 -1.9130936649633297
700 -1.9130936649633297
701 -1.9130936649633297
702 -1.9130936649633297
703 -1.9130936649633297
704 -1.9130936649633297
705 -1.9130936649633297
706 -1.9130936649633297
707 -1.9130936649633297
708 -1.9130936649633297
709 -1.9130936649633297
710 -1.9130936649633297
711 -1.9130936649633297
712 -1.9130936649633297
713 -1.9130936649633297
714 -1.9130936649633297
715 -1.9130936649633297
716 -1.9130936649633297
717 -1.9130936649633297
718 -1.9130936649633297
719 -1.9130936649633297
720 -1.9130936649633297
721 -1.9130936649633297
722 -1.9130936649633297
723 -1.9130936649633297
724 -1.9130936649633297
725 -1.9130936649633297
726 -1.9130936649633297
727 -1.9130936649633297
728 -1.9130936649633297
729 -1.9130936649633297
730 -1.9130936649633297
731 -1.9130936649633297
732 -1.9130936649633297
733 -1.9130936649633297
734 -1.9130936649633297
735 -1.9130936649633297
736 -1.9130936649633297
737 -1.9130936649633297
738 -1.9130936649633297
739 -1.9130936649633297
740 -1.9130936649633297
741 -1.9130936649633297
742 -1.9130936649633297
743 -1.9130936649633297
744 -1.9130936649633297
745 -1.9130936649633297
746 -1.9130936649633297
747 -1.9130936649633297
748 -1.9130936649633297
749 -1.9130936649633297
750 -1.9130936649633297
751 -1.9130936649633297
752 -1.9130936649633297
753 -1.9130936649633297
754 -1.9130936649633297
755 -1.9130936649633297
756 -1.9130936649633297
757 -1.9130936649633297
758 -1.9130936649633297
759 -1.9130936649633297
760 -1.9130936649633297
761 -1.9130936649633297
762 -1.9130936649633297
763 -1.9130936649633297
764 -1.9130936649633297
765 -1.9130936649633297
766 -1.9130936649633297
767 -1.9130936649633297
768 -1.9130936649633297
769 -1.9130936649633297
770 -1.9130936649633297
771 -1.9130936649633297
772 -1.9130936649633297
773 -1.9130936649633297
774 -1.9130936649633297
775 -1.9130936649633297
776 -1.9130936649633297
777 -1.9130936649633297
778 -1.9130936649633297
779 -1.9130936649633297
780 -1.9130936649633297
781 -1.9130936649633297
782 -1.9130936649633297
783 -1.9130936649633297
784 -1.9130936649633297
785 -1.9130936649633297
786 -1.9130936649633297
787 -1.9130936649633297
788 -1.9130936649633297
789 -1.9130936649633297
790 -1.9130936649633297
791 -1.9130936649633297
792 -1.9130936649633297
793 -1.9130936649633297
794 -1.9130936649633297
795 -1.9130936649633297
796 -1.9130936649633297
797 -1.9130936649633297
798 -1.9131268630408185
799 -1.9131268630408185
800 -1.9131268630408185
801 -1.9131268630408185
802 -1.9131268630408185
803 -1.9131268630408185
804 -1.9131268630408185
805 -1.9131268630408185
806 -1.9131268630408185
807 -1.9131268630408185
808 -1.9131268630408185
809 -1.9131268630408185
810 -1.9131268630408185
811 -1.9131268630408185
812 -1.9131268630408185
813 -1.9131268630408185
814 -1.9131268630408185
815 -1.9131268630408185
816 -1.9131268630408185
817 -1.9131268630408185
818 -1.9131268630408185
819 -1.9131268630408185
820 -1.9131268630408185
821 -1.9131268630408185
822 -1.9131268630408185
823 -1.9131268630408185
824 -1.9131268630408185
825 -1.9131268630408185
826 -1.9131268630408185
827 -1.9131268630408185
828 -1.9131268630408185
829 -1.9131268630408185
830 -1.9131268630408185
831 -1.9131268630408185
832 -1.9131268630408185
833 -1.9131268630408185
834 -1.9131268630408185
835 -1.9131268630408185
836 -1.9131268630408185
837 -1.9131268630408185
838 -1.9131268630408185
839 -1.9131268630408185
840 -1.9131268630408185
841 -1.9131268630408185
842 -1.9131268630408185
843 -1.9131268630408185
844 -1.9131268630408185
845 -1.9131268630408185
846 -1.9131268630408185
847 -1.9131268630408185
848 -1.9131268630408185
849 -1.9131268630408185
850 -1.9131268630408185
851 -1.9131268630408185
852 -1.9131268630408185
853 -1.9131268630408185
854 -1.9131268630408185
855 -1.9131268630408185
856 -1.9131268630408185
857 -1.9131268630408185
858 -1.9131268630408185
859 -1.9131268630408185
860 -1.9131268630408185
861 -1.9131268630408185
862 -1.9131268630408185
863 -1.9131268630408185
864 -1.9131268630408185
865 -1.9131268630408185
866 -1.9131268630408185
867 -1.9131268630408185
868 -1.9131268630408185
869 -1.9131268630408185
870 -1.9131268630408185
871 -1.9131268630408185
872 -1.9131268630408185
873 -1.9131268630408185
874 -1.9131268630408185
875 -1.9131268630408185
876 -1.9131268630408185
877 -1.9131268630408185
878 -1.9131268630408185
879 -1.9131268630408185
880 -1.9131268630408185
881 -1.9131268630408185
882 -1.9131268630408185
883 -1.9131268630408185
884 -1.9131268630408185
885 -1.9131268630408185
886 -1.9131268630408185
887 -1.9131268630408185
888 -1.9131268630408185
889 -1.9131268630408185
890 -1.9131268630408185
891 -1.9131268630408185
892 -1.9131268630408185
893 -1.9131268630408185
894 -1.9131268630408185
895 -1.9131268630408185
896 -1.9131268630408185
897 -1.9131268630408185
898 -1.9131268630408185
899 -1.9131268630408185
900 -1.9131268630408185
901 -1.9131268630408185
902 -1.9131268630408185
903 -1.9131268630408185
904 -1.9131268630408185
905 -1.9131268630408185
906 -1.9131268630408185
907 -1.9131268630408185
908 -1.9131268630408185
909 -1.9131268630408185
910 -1.9131268630408185
911 -1.9131268630408185
912 -1.9131268630408185
913 -1.9131268630408185
914 -1.9131268630408185
915 -1.9131268630408185
916 -1.9131268630408185
917 -1.9131268630408185
918 -1.9131268630408185
919 -1.9131268630408185
920 -1.9131268630408185
921 -1.9131268630408185
922 -1.9131268630408185
923 -1.9131268630408185
924 -1.9131268630408185
925 -1.9131268630408185
926 -1.9131268630408185
927 -1.9131268630408185
928 -1.9131268630408185
929 -1.9131268630408185
930 -1.9131268630408185
931 -1.9131268630408185
932 -1.9131268630408185
933 -1.9131268630408185
934 -1.9131268630408185
935 -1.9131268630408185
936 -1.9131268630408185
937 -1.9131268630408185
938 -1.9131268630408185
939 -1.9131268630408185
940 -1.9131268630408185
941 -1.9131268630408185
942 -1.9131268630408185
943 -1.9131268630408185
944 -1.9131268630408185
945 -1.9131268630408185
946 -1.9131268630408185
947 -1.9131268630408185
948 -1.9131268630408185
949 -1.9131268630408185
950 -1.9131268630408185
951 -1.9131268630408185
952 -1.9131268630408185
953 -1.9131268630408185
954 -1.9131268630408185
955 -1.9131268630408185
956 -1.9131268630408185
957 -1.9131268630408185
958 -1.9131268630408185
959 -1.9131268630408185
960 -1.9131268630408185
961 -1.9131268630408185
962 -1.9131268630408185
963 -1.9131268630408185
964 -1.9131268630408185
965 -1.9131268630408185
966 -1.9131268630408185
967 -1.9131268630408185
968 -1.9131268630408185
969 -1.9131268630408185
970 -1.9131268630408185
971 -1.9131268630408185
972 -1.9131268630408185
973 -1.9131268630408185
974 -1.9131268630408185
975 -1.9131268630408185
976 -1.9131268630408185
977 -1.9131268630408185
978 -1.9131268630408185
979 -1.9131268630408185
980 -1.9131268630408185
981 -1.9131268630408185
982 -1.9131268630408185
983 -1.9131268630408185
984 -1.9131268630408185
985 -1.9131268630408185
986 -1.9131268630408185
987 -1.9131268630408185
988 -1.9131268630408185
989 -1.9131268630408185
990 -1.9131268630408185
991 -1.9131268630408185
992 -1.9131268630408185
993 -1.9131268630408185
994 -1.9131268630408185
995 -1.9131268630408185
996 -1.9131268630408185
997 -1.9131268630408185
998 -1.9131268630408185
999 -1.9131268630408185
1000 -1.9131268630408185
