1 7.46730009771167
2 7.60689143421465
3 9.24384168521924
4 8.786844282009394
5 8.95107959868582
6 7.797150773315787
7 7.406352156709663
8 6.45243796074364
9 7.9179886447625245
10 9.188717328003529
11 7.013736512934471
12 8.539257657393707
13 8.696334144995044
14 8.741937958209789
15 9.67250767620997
16 9.49817040168716
17 8.10491640487026
18 8.014825756749842
19 7.249960262906044
20 7.797449660979623
21 8.584412169244425
22 8.887904068638777
23 9.346449054285674
24 8.699402195054
25 7.109237377349157
26 6.6049800472496765
27 7.467115524764422
28 7.968409696254726
29 9.594253269508247
30 7.578435647343353
31 7.125688906974592
32 9.037898965894401
33 7.3013448143107285
34 8.605043315132113
35 8.031458436288105
36 7.10602503477882
37 8.542788549633327
38 7.307794433541366
39 8.578837428531132
40 8.3887288411246
41 7.7757687437609455
42 7.8170507251946
43 7.596323439527528
44 9.57588013781318
45 8.420170053103668
46 7.059402496248409
47 6.3090100544575
48 6.652826726275355
49 7.685753861597691
50 7.921306177999205
51 8.762884961336384
52 6.448362194350497
53 7.354144917268497
54 8.029185076472903
55 8.577243179771452
56 7.414182750313988
57 9.594020033527523
58 7.19176739862204
59 7.614380569744274
60 7.444056002597082
61 8.131127370900499
62 9.216919412104218
63 6.8321926448410935
64 8.319411016156229
65 9.391711440606395
66 6.931908913263705
67 7.241211301267463
68 7.85346246797972
69 8.35312529411733
70 7.924405145900147
71 9.799647754303573
72 7.272358247837077
73 8.788938874440888
74 7.1645442027289645
75 7.1074414092309395
76 6.482634718470175
77 5.83705446886432
78 7.975618452731687
79 8.616055258633608
80 7.61771066238955
81 7.593747159128459
82 8.310041446804993
83 8.170988644350274
84 6.937726923391409
85 7.923775839890346
86 7.648382318099968
87 5.4493992550039785
88 8.593541578963658
89 8.357509725866034
90 6.8600359644609545
91 9.013839669082186
92 6.855134477709709
93 8.542712284842692
94 7.144874467325277
95 7.72429713457892
96 9.439404395510106
97 9.020140880916959
98 8.259994801463321
99 6.384468865261736
100 8.03263189576743
101 7.939577856142024
102 9.568412990824251
103 8.182901250120462
104 8.324529771828166
105 9.35863808699027
106 8.356883545226292
107 8.996278343374998
108 7.905554241764431
109 8.070556115294117
110 8.657501781655734
111 8.321681690044963
112 6.591626314570857
113 7.152452689012808
114 5.985318096077397
115 6.713852220309535
116 9.446440828014493
117 8.011811616819271
118 8.234986028988613
119 8.622746520236744
120 7.10786917833815
121 7.630562237475277
122 8.92956390294273
123 8.017001675462675
124 7.439559774976216
125 8.15962629995051
126 7.2399098317273065
127 9.44430490394401
128 8.27819172153746
129 7.930781356913815
130 7.136479909513198
131 10.2503411435337
132 9.022314086815879
133 8.298507341731964
134 7.876094484023523
135 8.099915883141772
136 10.417596273833217
137 6.23771505923365
138 7.457113963360047
139 8.585338053836038
140 7.41779379151123
141 8.280288329596019
142 8.016580523922487
143 8.808926803533426
144 7.668982051889499
145 7.84806441827038
146 8.056503254844753
147 8.084687025422575
148 7.439857281558134
149 7.914144650739491
150 7.59042778840049
151 7.271162672812386
152 9.102275978590217
153 6.732491492436587
154 8.259088408695051
155 7.003162446034051
156 7.456163412523145
157 6.163526908698689
158 8.264510408861595
159 8.389229137212313
160 7.55244799155028
161 6.934887616647211
162 7.766173597506486
163 7.478711998936802
164 8.159577097782543
165 9.052794349792538
166 7.0936249888736
167 6.9719625769620155
168 6.621647918625303
169 7.882147268556799
170 10.145414234511248
171 8.925836260717842
172 7.624780940545444
173 8.13621046158124
174 7.552940827604664
175 7.8752704477188775
176 8.18135843526101
177 9.715333941556276
178 8.82704175101138
179 9.837695191712829
180 7.592803789400003
181 9.763282422835157
182 7.74408898759138
183 8.102164749012127
184 6.667232742917372
185 8.164499760476799
186 7.401472192819076
187 9.251742617248892
188 8.418232994484145
189 7.236168301621764
190 8.714877236091922
191 6.944020273709247
192 7.630061983428914
193 6.120674668560626
194 7.541417063818171
195 8.570842360687397
196 9.09355753390562
197 7.496621471102518
198 8.167326901614974
199 8.489515715482707
200 6.498586936869114
201 7.426399265381218
202 8.013089693790036
203 7.91969003382494
204 7.57841424969821
205 7.631892443719931
206 9.702521841964096
207 7.4909201999894
208 8.01118517423548
209 6.911022007033687
210 9.85505510536964
211 10.263356876839008
212 9.932569687081868
213 8.005513098360078
214 7.6349567200370165
215 5.870440000582483
216 7.362049948722801
217 8.373053214964804
218 7.786576251709495
219 6.717214631398275
220 8.03806038444446
221 7.304824720314775
222 9.80833004078806
223 8.246350953529914
224 8.78145742295478
225 7.025961110610093
226 8.683147120738129
227 7.851379029262463
228 9.500412309271809
229 8.368671505266928
230 8.156791490903421
231 8.523334039965208
232 7.393616735217295
233 8.09770432468232
234 8.748849952163068
235 6.934382288392776
236 9.259907373200962
237 8.192914813924121
238 7.99090209587558
239 5.866819325767005
240 7.814385977740661
241 8.55878843348536
242 8.855879300858751
243 7.381080198359749
244 9.597103123662999
245 9.330743287403475
246 7.520927077956381
247 8.207580462483264
248 6.345774912925895
249 8.646142441325456
250 7.526421640173322
251 7.8136336986083
252 8.3296203371891
253 7.665851346919782
254 8.142392407925623
255 7.29135841489614
256 8.239615154769371
257 6.93686173298897
258 8.71098950809392
259 8.593179303774741
260 9.823526749559758
261 8.182764114273224
262 8.05189505009229
263 7.163797939638397
264 8.481946462521957
265 8.219802877173029
266 7.880430493306062
267 8.871548322915327
268 7.009290261478777
269 7.8673384450446635
270 7.954958476811707
271 7.188062827096538
272 7.42156837475975
273 8.880172348735588
274 7.553052046492348
275 9.04761887518416
276 9.075609250714635
277 6.253442629204869
278 9.559954673673566
279 7.432514042616451
280 6.048962530907407
281 8.403343980933878
282 5.573133340189297
283 8.808618377115334
284 8.184142818313859
285 9.325552171614067
286 7.364288376913359
287 8.50630934105931
288 8.433241004782994
289 7.828901352856409
290 5.967889973186769
291 9.046400318936803
292 8.740106210040999
293 8.523781887918158
294 7.893403699594706
295 7.341121592688466
296 7.561066074933585
297 7.642158649569145
298 7.375297463809314
299 7.581921001586413
300 5.816987441972151
301 8.817625462220999
302 8.793850489799269
303 7.460440390012727
304 8.516322447319691
305 8.761133260973573
306 8.909748879124557
307 8.283241244426263
308 8.438280344910318
309 7.8349177494002795
310 7.746537955384816
311 7.929513036581019
312 7.155427314115189
313 7.617940208656469
314 6.867546000892109
315 7.863819639907861
316 8.604491709782334
317 7.743944383879135
318 8.528172055591005
319 7.414465090861371
320 7.511606032698571
321 8.774804647658303
322 8.180071824324575
323 9.184940645129192
324 7.022437421300453
325 8.341338892448599
326 8.14162328134323
327 7.851155016002093
328 7.24634075150261
329 7.501490971789917
330 8.930725931474846
331 8.199639958563193
332 7.474745887827405
333 7.791686298548731
334 7.0028524001180115
335 8.514182972414213
336 7.508639098500188
337 8.014447381481233
338 8.637247611886181
339 8.167420524153998
340 6.861456933726514
341 8.784742253424279
342 6.393115336866746
343 7.47897041025564
344 8.170597335080963
345 9.631885341009335
346 6.8730450805432435
347 9.038855277001527
348 7.8039000224316135
349 8.423807599379284
350 8.398351433408502
351 9.583574259983397
352 7.872910850725528
353 6.732921828949139
354 7.65699136700036
355 7.025390815710043
356 8.456029636830367
357 7.144911003132479
358 10.416122599506723
359 6.96470206287921
360 7.459779343625587
361 7.820339474666476
362 7.834957735773936
363 8.595763758794236
364 9.291917885935584
365 10.687913626967827
366 7.563061048881952
367 8.755178122107246
368 9.682147901583184
369 8.406550795229155
370 8.414926220237032
371 9.145128434666152
372 7.5833562858761745
373 6.265842576600475
374 8.877465925430938
375 5.932972672374722
376 6.868619392906614
377 7.372142759989568
378 8.650947015049217
379 10.51594466477807
380 6.692392234334932
381 6.934608618459232
382 7.589571405099186
383 6.276081254385784
384 9.58409681370696
385 8.90404212943741
386 8.389632822893702
387 8.476846158330902
388 8.074486154093456
389 7.65232907114872
390 8.31599480096202
391 7.81682032162488
392 7.367162855494954
393 8.476766737153927
394 7.8959490520846725
395 7.247077806418138
396 8.319347531864105
397 8.777676067336607
398 7.973122454838808
399 6.8110275550172865
400 8.6740360690567
401 6.892931309451142
402 6.788488073836055
403 8.971804212107859
404 7.08301987691248
405 8.972737407245665
406 6.201413098566792
407 8.044112660275518
408 8.020768541414407
409 6.656194147729238
410 7.920565807122138
411 7.71502240613652
412 9.43422674028101
413 8.100300382406099
414 7.3412395929607195
415 7.687576338530811
416 8.737090573073166
417 8.49503822999739
418 8.341203474731358
419 7.906842744576678
420 8.812801337263535
421 7.255978150919965
422 7.842137896725002
423 7.433940463712907
424 8.15038445332388
425 7.43548021639137
426 9.061943715536241
427 8.53539901037468
428 8.409213573781003
429 8.947664513644932
430 5.547450405718503
431 8.428140169706856
432 6.509753339708747
433 7.024849465501165
434 7.272278717402846
435 7.511109780582517
436 7.074843051234173
437 9.274946498474149
438 7.293552799302122
439 9.610268748589084
440 7.427584931480951
441 7.667619336010332
442 6.195213729891587
443 7.859222234315381
444 7.446990399690371
445 8.753491786428825
446 9.476154372444174
447 6.935346993401332
448 8.349605348541985
449 9.647284364341248
450 7.1452615430323965
451 7.460740894237255
452 9.597413853351355
453 7.752000958154017
454 8.189232084757563
455 7.685968900327629
456 8.482099908492438
457 9.16245944680247
458 7.757880877511609
459 7.074165464135821
460 7.964683588201515
461 9.162659194514658
462 9.615289924126937
463 7.20611577136442
464 8.778214054143447
465 7.798279966616255
466 8.88928400617986
467 8.784765977772826
468 7.659241321997321
469 7.059042146292001
470 8.649939710081776
471 9.260460386195414
472 8.557188273637697
473 9.124671049100563
474 9.185095079064832
475 7.2633171117484965
476 7.803875758420976
477 7.873016606603579
478 8.23222315830686
479 7.540549462130508
480 8.296964680226242
481 7.815997652252148
482 7.547819082180957
483 7.03492672826242
484 7.713627597405374
485 8.920539585487711
486 8.803913294056834
487 7.761403154953919
488 8.347222154645848
489 6.516999181873737
490 8.35439459305813
491 7.060829671201217
492 7.508619614486679
493 7.776727435912849
494 6.851113427960885
495 7.993795542592196
496 8.842487696933
497 6.916668830769029
498 8.969607064847372
499 8.038967315890188
500 9.46292225231368
501 9.290433540276888
502 7.012130860083533
503 7.942137685166925
504 6.73128017057729
505 8.812163370773575
506 8.986037959419686
507 8.087743279568807
508 9.245908472379273
509 9.201373663126748
510 9.299960505008274
511 6.538573307687247
512 8.072141259609912
513 9.22034731435927
514 9.417861717880353
515 9.235314718695959
516 9.269880180651784
517 7.297054473135157
518 9.7120525334389
519 9.049817265684242
520 9.362820742851927
521 8.27244266251813
522 9.211825097531168
523 8.150438690969414
524 7.991608723359625
525 8.239130274890767
526 7.385268241746814
527 7.084471519074055
528 8.325840147862928
529 8.140810672152911
530 7.498975398776257
531 7.906660668768113
532 6.989977162425715
533 8.361701742487773
534 7.933963339911073
535 7.915709626817195
536 8.471448182482243
537 7.639975656152327
538 9.181128099225692
539 7.4350785317645975
540 7.441139691964895
541 7.836560468647217
542 6.870778702899013
543 7.823453306988194
544 8.746540549594254
545 8.405729353530086
546 8.112203688340431
547 8.329237292733275
548 6.893326246742518
549 8.530425696216087
550 8.463193579161354
551 6.909429684628117
552 8.100399300077745
553 7.147868375991253
554 7.318066951763165
555 7.307695861937384
556 6.006208370386056
557 8.949220458911501
558 8.758829959869784
559 7.950074294473588
560 8.589461393561486
561 8.224374606829336
562 7.942297008516045
563 8.706115823298648
564 8.269249436429632
565 8.161614255081421
566 8.54669044618552
567 7.678082984944819
568 8.706228181904912
569 9.99069180943161
570 8.178293977010597
571 7.841390746260091
572 8.724816073438097
573 7.336530171913058
574 7.722606561774139
575 9.005871814625467
576 6.655241621255528
577 9.763952401949377
578 9.392591954079265
579 8.436934937930586
580 8.570431829604475
581 7.626866760206856
582 7.7060138291909865
583 8.703520055349637
584 7.669414878625278
585 7.771228661700248
586 6.782518211759034
587 8.00826009945065
588 9.46487444128083
589 7.441661549669576
590 8.443804047600894
591 8.446215589028897
592 7.843016186417466
593 9.013830875818424
594 8.034445141425113
595 7.116827896047493
596 7.4358318072839
597 8.42009355600816
598 7.679545330235198
599 9.202188951285926
600 7.545015905422869
601 8.258427832380912
602 7.686431043092639
603 9.000940923296021
604 9.037394404559587
605 6.41305478320684
606 8.032064265141946
607 6.678347801718292
608 7.682747369129227
609 7.089452291085387
610 8.756638360003565
611 8.378414721799576
612 7.010256323770117
613 8.006770419090122
614 7.541775813219806
615 7.822415605559364
616 7.608664546715487
617 7.996930092298346
618 8.64282779897204
619 7.60008796018851
620 8.177010976610633
621 8.062431500860123
622 8.718611996819268
623 8.974902499411076
624 7.74237882318831
625 7.1136147507424665
626 7.7454607230168255
627 7.323325051745982
628 7.767896797380209
629 7.722329636300185
630 8.22316415244597
631 7.929701773769803
632 8.754671163570483
633 8.243932917836373
634 7.175043758306255
635 7.542842278179515
636 7.815171120682401
637 8.425900274029173
638 7.720774727293595
639 8.416491746693783
640 6.6462657755298125
641 8.551890190127082
642 9.068335595286705
643 9.347124096948251
644 7.7996354095442415
645 7.3137442535572
646 7.767182421357144
647 8.07551350293869
648 7.063986815988414
649 8.045419967178013
650 8.530371063660057
651 7.208562834905345
652 7.036230318033892
653 6.863048193174835
654 8.813306737777978
655 7.40349950175663
656 7.955113539957524
657 7.479932594306906
658 8.126569394722464
659 7.469458501879248
660 7.5806902499749995
661 8.111239075468971
662 7.3960386588950655
663 6.6451689151619195
664 8.635670317820212
665 8.481479178959027
666 6.940772996592381
667 7.98130368423975
668 7.0489699923185025
669 9.084498865845985
670 9.039938864005697
671 8.875165836843777
672 9.50791051379233
673 7.696622568425921
674 7.956649485539333
675 9.853487944326586
676 6.959839523636625
677 8.010694871151077
678 8.328846489758472
679 7.615764078000474
680 7.736903289733436
681 7.807570675644871
682 10.652097169294194
683 8.214548784586125
684 9.292426268100863
685 6.711744910968803
686 8.983209951867824
687 9.372636210070224
688 7.8086179973849665
689 7.9777647645248795
690 7.555379357324538
691 7.097113004960413
692 7.709584257577516
693 8.424267248873145
694 9.198804400368502
695 8.817427152568365
696 10.091474167991015
697 7.214462446939648
698 8.422033013466526
699 8.714582905274098
700 8.681368243872244
701 7.362469865495588
702 8.120021134622654
703 8.001371010850697
704 8.195156940799352
705 8.973854945345348
706 7.977756342331337
707 6.946480930494476
708 8.4310233728808
709 9.192896150665213
710 8.25959072298285
711 8.688945722465279
712 8.559544830793035
713 8.455626631137156
714 7.729486091790382
715 8.844380220149569
716 7.928400124745554
717 8.574170286250453
718 8.520832109969914
719 7.170776463653701
720 8.705831275614537
721 9.028673771979282
722 8.377302241611241
723 8.93461882721605
724 8.875237487174896
725 8.938577431807285
726 8.335469192679815
727 8.529699028754264
728 8.26348327836532
729 7.61000408651939
730 6.4932297399489585
731 6.530141891527476
732 8.550149714372203
733 7.009346832539307
734 8.545240394494009
735 8.924600162988394
736 7.057432167205629
737 8.338949341705863
738 9.41995415003937
739 8.050252121090603
740 8.52074543781684
741 7.712960010176672
742 6.882141644427084
743 8.317251307666274
744 6.461407321995587
745 7.888573931712742
746 8.061302645012718
747 7.448165073910039
748 8.75199487756087
749 8.381245349438371
750 8.366469141831429
751 8.342065373238468
752 7.0096381252277595
753 8.237145052048584
754 8.751095453592725
755 9.577082872207358
756 9.033804748695335
757 7.839866764179567
758 8.924435930706732
759 8.531377875930481
760 9.130577909961115
761 8.031459083478419
762 8.29584437328295
763 8.405008256684301
764 8.414215027533611
765 7.772152165602439
766 7.965864265999758
767 7.250418448885324
768 8.515515718908047
769 8.193491518049228
770 6.8059401187348465
771 7.411544779279518
772 9.20683072000259
773 8.771838813751398
774 7.262725191395364
775 9.84519542539876
776 8.633015660754971
777 7.853137168807908
778 8.870584752944252
779 6.836720076106202
780 9.636554441122131
781 8.176487365305658
782 7.004651854775207
783 8.684395717372983
784 8.546249433111313
785 9.145414465671035
786 7.760773208607112
787 7.744387473362089
788 8.091393868497649
789 9.128931926854666
790 7.543285724296115
791 6.913506474755763
792 7.701101349480703
793 8.817334753500313
794 7.367181048677023
795 8.510614942144992
796 7.615174379568099
797 10.18943929797975
798 9.07987337772832
799 7.60869342118202
800 6.442717730782494
801 7.539214883037262
802 8.185217291538946
803 6.880101421270434
804 8.41060110375806
805 8.086324810454476
806 7.970967569526762
807 7.5235411950885265
808 8.552637825658223
809 7.533816965282147
810 8.751514854733877
811 8.971917751509537
812 8.119940401968407
813 7.434696044568141
814 8.325433946227047
815 8.762283639940646
816 6.1747082789097885
817 7.3799368925006315
818 7.019575339268362
819 7.7329983905508675
820 6.994848630854249
821 7.4348218843661105
822 7.480992090889592
823 8.285009251338419
824 8.893754000256948
825 7.524388057968928
826 7.2745960782979875
827 8.873098685397627
828 9.783182265859121
829 8.253688759976352
830 8.492910679848666
831 8.133983878788916
832 9.073087216224932
833 8.305209651839302
834 8.44300275691786
835 9.003492017335562
836 7.811164139394921
837 8.336944315609346
838 7.750269599270247
839 6.948146045368866
840 8.091593188669327
841 7.939820495867503
842 9.478569892232578
843 6.970745512508647
844 10.048182411676107
845 7.326557568581358
846 7.98681728006459
847 8.72074578481317
848 7.9484374418319925
849 8.99427815438999
850 8.368619104004436
851 7.853730136355193
852 7.8309080581821355
853 9.537348898227124
854 9.483505502178392
855 8.13744107206165
856 7.1337999094566475
857 8.04100107177602
858 7.254338862566054
859 8.496335659939415
860 8.039267688795945
861 9.159454026594402
862 8.160516699983566
863 8.72565671461
864 8.056193665074527
865 7.897927379461459
866 7.154820358335471
867 7.722750319314563
868 9.487917935728479
869 8.292153013083187
870 8.643589638924746
871 9.04119796213997
872 8.163719896482375
873 9.71030421406561
874 8.032298763701553
875 10.26210578893058
876 8.349333150889164
877 8.714503324873439
878 8.872808562277955
879 7.59349050118545
880 6.7143617347799225
881 8.277421965094108
882 7.323217545924237
883 8.918483060823316
884 7.319607069865131
885 9.140598158899286
886 10.181409398079344
887 7.947939630064006
888 9.100032351011336
889 9.203617866843109
890 7.76595907237369
891 7.779081922486024
892 8.074116679839092
893 8.511120580663093
894 9.371124990400027
895 7.341640471659962
896 7.788390140685575
897 9.800345900266473
898 7.1007144626909575
899 8.591476223620887
900 9.154597421995787
901 7.604204807722913
902 9.048143854155958
903 7.7427248029795095
904 8.202378746537551
905 6.836100949838648
906 8.458995092561866
907 7.328002176128027
908 9.129459124826367
909 8.232937320681073
910 8.54597364293592
911 6.998238608931695
912 6.948497212489184
913 8.625954500704188
914 7.898531837211134
915 8.053877049427081
916 7.386014705197033
917 7.955965244268814
918 7.455105227991989
919 6.7826207549635456
920 7.8165117174898775
921 7.845975486195632
922 9.149529739605827
923 7.527445372846001
924 8.208330997799695
925 8.346351446726052
926 8.217220676246535
927 7.60431242789541
928 10.0649286627492
929 6.3288179345053
930 8.506124407354159
931 7.126291823411969
932 8.243094534046206
933 7.747827509060268
934 8.511847841997257
935 8.152632398136618
936 8.111819556455458
937 7.932480433580417
938 8.407064213416367
939 9.814749970947071
940 8.687918835279337
941 6.750283298966736
942 7.706535247987741
943 10.968121556848038
944 8.677332425088826
945 7.329461385867191
946 8.440285842222004
947 6.122263888024803
948 9.370590872849759
949 7.824503275417482
950 9.067931954201635
951 7.480306719143991
952 7.70457306828895
953 8.264596229953359
954 8.048297962382463
955 7.925830774025821
956 7.198655632622578
957 8.61868287065446
958 8.065295414207824
959 8.18875758870204
960 8.562267861120244
961 7.806817049075119
962 6.117723102186295
963 7.729782412964103
964 8.221502496292471
965 9.100209049341629
966 7.217785725374862
967 7.579567196484097
968 9.375226728602337
969 8.091395427991278
970 6.7865602720468035
971 8.65780261014651
972 7.26558970791313
973 8.613238300280692
974 6.594713221195144
975 7.6597510357717145
976 7.905173701833986
977 8.685477268857532
978 7.151998677877615
979 8.59615310017785
980 6.447566666880018
981 8.14647028753216
982 7.702903514539222
983 7.737809345141891
984 8.130049981762888
985 8.118554222886766
986 6.899061561261783
987 6.426242806953951
988 7.910282991080309
989 8.007230880015156
990 7.656181699147107
991 7.392671157546922
992 7.591267299449462
993 7.9727523121198836
994 8.128243015059153
995 8.006282550799241
996 6.80979793867745
997 8.333736266825927
998 7.424041367288535
999 6.2488461492330325
1000 8.43784249615307
