1 4.638102732149203
2 4.383566120825218
3 4.255697390352462
4 4.0629327223249305
5 4.250450652643075
6 3.7943033976276923
7 4.033318431456817
8 3.647828484474296
9 3.7274125192910934
10 4.146242219452993
11 4.096813694096444
12 3.5815025458886627
13 4.100170003582811
14 3.9999142775651886
15 4.140711069266642
16 3.9095808944399577
17 3.8479481296739633
18 3.717890355509546
19 3.7540074505061423
20 3.6487343720483225
21 3.824430256030519
22 4.218794625237175
23 3.683370471646649
24 3.7589511105975273
25 3.7565912899945544
26 3.9650406654058696
27 3.7867454906809925
28 3.772135205343961
29 3.790170976148921
30 3.8526310013876466
31 3.7864799090338503
32 4.046533774441844
33 3.4678854503658623
34 3.654292507213078
35 3.8416071444242865
36 3.7958629069240493
37 4.010925084234625
38 3.8709616875188106
39 3.8038956317440324
40 3.4858733704814804
41 3.7195499836413872
42 4.049502712664392
43 3.952794529774148
44 4.086540231124566
45 3.868358185820158
46 3.526477690238862
47 3.6509254780246327
48 3.882378069126395
49 3.7339993797804145
50 3.7013265025911637
51 3.7877812503740667
52 3.8958784206779287
53 3.8034872648402893
54 3.664096357766588
55 3.625107217333906
56 3.8039534512809206
57 3.7916207873331036
58 3.6294507429305596
59 4.129727725623725
60 3.7550833282085523
61 3.890566536851025
62 3.844908289876624
63 4.127064852573582
64 3.615004077025591
65 3.8485047750010444
66 4.096435857888567
67 3.5849486257712604
68 3.506036527092486
69 3.6457213182979458
70 3.730606501731134
71 3.869733832667185
72 3.89164616531775
73 3.6557996042533127
74 4.027449659004287
75 3.737463864740789
76 3.927660003613595
77 3.984691420085154
78 3.813921312152571
79 3.5358694378714555
80 3.7170025673742093
81 3.643920171717472
82 3.6459395800476266
83 3.944301590722506
84 3.7253661284655935
85 3.9485385828967843
86 3.7256550143600107
87 3.89081469914243
88 3.588999668218341
89 3.9775192339322674
90 3.6379131169732517
91 4.0104899727880845
92 3.3863817175735695
93 3.822776905583919
94 3.9021236723894015
95 3.4989011248715496
96 3.7472267544330156
97 3.8220340460964795
98 3.993411605677843
99 3.9117282592164058
100 3.993208115265374
101 4.042288969730545
102 3.7555216107076173
103 3.6658248008841436
104 3.8249267289541384
105 3.6523176358601948
106 3.8063501283671024
107 3.660822699187171
108 3.54757138636571
109 3.6612971145619664
110 3.612543831855349
111 3.4162554784649726
112 3.653586638302029
113 3.9672589748636824
114 3.7588225412670107
115 3.7053715383482415
116 3.8994115710640616
117 3.953157544509699
118 3.4246131668468713
119 3.617509557409351
120 3.3503772320107745
121 3.863507827786953
122 3.5850187767235764
123 3.8175765517896254
124 3.908770896692172
125 3.5464354278908057
126 3.708797210036361
127 3.6430451548112104
128 3.4295984832868416
129 3.6163621689862855
130 3.4127116320196165
131 3.701241477632804
132 3.6339351553403274
133 3.8972665676772484
134 3.7194471440688073
135 3.5048740756029653
136 3.7502863297400904
137 4.030682305281197
138 3.8300566166392236
139 3.8708318409711953
140 3.8275214128374255
141 3.8107192156735734
142 3.739225865318829
143 3.7372882948259565
144 3.6798581476676064
145 3.661357962780417
146 4.126617568935827
147 3.696084199168232
148 3.7926078013508633
149 3.9387003380998564
150 3.782885043498263
151 3.7676882287352154
152 3.539202641057535
153 3.6580124013723405
154 3.6712369824574087
155 3.717942620843978
156 3.753553273353243
157 3.5376577499964235
158 3.982405091478932
159 3.416134109704466
160 3.992211187899003
161 3.7176833566406553
162 3.524697075689033
163 3.737643534692357
164 3.69293991865958
165 4.010923091393205
166 3.4738330381983826
167 3.750985814182529
168 3.565008239085201
169 3.5531890547104292
170 3.8420703685492508
171 3.708291336927025
172 3.751221056620444
173 3.864146881735637
174 3.6163119187487602
175 3.5861632863571002
176 3.795747458426434
177 3.877401582464547
178 3.888889664192536
179 3.5357206199922797
180 3.3984470818936603
181 3.88200794733705
182 3.9063883129830423
183 4.047013976293581
184 3.9930075375768266
185 3.625347498894944
186 3.4934089733251277
187 3.7061648121619823
188 3.8591003476744
189 3.7183310221394907
190 3.7086722558132093
191 3.4842119250505883
192 3.696524364563824
193 3.802597940841257
194 4.112200492256881
195 4.1029880795428095
196 3.9179293501645263
197 3.6276316377580358
198 3.9122460025267025
199 3.7044683145002537
200 3.717093004297981
201 3.8872399982646413
202 3.6062404698268664
203 4.016103801410889
204 3.273276121120465
205 4.0061429191924915
206 3.6776291230888254
207 3.6695808523473703
208 3.7904361039969072
209 3.5471447887366034
210 3.363273583384499
211 3.693854463958982
212 3.6455214387847876
213 3.973859565687328
214 3.5848759539358324
215 3.5886187951171515
216 3.6633638752061706
217 3.8837218129810434
218 3.5769005696288274
219 3.517837379033356
220 3.417672378525427
221 3.443380321915353
222 3.9291828708889223
223 3.816496995172284
224 3.7430220090877357
225 3.5053801422150155
226 3.716164630397034
227 3.8322438336350277
228 3.785483075118474
229 3.7233784378607644
230 3.8109456228714684
231 3.6830359494603826
232 3.5195550058454836
233 3.864622327778678
234 3.3693399319265427
235 3.8351149984082635
236 4.124994926654171
237 3.72656419184075
238 3.6891451005418086
239 3.7896419847206846
240 3.8045573141078313
241 3.7687694154627156
242 3.717919808973895
243 3.3708814672405234
244 3.6647932284196503
245 3.794445434253227
246 3.7646009716972846
247 3.873116831789205
248 3.977045258304477
249 3.466732767184204
250 3.666595778683624
251 3.828123882728954
252 3.794541225003456
253 3.464711469191088
254 3.603588053574187
255 3.8379129493201374
256 3.575726456485524
257 3.860761454905015
258 3.408386930097969
259 3.4833205879709355
260 3.758403273080247
261 3.786201672146305
262 3.8504224504991766
263 4.049094170738271
264 3.7356006682028036
265 3.7706011157495354
266 3.6019181400188294
267 3.5484687766748793
268 4.185261886865967
269 3.7630694268046008
270 3.5817716245827786
271 3.786219311259179
272 3.6433389161634375
273 3.925065875325971
274 3.8584669757531183
275 3.7525073224789716
276 3.654539338687528
277 3.900169369846162
278 4.010270322562418
279 3.8341684348607834
280 3.8472270521100635
281 3.8142738153789293
282 3.8420434802537
283 3.8156072803719345
284 3.9934416205324825
285 3.6640533077731416
286 3.993633052983295
287 4.454265591560323
288 3.7288142068786434
289 3.660976691623723
290 3.583434354184979
291 3.773444105123155
292 3.6088713397153134
293 3.3320534749794257
294 3.778641521315161
295 3.5877037750238143
296 3.8682305521196594
297 3.4597641512616795
298 4.057052097139081
299 3.6840908785931243
300 3.967468697984384
301 4.060195154806899
302 3.866357064973191
303 4.079365957806463
304 3.8847355108851622
305 3.5734759671805296
306 3.9268907142340277
307 3.55723174687821
308 3.946075778885651
309 3.911861584007024
310 3.645732389840508
311 3.579208836746616
312 3.7678437435276027
313 3.810969581234759
314 4.029779026419578
315 3.6020590740490617
316 4.038446089409751
317 3.766643319041243
318 3.8937463015262166
319 3.7100003268627257
320 3.712074513246111
321 4.054259188666796
322 4.245842690208587
323 3.333024989100012
324 3.6280939671657904
325 3.481567592744448
326 3.478259312150063
327 3.7614266855618355
328 3.6945207273558816
329 3.533601920212889
330 3.678038921298668
331 3.8550468779092197
332 3.3703180900984337
333 4.142915407585142
334 3.7415763489861185
335 3.6471468838491345
336 3.6105889326966762
337 4.294514249737298
338 3.7464383649913255
339 3.881105114591446
340 3.8067117312819527
341 3.9362550446530333
342 3.7471793444067756
343 3.529343774036538
344 3.4531552640744496
345 3.52173848312129
346 3.97342214816875
347 3.3273857008621026
348 3.75059309043467
349 4.015395622051188
350 3.831441763496633
351 3.9190192572168625
352 3.6978720248714123
353 3.9435433925292127
354 3.7016140937903166
355 3.8916665400010264
356 3.744501898668523
357 3.698229489106798
358 3.942712005024755
359 3.7090240838511415
360 4.056552170601399
361 3.762818672502754
362 3.8954898665630853
363 3.6091657721034265
364 4.164016458640268
365 3.666382600385038
366 3.53837948636191
367 3.8009828455777983
368 3.3696703183608636
369 3.637728701256782
370 3.875862552975994
371 3.7789401813806407
372 3.8042122439553223
373 3.6396012748583786
374 3.732534288227739
375 3.8223633485592305
376 3.5144113811010484
377 3.125308994567297
378 3.8052472885624016
379 3.875889520535394
380 3.393861063247528
381 3.7341973612556827
382 3.8084836882838875
383 3.801217126370382
384 3.826038325222609
385 3.5130578426395282
386 3.7981007784132226
387 3.9063964257842976
388 3.2706029274162853
389 3.6844372270500725
390 4.099744171303853
391 3.62067429952069
392 3.542763168154705
393 3.892992454728363
394 4.117956020146997
395 3.826576484457378
396 3.6620524025871166
397 4.088798979977975
398 3.6894801131565274
399 3.5398835274042746
400 3.8691585396659485
401 3.4411026774134963
402 3.9106899603653464
403 3.640593403729634
404 3.919719982143086
405 3.8240015203071263
406 3.804332774927099
407 3.803538870543601
408 3.760064069539352
409 3.7718593695751124
410 3.629466495965055
411 3.899044413928555
412 3.8685708000096453
413 3.4530457555646046
414 3.5419347825881218
415 3.9795418703402876
416 3.910737195979235
417 3.5571822098515122
418 3.585820729734679
419 3.360786707992708
420 3.198894841118286
421 3.617519680742319
422 3.4046329267662387
423 3.7058402418611958
424 3.5832780207532817
425 3.6149891215434313
426 3.7299769854010205
427 3.80198158213948
428 3.931633731678889
429 4.091929692255722
430 3.719709024956527
431 4.006293436930251
432 3.71137445292333
433 3.7066835504007263
434 3.4380775531537635
435 3.5518654855803913
436 3.7570281336000573
437 3.969168589330858
438 3.8534550787669803
439 3.3395926642676197
440 3.5030444503319815
441 3.6196952227627857
442 3.8773235222426865
443 3.7070353462533725
444 3.7274380090243935
445 3.584103372465638
446 3.4610482649838694
447 3.4777545086652437
448 3.809093259442897
449 3.7785000903260557
450 3.6822410831887105
451 3.8386774159436046
452 3.8561885025652582
453 3.7012424375292428
454 3.4792537493300992
455 3.620182665386961
456 3.862590126226704
457 4.205556250470255
458 3.7659449134030076
459 3.9857563857860185
460 3.3848193333186503
461 3.888276328591942
462 3.6700417895105097
463 3.7479314241490584
464 3.8034592148489943
465 3.6935871846721477
466 3.941408701534347
467 3.9565513901687286
468 3.4961054353965726
469 3.7870059509085796
470 3.7016935965174054
471 4.035378943330249
472 3.5617217967036856
473 3.5318696407673604
474 3.9142121604771485
475 3.914847853363215
476 3.8764143644103726
477 3.694516914671194
478 3.7797288851467914
479 3.555464446334118
480 3.8718830696756235
481 3.939377366012199
482 3.59676508276879
483 4.031003687397255
484 3.8572141249903504
485 3.848125748056169
486 3.462078297082304
487 3.69812488370948
488 3.695033910154811
489 3.9003639106028505
490 3.8209995111109736
491 3.624295104326759
492 3.798420550699802
493 4.032706073718532
494 3.810606047932772
495 3.694302590223575
496 3.7475612819330038
497 3.8527378934452883
498 4.009652552007491
499 4.1336696706101925
500 4.15042513151806
501 3.726434081412952
502 3.9223250977798125
503 3.6709940921912843
504 3.6091569956897724
505 3.8026047954065456
506 4.1040192859177065
507 3.822764185290687
508 3.68304649426684
509 3.8574544014629026
510 3.891697735349181
511 3.8002286352044945
512 4.010221949687024
513 3.7354519511552797
514 3.972353138630642
515 3.855529600265223
516 3.8417992308116906
517 3.5162918132483374
518 4.007374818214253
519 3.597297261201498
520 3.5707366828349496
521 3.7717914735925495
522 3.980834649647653
523 3.6945932310620937
524 3.6552438527328874
525 3.387911029281992
526 3.490176424199019
527 3.6338376058598922
528 3.649743655136099
529 3.5625936250715324
530 4.063333341164719
531 3.6457810723731674
532 3.86202391471714
533 3.7066465534761313
534 3.729431583854701
535 3.815929528827031
536 3.6817827734035316
537 3.68650467315956
538 3.6671641036414595
539 3.8371301997878766
540 3.5235117316369093
541 3.7976440411631796
542 3.728522866116824
543 3.541191075237363
544 3.8143554391930077
545 3.6058668041912836
546 3.639361303259028
547 4.040718471016642
548 3.9261257176479845
549 3.964166337696998
550 3.8408916372637147
551 3.5710431045538535
552 3.4837926715764818
553 4.080373522243189
554 3.7685441966451445
555 3.795945350355099
556 3.8104745504790998
557 3.9458321424060236
558 3.4604424104973064
559 3.4569356360450194
560 3.680378277827986
561 3.425108161324495
562 3.7319336286610225
563 3.6544991772784345
564 3.752943468564191
565 3.907409987115982
566 3.789707053503624
567 3.8871345568734803
568 3.6626154946193017
569 3.6489733846794596
570 4.244123698413316
571 3.918208585655615
572 3.8628816278798563
573 3.9198059223540467
574 3.606478931453822
575 3.692751776498271
576 3.6450405788449585
577 3.603801375636882
578 3.4727969717484326
579 3.9105870799844076
580 3.8892277896495524
581 3.674600717673306
582 3.8883208349658496
583 3.6891003132411506
584 3.950533355218563
585 3.444330991159684
586 3.6649739681536566
587 3.7438941430597783
588 3.893666478716725
589 3.731321020706472
590 3.593344185173959
591 3.8658735897790493
592 4.021367001169769
593 4.052290675285898
594 3.8372208812779935
595 4.005924204204583
596 3.8350578079206983
597 3.678520748438043
598 3.810538718077677
599 3.7098652108528567
600 3.720914103100915
601 4.053716644808776
602 3.5717235182351565
603 3.6910095220912202
604 3.83499477090709
605 3.6011951634046824
606 3.9103573620173986
607 3.612133232991009
608 3.872329469939033
609 3.7390015646370776
610 3.52890867453672
611 3.971830248519837
612 3.3192465486347777
613 3.9461028342737903
614 3.6449418314185675
615 3.926836682789888
616 4.176222295374684
617 3.6928836641321823
618 3.6676584438571975
619 4.115564934905335
620 3.822233785006588
621 3.521913741140973
622 4.0188436606967715
623 4.0501567159713465
624 3.6897161960629044
625 3.9504403352474893
626 3.5449510969574196
627 3.67518473128321
628 3.519594411663875
629 3.9497496152394436
630 3.5709534074291955
631 3.766573992840723
632 3.7830356599853374
633 3.3187548026520144
634 4.105434405669833
635 3.423876212808531
636 3.8724370542053776
637 3.566418061088021
638 3.630247148668554
639 3.857810320326752
640 4.004766982318213
641 3.723265362117326
642 3.9393191690190936
643 3.9181254464970294
644 4.058654594316465
645 3.8333784518823366
646 3.930602668975252
647 4.0299110439881725
648 3.5260128126036023
649 3.7583182638226744
650 3.802864416958266
651 4.1368457653209445
652 3.4594470153814068
653 3.58110995663907
654 3.5739209907116942
655 3.3596445452524093
656 3.7216336374436123
657 3.5486417230949754
658 3.940023711028388
659 3.997898201898841
660 3.798236705868042
661 3.6199143784633434
662 3.5433569432135634
663 4.073758700179442
664 3.792980838783968
665 4.116932385548021
666 3.7781317646274974
667 3.5531196625516164
668 3.902416883313007
669 3.474369547693375
670 4.08189380000746
671 3.615468535190339
672 3.8354555901967724
673 3.715576324914259
674 3.840064883477814
675 3.772814383286194
676 3.7725788502427715
677 3.8827543910801205
678 3.510654354623308
679 3.716520827572647
680 3.8428480610942843
681 3.6404260380108093
682 3.697189911510817
683 3.555372079581303
684 3.918324093322872
685 3.837751847332935
686 3.797434909645214
687 3.8633580289978307
688 3.8362006026591917
689 3.836785972898833
690 3.3673070082644956
691 3.592703569315107
692 3.733940275270997
693 3.979854100549258
694 3.7203625971094407
695 3.5155381625088693
696 3.864197439206552
697 4.14321143683768
698 3.6257661693782386
699 3.768745416116713
700 3.689117797976706
701 3.7034311232618444
702 3.68693763119215
703 3.7950379028131844
704 3.665248046766912
705 3.700427095306242
706 3.7864547247939453
707 3.6531368770442096
708 3.950461913951379
709 3.916709393952363
710 3.8692211280677338
711 3.8856700122635353
712 3.6425685880391443
713 3.616792923765308
714 3.555850924193566
715 3.7870058020121573
716 3.96578466000103
717 3.61087414721309
718 3.6104530335879312
719 3.8550799854116704
720 3.5942611007952783
721 3.7233114375632845
722 3.898322056624041
723 3.611661305274886
724 3.713322447975006
725 3.7088947084615573
726 4.183806343117738
727 3.7924540705503427
728 3.893640222261744
729 3.58317305982243
730 3.7257130403414056
731 3.8266943573650147
732 3.5601710704294858
733 4.031983860535293
734 3.913335663929848
735 3.900159412035973
736 3.7156446938041627
737 3.4035325972914494
738 3.8143788157871557
739 3.7154748419806025
740 3.6399279033252507
741 3.7022734577738294
742 4.2801947327225625
743 3.7126868723758615
744 3.893344448177401
745 4.127172388828469
746 3.951459372373879
747 3.382428431328522
748 3.726486333652494
749 3.7583412540802748
750 3.825074131291287
751 3.757160073369515
752 3.253223419388482
753 3.676009505746737
754 3.7963072554620814
755 3.838125290409268
756 3.7854280264626703
757 3.6266384995737795
758 3.5803222411617903
759 4.038857275368203
760 3.6640567308702923
761 3.8336432071357676
762 4.120964845993671
763 3.814909652639718
764 3.6063279811307165
765 3.5603378723763752
766 3.700828163635794
767 3.827020381839576
768 3.7542565406525523
769 3.881287446436473
770 3.4639587328364945
771 3.5558822256638893
772 3.6975453359947905
773 3.6257327773184445
774 3.7100743047129225
775 3.419261115998648
776 4.009728629322747
777 3.6948109649697347
778 3.9059632986903923
779 3.7345428651502686
780 3.329829647131717
781 3.6637145518620664
782 4.136042695945456
783 3.9834383125584703
784 3.79643031392861
785 3.4350161327791486
786 3.9034106941452866
787 4.012359010995664
788 3.694861215743911
789 3.5737934364357145
790 3.7578241905201626
791 3.82783274638106
792 3.7231201257464432
793 3.6220591011468897
794 3.717081175301443
795 4.192297732971426
796 4.040639607549442
797 4.026475515328052
798 3.914025205781539
799 3.8251907042259816
800 3.918871634125364
801 3.8876877396402625
802 3.3892424283650193
803 3.964893633697835
804 3.496843898394902
805 4.024829845866391
806 3.606419045851579
807 3.838229405266562
808 3.5816309080080573
809 3.6891604489232876
810 3.5197090004293234
811 3.523203776824961
812 4.072283433276979
813 3.9855773559879104
814 3.7219047213737655
815 3.713794535725372
816 3.696195094744473
817 3.598930629928132
818 4.015605879715417
819 4.035462905678313
820 4.04826108268217
821 4.089173418647879
822 3.725511535515673
823 3.4136613924006944
824 3.5447471680067415
825 3.587448497343598
826 3.6370713133634625
827 3.463320512143014
828 3.7503235593225637
829 3.9220814449771098
830 3.3916085449870503
831 3.7674626363187818
832 3.6141581347163143
833 3.842627445822423
834 3.5761249297847018
835 3.930415008654624
836 3.6593896516256836
837 3.839229579131534
838 3.508605933467884
839 3.9831287562836213
840 3.8099387620347827
841 3.8491212211601358
842 3.435781737892803
843 3.5078805475278503
844 3.584703572206591
845 4.253603190955663
846 4.150796700040961
847 3.81038734587037
848 3.4506769518105083
849 3.664859876894394
850 3.5006877793263973
851 3.8103289077110487
852 3.763712805068522
853 3.7555149250240567
854 3.92349752307522
855 3.642571482808368
856 3.447921971170255
857 3.933630121493611
858 3.571291622764477
859 3.656796989038672
860 3.741876128421714
861 3.422641553430041
862 3.916918390925528
863 3.7414736700751905
864 3.43364049341088
865 3.8461158589385205
866 3.774644922084381
867 3.7795633501075745
868 4.050698642198605
869 3.559962785632944
870 3.8848275445857126
871 4.002876640305775
872 3.736096641727568
873 3.7969056228449802
874 3.8417937683601675
875 3.889204781351365
876 3.8627579536274004
877 3.7092068383946057
878 3.719736961288941
879 3.769174525489085
880 3.4437820161417627
881 3.7029077922542366
882 3.6058262061782433
883 3.777220296987661
884 3.740192677713449
885 3.7844253695236447
886 3.576063782316639
887 3.8645251838574457
888 3.7280887045978957
889 3.5307710284228677
890 3.4226783621958248
891 3.190437281246819
892 3.9246182231675983
893 3.8892030690144606
894 4.136351672090214
895 3.768440383555237
896 4.128885837971881
897 3.5348649098868337
898 3.487838047241348
899 3.6775072841358902
900 3.9485758424777733
901 3.619204323452426
902 3.76155278927501
903 3.9698364501768637
904 4.066939486225458
905 3.8898966748758204
906 3.706895353990673
907 3.420059922299028
908 3.4022691752780108
909 3.477685968820024
910 3.526456948211234
911 3.964642030304684
912 3.992041400790731
913 3.614034429441023
914 3.648324842723294
915 4.216021061298706
916 3.566636427609482
917 3.9261289135181694
918 3.6038060433625496
919 3.505042582811555
920 3.436712404562613
921 3.6790394732677743
922 3.470499556191429
923 4.15517276161382
924 3.930557371548497
925 3.6059408117702367
926 3.8677341525679085
927 3.7287782985413
928 3.640958661934651
929 3.988253662868105
930 3.6952777344273335
931 3.951705603765587
932 3.783912317205779
933 3.5177661336397414
934 4.033580199200229
935 3.9438029305451394
936 3.683401353161963
937 4.033003899782565
938 3.6532583229290334
939 3.8557199203334838
940 3.7031726253334876
941 3.4632965956420536
942 3.298788086520543
943 3.7405626357556896
944 4.229518451016039
945 3.8940677376452437
946 3.6687591422199564
947 3.6763327508729953
948 3.899357570306104
949 3.6056070193391876
950 3.7992947987112107
951 4.154043893257156
952 4.02583887760199
953 3.760655437921097
954 3.6032345463783653
955 3.311143567802029
956 3.690568698684818
957 4.108790244792626
958 3.7269612104751677
959 3.8792634393038496
960 3.8176096648427413
961 3.6172487616464983
962 3.38284122194981
963 3.3631547813555263
964 3.616361431782431
965 3.538401114264628
966 3.5905009495448548
967 3.765612869969214
968 3.659696187967471
969 3.7489653309019495
970 4.339495950464745
971 3.9291422471308817
972 3.5647422394406734
973 4.009907764068552
974 3.535182473895895
975 3.879309110039473
976 4.176425256242019
977 3.9959949821259584
978 3.8079161804545714
979 4.056749448456868
980 3.6076280594493864
981 3.8809525726730745
982 3.749960477509879
983 3.7584175131147552
984 3.538304692182932
985 4.257427311246803
986 3.676246633898478
987 3.5869423368141455
988 3.7571330246198333
989 3.679958473949347
990 4.049937357101485
991 3.6292061403996954
992 3.7641969401745117
993 3.9258885881249803
994 3.687482180343122
995 4.006039480391534
996 3.6509066215118278
997 3.598394878467479
998 3.5935031226380287
999 3.636290858067567
1000 4.007109543250246
