1 -1.9130348285710497
2 -1.9130348285710497
3 -1.9130348285710497
4 -1.9130348285710497
5 -1.9130348285710497
6 -1.9130348285710497
7 -1.9130348285710497
8 -1.9130348285710497
9 -1.9130348285710497
10 -1.9130348285710497
11 -1.9130348285710497
12 -1.9130348285710497
13 -1.9130348285710497
14 -1.9130348285710497
15 -1.9130348285710497
16 -1.9130348285710497
17 -1.9130348285710497
18 -1.9130348285710497
19 -1.9130348285710497
20 -1.9130348285710497
21 -1.9130348285710497
22 -1.9130348285710497
23 -1.9130348285710497
24 -1.9130348285710497
25 -1.9130348285710497
26 -1.9130348285710497
27 -1.9130348285710497
28 -1.9130348285710497
29 -1.9130348285710497
30 -1.9130348285710497
31 -1.9130348285710497
32 -1.9130348285710497
33 -1.9130348285710497
34 -1.9130348285710497
35 -1.9130348285710497
36 -1.9130348285710497
37 -1.9130348285710497
38 -1.9130348285710497
39 -1.9130348285710497
40 -1.9130348285710497
41 -1.9130348285710497
42 -1.9130348285710497
43 -1.9130348285710497
44 -1.9130348285710497
45 -1.9130348285710497
46 -1.9130348285710497
47 -1.9130348285710497
48 -1.9130348285710497
49 -1.9130348285710497
50 -1.9130348285710497
51 -1.9130348285710497
52 -1.9130348285710497
53 -1.9130348285710497
54 -1.9130348285710497
55 -1.9130348285710497
56 -1.9130348285710497
57 -1.9130348285710497
58 -1.9130348285710497
59 -1.9130348285710497
60 -1.9130348285710497
61 -1.9130348285710497
62 -1.9130348285710497
63 -1.9130348285710497
64 -1.9130348285710497
65 -1.9130348285710497
66 -1.9130348285710497
67 -1.9130348285710497
68 -1.9130348285710497
69 -1.9130348285710497
70 -1.9130348285710497
71 -1.9130348285710497
72 -1.9130348285710497
73 -1.9130348285710497
74 -1.9130348285710497
75 -1.9130348285710497
76 -1.9130348285710497
77 -1.9130348285710497
78 -1.9130348285710497
79 -1.9130348285710497
80 -1.9130348285710497
81 -1.9130348285710497
82 -1.9130348285710497
83 -1.9130348285710497
84 -1.9130348285710497
85 -1.9130348285710497
86 -1.9130348285710497
87 -1.9130348285710497
88 -1.9130348285710497
89 -1.9130348285710497
90 -1.9130348285710497
91 -1.9130348285710497
92 -1.9130348285710497
93 -1.9130348285710497
94 -1.9130348285710497
95 -1.9130348285710497
96 -1.9130348285710497
97 -1.9130348285710497
98 -1.9130348285710497
99 -1.9130348285710497
100 -1.9130348285710497
101 -1.9130348285710497
102 -1.9130348285710497
103 -1.9130348285710497
104 -1.9130348285710497
105 -1.9130348285710497
106 -1.9130348285710497
107 -1.9130348285710497
108 -1.9130348285710497
109 -1.9130348285710497
110 -1.9130348285710497
111 -1.9130348285710497
112 -1.9130348285710497
113 -1.9130348285710497
114 -1.9130348285710497
115 -1.9131963812362138
116 -1.9131963812362138
117 -1.9131963812362138
118 -1.9131963812362138
119 -1.9131963812362138
120 -1.9131963812362138
121 -1.9131963812362138
122 -1.9131963812362138
123 -1.9131963812362138
124 -1.9131963812362138
125 -1.9131963812362138
126 -1.9131963812362138
127 -1.9131963812362138
128 -1.9131963812362138
129 -1.9131963812362138
130 -1.9131963812362138
131 -1.9131963812362138
132 -1.9131963812362138
133 -1.9131963812362138
134 -1.9131963812362138
135 -1.9131963812362138
136 -1.9131963812362138
137 -1.9131963812362138
138 -1.9131963812362138
139 -1.9131963812362138
140 -1.9131963812362138
141 -1.9131963812362138
142 -1.9131963812362138
143 -1.9131963812362138
144 -1.9131963812362138
145 -1.9131963812362138
146 -1.9131963812362138
147 -1.9131963812362138
148 -1.9131963812362138
149 -1.9131963812362138
150 -1.9131963812362138
151 -1.9131963812362138
152 -1.9131963812362138
153 -1.9131963812362138
154 -1.9131963812362138
155 -1.9131963812362138
156 -1.9131963812362138
157 -1.9131963812362138
158 -1.9131963812362138
159 -1.9131963812362138
160 -1.9131963812362138
161 -1.9131963812362138
162 -1.9131963812362138
163 -1.9132028859943717
164 -1.9132028859943717
165 -1.9132028859943717
166 -1.9132028859943717
167 -1.9132028859943717
168 -1.9132028859943717
169 -1.9132028859943717
170 -1.9132028859943717
171 -1.9132028859943717
172 -1.9132028859943717
173 -1.9132028859943717
174 -1.9132028859943717
175 -1.9132028859943717
176 -1.9132028859943717
177 -1.9132028859943717
178 -1.9132028859943717
179 -1.9132028859943717
180 -1.9132028859943717
181 -1.9132028859943717
182 -1.9132028859943717
183 -1.9132028859943717
184 -1.9132028859943717
185 -1.9132028859943717
186 -1.9132028859943717
187 -1.9132028859943717
188 -1.9132028859943717
189 -1.9132028859943717
190 -1.9132028859943717
191 -1.9132028859943717
192 -1.9132028859943717
193 -1.9132028859943717
194 -1.9132028859943717
195 -1.9132028859943717
196 -1.9132028859943717
197 -1.9132028859943717
198 -1.9132028859943717
199 -1.9132028859943717
200 -1.9132028859943717
201 -1.9132028859943717
202 -1.9132028859943717
203 -1.9132028859943717
204 -1.9132028859943717
205 -1.9132028859943717
206 -1.9132028859943717
207 -1.9132028859943717
208 -1.9132028859943717
209 -1.9132028859943717
210 -1.9132028859943717
211 -1.9132028859943717
212 -1.9132028859943717
213 -1.9132028859943717
214 -1.9132028859943717
215 -1.9132028859943717
216 -1.9132028859943717
217 -1.9132028859943717
218 -1.9132028859943717
219 -1.9132028859943717
220 -1.9132028859943717
221 -1.9132028859943717
222 -1.9132028859943717
223 -1.9132028859943717
224 -1.9132028859943717
225 -1.9132028859943717
226 -1.9132028859943717
227 -1.9132028859943717
228 -1.9132028859943717
229 -1.9132028859943717
230 -1.9132028859943717
231 -1.9132028859943717
232 -1.9132028859943717
233 -1.9132028859943717
234 -1.9132028859943717
235 -1.9132028859943717
236 -1.9132028859943717
237 -1.9132028859943717
238 -1.9132028859943717
239 -1.9132028859943717
240 -1.9132028859943717
241 -1.9132028859943717
242 -1.9132028859943717
243 -1.9132028859943717
244 -1.9132028859943717
245 -1.9132028859943717
246 -1.9132028859943717
247 -1.9132028859943717
248 -1.9132028859943717
249 -1.9132028859943717
250 -1.9132028859943717
251 -1.9132028859943717
252 -1.9132028859943717
253 -1.9132028859943717
254 -1.9132028859943717
255 -1.9132028859943717
256 -1.9132028859943717
257 -1.9132028859943717
258 -1.9132028859943717
259 -1.9132028859943717
260 -1.9132028859943717
261 -1.9132028859943717
262 -1.9132028859943717
263 -1.9132028859943717
264 -1.9132028859943717
265 -1.9132028859943717
266 -1.9132028859943717
267 -1.9132028859943717
268 -1.9132028859943717
269 -1.9132028859943717
270 -1.9132028859943717
271 -1.9132028859943717
272 -1.9132028859943717
273 -1.9132028859943717
274 -1.9132028859943717
275 -1.9132028859943717
276 -1.9132028859943717
277 -1.9132028859943717
278 -1.9132028859943717
279 -1.9132028859943717
280 -1.9132028859943717
281 -1.9132028859943717
282 -1.9132028859943717
283 -1.9132028859943717
284 -1.9132028859943717
285 -1.9132028859943717
286 -1.9132028859943717
287 -1.9132028859943717
288 -1.9132028859943717
289 -1.9132028859943717
290 -1.9132028859943717
291 -1.9132028859943717
292 -1.9132028859943717
293 -1.9132028859943717
294 -1.9132028859943717
295 -1.9132028859943717
296 -1.9132028859943717
297 -1.9132028859943717
298 -1.9132028859943717
299 -1.9132028859943717
300 -1.9132028859943717
301 -1.9132028859943717
302 -1.9132028859943717
303 -1.9132028859943717
304 -1.9132028859943717
305 -1.9132028859943717
306 -1.9132028859943717
307 -1.9132028859943717
308 -1.9132028859943717
309 -1.9132028859943717
310 -1.9132028859943717
311 -1.9132028859943717
312 -1.9132028859943717
313 -1.9132028859943717
314 -1.9132028859943717
315 -1.9132028859943717
316 -1.9132028859943717
317 -1.9132028859943717
318 -1.9132028859943717
319 -1.9132028859943717
320 -1.9132028859943717
321 -1.9132028859943717
322 -1.9132028859943717
323 -1.9132028859943717
324 -1.9132028859943717
325 -1.9132028859943717
326 -1.9132028859943717
327 -1.9132028859943717
328 -1.9132028859943717
329 -1.9132028859943717
330 -1.9132028859943717
331 -1.9132028859943717
332 -1.9132028859943717
333 -1.9132028859943717
334 -1.9132028859943717
335 -1.9132028859943717
336 -1.9132028859943717
337 -1.9132028859943717
338 -1.9132028859943717
339 -1.9132028859943717
340 -1.9132028859943717
341 -1.9132028859943717
342 -1.9132028859943717
343 -1.9132028859943717
344 -1.9132028859943717
345 -1.9132028859943717
346 -1.9132028859943717
347 -1.9132028859943717
348 -1.9132028859943717
349 -1.9132028859943717
350 -1.9132028859943717
351 -1.9132028859943717
352 -1.9132028859943717
353 -1.9132028859943717
354 -1.9132028859943717
355 -1.9132028859943717
356 -1.9132028859943717
357 -1.9132028859943717
358 -1.9132028859943717
359 -1.9132028859943717
360 -1.9132028859943717
361 -1.9132028859943717
362 -1.9132028859943717
363 -1.9132028859943717
364 -1.9132028859943717
365 -1.9132028859943717
366 -1.9132028859943717
367 -1.9132028859943717
368 -1.9132028859943717
369 -1.9132028859943717
370 -1.9132028859943717
371 -1.9132028859943717
372 -1.9132028859943717
373 -1.9132028859943717
374 -1.9132028859943717
375 -1.9132028859943717
376 -1.9132028859943717
377 -1.9132028859943717
378 -1.9132028859943717
379 -1.9132028859943717
380 -1.9132028859943717
381 -1.9132028859943717
382 -1.9132028859943717
383 -1.9132028859943717
384 -1.9132028859943717
385 -1.9132028859943717
386 -1.9132028859943717
387 -1.9132028859943717
388 -1.9132028859943717
389 -1.9132028859943717
390 -1.9132028859943717
391 -1.9132028859943717
392 -1.9132028859943717
393 -1.9132028859943717
394 -1.9132028859943717
395 -1.9132028859943717
396 -1.9132028859943717
397 -1.9132028859943717
398 -1.9132028859943717
399 -1.9132028859943717
400 -1.9132028859943717
401 -1.9132028859943717
402 -1.9132028859943717
403 -1.9132028859943717
404 -1.9132028859943717
405 -1.9132028859943717
406 -1.9132028859943717
407 -1.9132028859943717
408 -1.9132028859943717
409 -1.9132028859943717
410 -1.9132028859943717
411 -1.9132028859943717
412 -1.9132028859943717
413 -1.9132028859943717
414 -1.9132028859943717
415 -1.9132028859943717
416 -1.9132028859943717
417 -1.9132028859943717
418 -1.9132028859943717
419 -1.9132028859943717
420 -1.9132028859943717
421 -1.9132028859943717
422 -1.9132028859943717
423 -1.9132028859943717
424 -1.9132028859943717
425 -1.9132028859943717
426 -1.9132028859943717
427 -1.9132028859943717
428 -1.9132028859943717
429 -1.9132028859943717
430 -1.9132028859943717
431 -1.9132028859943717
432 -1.9132028859943717
433 -1.9132028859943717
434 -1.9132028859943717
435 -1.9132028859943717
436 -1.9132028859943717
437 -1.9132028859943717
438 -1.9132028859943717
439 -1.9132028859943717
440 -1.9132028859943717
441 -1.9132028859943717
442 -1.9132028859943717
443 -1.9132028859943717
444 -1.9132028859943717
445 -1.9132028859943717
446 -1.9132028859943717
447 -1.9132028859943717
448 -1.9132028859943717
449 -1.9132028859943717
450 -1.9132028859943717
451 -1.9132028859943717
452 -1.9132028859943717
453 -1.9132028859943717
454 -1.9132028859943717
455 -1.9132028859943717
456 -1.9132028859943717
457 -1.9132028859943717
458 -1.9132028859943717
459 -1.9132028859943717
460 -1.9132028859943717
461 -1.9132028859943717
462 -1.9132028859943717
463 -1.9132028859943717
464 -1.9132028859943717
465 -1.9132028859943717
466 -1.9132028859943717
467 -1.9132028859943717
468 -1.9132028859943717
469 -1.9132028859943717
470 -1.9132028859943717
471 -1.9132028859943717
472 -1.9132028859943717
473 -1.9132028859943717
474 -1.9132028859943717
475 -1.9132028859943717
476 -1.9132028859943717
477 -1.9132028859943717
478 -1.9132028859943717
479 -1.9132028859943717
480 -1.9132028859943717
481 -1.9132028859943717
482 -1.9132028859943717
483 -1.9132028859943717
484 -1.9132028859943717
485 -1.9132028859943717
486 -1.9132028859943717
487 -1.9132028859943717
488 -1.9132028859943717
489 -1.9132028859943717
490 -1.9132028859943717
491 -1.9132028859943717
492 -1.9132028859943717
493 -1.9132028859943717
494 -1.9132028859943717
495 -1.9132028859943717
496 -1.9132028859943717
497 -1.9132028859943717
498 -1.9132028859943717
499 -1.9132028859943717
500 -1.9132028859943717
501 -1.9132028859943717
502 -1.9132028859943717
503 -1.9132028859943717
504 -1.9132028859943717
505 -1.9132028859943717
506 -1.9132028859943717
507 -1.9132028859943717
508 -1.9132028859943717
509 -1.9132028859943717
510 -1.9132028859943717
511 -1.9132028859943717
512 -1.9132028859943717
513 -1.9132028859943717
514 -1.9132028859943717
515 -1.9132028859943717
516 -1.9132028859943717
517 -1.9132028859943717
518 -1.9132028859943717
519 -1.9132028859943717
520 -1.9132028859943717
521 -1.9132028859943717
522 -1.9132028859943717
523 -1.9132028859943717
524 -1.9132028859943717
525 -1.9132028859943717
526 -1.9132028859943717
527 -1.9132028859943717
528 -1.9132028859943717
529 -1.9132028859943717
530 -1.9132028859943717
531 -1.9132028859943717
532 -1.9132028859943717
533 -1.9132028859943717
534 -1.9132028859943717
535 -1.9132028859943717
536 -1.9132028859943717
537 -1.9132028859943717
538 -1.9132028859943717
539 -1.9132028859943717
540 -1.9132028859943717
541 -1.9132028859943717
542 -1.9132028859943717
543 -1.9132028859943717
544 -1.9132028859943717
545 -1.9132028859943717
546 -1.9132028859943717
547 -1.9132028859943717
548 -1.9132028859943717
549 -1.9132028859943717
550 -1.9132028859943717
551 -1.9132028859943717
552 -1.9132028859943717
553 -1.9132028859943717
554 -1.9132028859943717
555 -1.9132028859943717
556 -1.9132028859943717
557 -1.9132028859943717
558 -1.9132028859943717
559 -1.9132028859943717
560 -1.9132028859943717
561 -1.9132028859943717
562 -1.9132028859943717
563 -1.9132028859943717
564 -1.9132028859943717
565 -1.9132028859943717
566 -1.9132028859943717
567 -1.9132028859943717
568 -1.9132028859943717
569 -1.9132028859943717
570 -1.9132028859943717
571 -1.9132028859943717
572 -1.9132028859943717
573 -1.9132028859943717
574 -1.9132028859943717
575 -1.9132028859943717
576 -1.9132028859943717
577 -1.9132028859943717
578 -1.9132028859943717
579 -1.9132028859943717
580 -1.9132028859943717
581 -1.9132028859943717
582 -1.9132028859943717
583 -1.9132028859943717
584 -1.9132028859943717
585 -1.9132028859943717
586 -1.9132028859943717
587 -1.9132028859943717
588 -1.9132028859943717
589 -1.9132028859943717
590 -1.9132028859943717
591 -1.9132028859943717
592 -1.9132028859943717
593 -1.9132028859943717
594 -1.9132028859943717
595 -1.9132028859943717
596 -1.9132028859943717
597 -1.9132028859943717
598 -1.9132028859943717
599 -1.9132028859943717
600 -1.9132028859943717
601 -1.9132028859943717
602 -1.9132028859943717
603 -1.9132028859943717
604 -1.9132028859943717
605 -1.9132028859943717
606 -1.9132028859943717
607 -1.9132028859943717
608 -1.9132028859943717
609 -1.9132028859943717
610 -1.9132028859943717
611 -1.9132028859943717
612 -1.9132028859943717
613 -1.9132028859943717
614 -1.9132028859943717
615 -1.9132028859943717
616 -1.9132028859943717
617 -1.9132028859943717
618 -1.9132028859943717
619 -1.9132028859943717
620 -1.9132028859943717
621 -1.9132028859943717
622 -1.9132028859943717
623 -1.9132028859943717
624 -1.9132028859943717
625 -1.9132028859943717
626 -1.9132028859943717
627 -1.9132028859943717
628 -1.9132028859943717
629 -1.9132028859943717
630 -1.9132028859943717
631 -1.9132028859943717
632 -1.9132028859943717
633 -1.9132028859943717
634 -1.9132028859943717
635 -1.9132028859943717
636 -1.9132028859943717
637 -1.9132028859943717
638 -1.9132028859943717
639 -1.9132028859943717
640 -1.9132028859943717
641 -1.9132028859943717
642 -1.9132028859943717
643 -1.9132028859943717
644 -1.9132028859943717
645 -1.9132028859943717
646 -1.9132028859943717
647 -1.9132028859943717
648 -1.9132028859943717
649 -1.9132028859943717
650 -1.9132028859943717
651 -1.9132028859943717
652 -1.9132028859943717
653 -1.9132028859943717
654 -1.9132028859943717
655 -1.9132028859943717
656 -1.9132028859943717
657 -1.9132028859943717
658 -1.9132028859943717
659 -1.9132028859943717
660 -1.9132028859943717
661 -1.9132028859943717
662 -1.9132028859943717
663 -1.9132028859943717
664 -1.9132028859943717
665 -1.9132028859943717
666 -1.9132028859943717
667 -1.9132028859943717
668 -1.9132028859943717
669 -1.9132028859943717
670 -1.9132028859943717
671 -1.9132028859943717
672 -1.9132028859943717
673 -1.9132028859943717
674 -1.9132028859943717
675 -1.9132028859943717
676 -1.9132028859943717
677 -1.9132028859943717
678 -1.9132028859943717
679 -1.9132028859943717
680 -1.9132028859943717
681 -1.9132028859943717
682 -1.9132028859943717
683 -1.9132028859943717
684 -1.9132028859943717
685 -1.9132028859943717
686 -1.9132028859943717
687 -1.9132028859943717
688 -1.9132028859943717
689 -1.9132028859943717
690 -1.9132028859943717
691 -1.9132028859943717
692 -1.9132028859943717
693 -1.9132028859943717
694 -1.9132028859943717
695 -1.9132028859943717
696 -1.9132028859943717
697 -1.9132028859943717
698 -1.9132028859943717
699 -1.9132028859943717
700 -1.9132028859943717
701 -1.9132028859943717
702 -1.9132028859943717
703 -1.9132028859943717
704 -1.9132028859943717
705 -1.9132028859943717
706 -1.9132028859943717
707 -1.9132028859943717
708 -1.9132028859943717
709 -1.9132028859943717
710 -1.9132028859943717
711 -1.9132028859943717
712 -1.9132028859943717
713 -1.9132028859943717
714 -1.9132028859943717
715 -1.9132028859943717
716 -1.9132028859943717
717 -1.9132028859943717
718 -1.9132028859943717
719 -1.9132028859943717
720 -1.9132028859943717
721 -1.9132028859943717
722 -1.9132028859943717
723 -1.9132028859943717
724 -1.9132028859943717
725 -1.9132028859943717
726 -1.9132028859943717
727 -1.9132028859943717
728 -1.9132028859943717
729 -1.9132028859943717
730 -1.9132028859943717
731 -1.9132028859943717
732 -1.9132028859943717
733 -1.9132028859943717
734 -1.9132028859943717
735 -1.9132028859943717
736 -1.9132028859943717
737 -1.9132028859943717
738 -1.9132028859943717
739 -1.9132028859943717
740 -1.9132028859943717
741 -1.9132028859943717
742 -1.9132028859943717
743 -1.9132028859943717
744 -1.9132028859943717
745 -1.9132028859943717
746 -1.9132028859943717
747 -1.9132028859943717
748 -1.9132028859943717
749 -1.9132028859943717
750 -1.9132028859943717
751 -1.9132028859943717
752 -1.9132028859943717
753 -1.9132028859943717
754 -1.9132028859943717
755 -1.9132028859943717
756 -1.9132028859943717
757 -1.9132028859943717
758 -1.9132028859943717
759 -1.9132028859943717
760 -1.9132028859943717
761 -1.9132028859943717
762 -1.9132028859943717
763 -1.9132028859943717
764 -1.9132028859943717
765 -1.9132028859943717
766 -1.9132028859943717
767 -1.9132028859943717
768 -1.9132028859943717
769 -1.9132028859943717
770 -1.9132028859943717
771 -1.9132028859943717
772 -1.9132028859943717
773 -1.9132028859943717
774 -1.9132028859943717
775 -1.9132028859943717
776 -1.9132028859943717
777 -1.9132028859943717
778 -1.9132028859943717
779 -1.9132028859943717
780 -1.9132028859943717
781 -1.9132028859943717
782 -1.9132028859943717
783 -1.9132028859943717
784 -1.9132028859943717
785 -1.9132028859943717
786 -1.9132028859943717
787 -1.9132028859943717
788 -1.9132028859943717
789 -1.9132028859943717
790 -1.9132028859943717
791 -1.9132028859943717
792 -1.9132028859943717
793 -1.9132028859943717
794 -1.9132028859943717
795 -1.9132028859943717
796 -1.9132028859943717
797 -1.9132028859943717
798 -1.9132028859943717
799 -1.9132028859943717
800 -1.9132028859943717
801 -1.9132028859943717
802 -1.9132028859943717
803 -1.9132028859943717
804 -1.9132028859943717
805 -1.9132028859943717
806 -1.9132028859943717
807 -1.9132028859943717
808 -1.9132028859943717
809 -1.9132028859943717
810 -1.9132028859943717
811 -1.9132028859943717
812 -1.9132028859943717
813 -1.9132028859943717
814 -1.9132028859943717
815 -1.9132028859943717
816 -1.9132028859943717
817 -1.9132028859943717
818 -1.9132028859943717
819 -1.9132028859943717
820 -1.9132028859943717
821 -1.9132028859943717
822 -1.9132028859943717
823 -1.9132028859943717
824 -1.9132028859943717
825 -1.9132028859943717
826 -1.9132028859943717
827 -1.9132028859943717
828 -1.9132028859943717
829 -1.9132028859943717
830 -1.9132028859943717
831 -1.9132028859943717
832 -1.9132028859943717
833 -1.9132028859943717
834 -1.9132028859943717
835 -1.9132028859943717
836 -1.9132028859943717
837 -1.9132028859943717
838 -1.9132028859943717
839 -1.9132028859943717
840 -1.9132028859943717
841 -1.9132028859943717
842 -1.9132028859943717
843 -1.9132028859943717
844 -1.9132028859943717
845 -1.9132028859943717
846 -1.9132028859943717
847 -1.9132028859943717
848 -1.9132028859943717
849 -1.9132028859943717
850 -1.9132028859943717
851 -1.9132028859943717
852 -1.9132028859943717
853 -1.9132028859943717
854 -1.9132028859943717
855 -1.9132028859943717
856 -1.9132028859943717
857 -1.9132028859943717
858 -1.9132028859943717
859 -1.9132028859943717
860 -1.9132028859943717
861 -1.9132028859943717
862 -1.9132028859943717
863 -1.9132028859943717
864 -1.9132028859943717
865 -1.9132028859943717
866 -1.9132028859943717
867 -1.9132028859943717
868 -1.9132028859943717
869 -1.9132028859943717
870 -1.9132028859943717
871 -1.9132028859943717
872 -1.9132028859943717
873 -1.9132028859943717
874 -1.9132028859943717
875 -1.9132028859943717
876 -1.9132028859943717
877 -1.9132028859943717
878 -1.9132028859943717
879 -1.9132028859943717
880 -1.9132028859943717
881 -1.9132028859943717
882 -1.9132028859943717
883 -1.9132028859943717
884 -1.9132028859943717
885 -1.9132028859943717
886 -1.9132028859943717
887 -1.9132028859943717
888 -1.9132028859943717
889 -1.9132028859943717
890 -1.9132028859943717
891 -1.9132028859943717
892 -1.9132028859943717
893 -1.9132028859943717
894 -1.9132028859943717
895 -1.9132028859943717
896 -1.9132028859943717
897 -1.9132028859943717
898 -1.9132028859943717
899 -1.9132028859943717
900 -1.9132028859943717
901 -1.9132028859943717
902 -1.9132028859943717
903 -1.9132028859943717
904 -1.9132028859943717
905 -1.9132028859943717
906 -1.9132028859943717
907 -1.9132028859943717
908 -1.9132028859943717
909 -1.9132028859943717
910 -1.9132028859943717
911 -1.9132028859943717
912 -1.9132028859943717
913 -1.9132028859943717
914 -1.9132028859943717
915 -1.9132028859943717
916 -1.9132028859943717
917 -1.9132028859943717
918 -1.9132028859943717
919 -1.9132028859943717
920 -1.9132028859943717
921 -1.9132028859943717
922 -1.9132028859943717
923 -1.9132028859943717
924 -1.9132028859943717
925 -1.9132028859943717
926 -1.9132028859943717
927 -1.9132028859943717
928 -1.9132028859943717
929 -1.9132028859943717
930 -1.9132028859943717
931 -1.9132028859943717
932 -1.9132028859943717
933 -1.9132028859943717
934 -1.9132028859943717
935 -1.9132028859943717
936 -1.9132028859943717
937 -1.9132028859943717
938 -1.9132028859943717
939 -1.9132028859943717
940 -1.9132028859943717
941 -1.9132028859943717
942 -1.9132028859943717
943 -1.9132028859943717
944 -1.9132028859943717
945 -1.9132028859943717
946 -1.9132028859943717
947 -1.9132028859943717
948 -1.9132028859943717
949 -1.9132028859943717
950 -1.9132028859943717
951 -1.9132028859943717
952 -1.9132028859943717
953 -1.9132028859943717
954 -1.9132028859943717
955 -1.9132028859943717
956 -1.9132028859943717
957 -1.9132028859943717
958 -1.9132028859943717
959 -1.9132028859943717
960 -1.9132028859943717
961 -1.9132028859943717
962 -1.9132028859943717
963 -1.9132028859943717
964 -1.9132028859943717
965 -1.9132028859943717
966 -1.9132028859943717
967 -1.9132028859943717
968 -1.9132028859943717
969 -1.9132028859943717
970 -1.9132028859943717
971 -1.9132028859943717
972 -1.9132028859943717
973 -1.9132028859943717
974 -1.9132028859943717
975 -1.9132028859943717
976 -1.9132028859943717
977 -1.9132028859943717
978 -1.9132028859943717
979 -1.9132028859943717
980 -1.9132028859943717
981 -1.9132028859943717
982 -1.9132028859943717
983 -1.9132028859943717
984 -1.9132028859943717
985 -1.9132028859943717
986 -1.9132028859943717
987 -1.9132028859943717
988 -1.9132028859943717
989 -1.9132028859943717
990 -1.9132028859943717
991 -1.9132028859943717
992 -1.9132028859943717
993 -1.9132028859943717
994 -1.9132028859943717
995 -1.9132028859943717
996 -1.9132028859943717
997 -1.9132028859943717
998 -1.9132028859943717
999 -1.9132028859943717
1000 -1.9132028859943717
