1 6.980887413210771
2 7.0401320318503675
3 7.403412666222736
4 7.635637773370169
5 7.728022274466749
6 7.310282427931489
7 7.4950176358056915
8 7.294814765582819
9 7.464831035047252
10 7.836892192103142
11 8.101133416848647
12 7.224076827647337
13 8.081707491478072
14 7.937438446271206
15 8.143098888061619
16 7.6752293105489935
17 7.71865714944981
18 7.4410500176796175
19 7.5825931832948665
20 7.660555091320985
21 7.491445057480378
22 8.17169866515174
23 7.956893746676866
24 7.941796203951668
25 7.719445914303568
26 7.617813303035526
27 7.74077924329476
28 7.790981457877877
29 7.707803936693539
30 7.695056693625217
31 7.796023371504327
32 8.077779038360916
33 7.493507391676764
34 7.434160645623571
35 8.055957677487653
36 7.596666528212402
37 8.031233578222228
38 7.999018833475066
39 8.127868246072834
40 7.476761459298125
41 7.58662323852906
42 8.311308881418297
43 8.14449910840542
44 8.241138024455882
45 8.049663396571134
46 7.559055527381275
47 7.509957160351845
48 8.13951012327723
49 7.641481775883195
50 7.799821184779744
51 7.75084806382373
52 7.881033377321638
53 7.71269699244371
54 7.3158493588334395
55 7.692209762828722
56 7.865127680908361
57 7.977975263460487
58 7.55482322440309
59 8.235403745869025
60 7.6806208173907375
61 8.012937913112781
62 7.995986162759692
63 8.12707914170097
64 7.6579298942559335
65 7.8927155055636415
66 8.217109050764776
67 7.429628990826167
68 7.53634299155249
69 7.57346614570131
70 7.68206846981958
71 8.141067194037465
72 7.729792292125168
73 7.860193255963264
74 8.114468048179923
75 7.912463194524341
76 7.960600265570193
77 7.916395438472576
78 7.885949023919297
79 7.453245106136511
80 7.79226111643828
81 7.571633236375659
82 7.511709821899418
83 7.883521578840743
84 7.863538670206598
85 8.12325795782138
86 7.905339495176667
87 7.776724047251649
88 7.416799503441842
89 7.777880805397037
90 7.517045344685478
91 8.140237159212251
92 7.610241464001953
93 8.038627317338106
94 7.8951976129593815
95 7.373071023178363
96 7.7393925922802005
97 8.13516987303395
98 8.14681973952314
99 7.799174031431979
100 8.258384102249353
101 8.298584031197716
102 7.830609281472692
103 8.072247731921982
104 8.085275955212957
105 7.825860993770707
106 7.678826287386486
107 7.636234767264906
108 7.673745711531015
109 7.601503918697645
110 7.633709267172374
111 7.4887599395705875
112 7.462970119430074
113 8.129444179933959
114 8.03875425880868
115 7.7795626853998
116 8.17651245495636
117 8.071253510542075
118 7.171178484990129
119 7.487126906739368
120 7.383493959571704
121 8.219309387990599
122 7.480329409041148
123 8.054223776023216
124 7.9970129905023555
125 7.571657679957264
126 7.911140353549098
127 7.740230530658897
128 7.723423411017632
129 7.653389284431768
130 7.349715748664444
131 7.76912805119761
132 7.540372907514111
133 8.067111546888597
134 7.698438817662182
135 7.7796804423788055
136 7.77929586676194
137 8.034881539403079
138 7.702931893768149
139 7.917880594398028
140 8.024563304443229
141 7.879587702644033
142 7.571452151100407
143 7.931400548644334
144 7.613539955453548
145 7.824677391100664
146 8.23052611706623
147 7.785076352900394
148 7.897462337159794
149 7.833742644821347
150 7.858690015597321
151 7.933115385264203
152 7.2189075538845335
153 7.619339440034843
154 7.774288945014546
155 7.747912701824462
156 7.685730994308842
157 7.5373867062894
158 8.087010540113852
159 7.373946756701507
160 7.9420356426210645
161 7.578420707742752
162 7.43546122869786
163 7.710629685094177
164 7.797104913384705
165 8.260830384168678
166 7.433880004069905
167 7.892371118729922
168 7.5535458480796995
169 7.5482000294638745
170 7.933421341066818
171 7.728864395344018
172 7.663335602293457
173 7.9919283874778735
174 7.755180330878409
175 7.618708655057441
176 7.698826867537017
177 7.8031917602048875
178 8.154422861799997
179 7.436684460949435
180 7.430859391138735
181 7.898193911304917
182 8.079528780225681
183 8.051825731563804
184 8.051138051450776
185 7.725398038617096
186 7.431397590486513
187 7.89732113333994
188 7.9533110994631055
189 7.728478159863979
190 7.705543652010613
191 7.508517196880312
192 7.9148051163603625
193 7.703597286708346
194 8.271617284671505
195 8.328252848245038
196 8.035165058001771
197 7.729826213037927
198 8.021244605211432
199 7.854337629248059
200 7.945826430031097
201 7.878740427379784
202 7.702644610142702
203 8.23690451016302
204 7.255117546188589
205 8.243722451470232
206 7.559025791482818
207 7.843730783884791
208 7.715896788311585
209 7.5632423441894545
210 7.192420620625244
211 7.9081228208885
212 7.735207696632113
213 8.098830202791596
214 7.429730125641236
215 7.865843888094542
216 7.844782665655894
217 7.836411082057898
218 7.532461979113562
219 7.398893922863529
220 7.570636908265259
221 7.554734838554912
222 7.940544173894319
223 7.9021378275669605
224 7.807884289620379
225 7.186268126256667
226 7.874143341367081
227 7.86910727904255
228 7.692307025687232
229 7.862963861987665
230 7.924508797166034
231 7.493980202087115
232 7.430735322164137
233 8.121100469623418
234 7.327109912821479
235 7.732271958144771
236 8.211425622063425
237 8.133771496555164
238 7.811266005081551
239 7.606075137077184
240 7.962940696078649
241 7.801338055873705
242 7.8775996011268425
243 7.543642835540376
244 7.859173698940794
245 7.702612589352564
246 8.04139200999362
247 7.802481070783886
248 8.33633929506765
249 7.443177756754728
250 7.750134020412907
251 8.069701626532302
252 7.843815441143364
253 7.323413941664709
254 7.7783328729451915
255 8.013856919549461
256 7.372928559645578
257 8.225184760023247
258 7.5302347526910465
259 7.532546393403464
260 7.976130006159001
261 7.796319566890173
262 7.909080614492384
263 7.983512936824462
264 7.811089174341041
265 7.96970694948461
266 7.569910584874145
267 7.5227129575466885
268 8.396192089005384
269 7.6672000170696135
270 7.504390818644771
271 7.790130127421632
272 7.952381975657325
273 8.231460998093292
274 7.9219094520312785
275 7.787483951717971
276 7.484899927575022
277 7.959500915377815
278 8.133349815335604
279 8.040150666150419
280 7.766227122994283
281 7.85892286006337
282 7.932139314286143
283 7.72529690365284
284 8.013743870839
285 7.759073296358657
286 7.943714921629686
287 8.395519780878011
288 7.615980618840655
289 7.566600076368255
290 7.6644933509691
291 7.7908553587103855
292 7.45458197449876
293 7.192447180854066
294 7.725877893241176
295 7.310197971922475
296 8.166563563178626
297 7.511367538302021
298 8.240827765824573
299 7.606888408535374
300 8.050835288196234
301 8.503469754108504
302 7.943402591699736
303 8.107760058693534
304 7.933170569119298
305 7.57280591810188
306 8.148713859378109
307 7.87109731422468
308 8.095648698109207
309 8.082166351530761
310 7.946239964461491
311 7.619963870134535
312 7.899123975459834
313 7.929546556013511
314 8.070899042622678
315 7.830500508182079
316 7.916177559156266
317 7.8038946153452144
318 8.12979801798461
319 7.69275843155954
320 7.844818627470474
321 8.00535824158263
322 8.5393274325453
323 7.071279110027184
324 7.939047053481395
325 7.444931659758793
326 7.609199096666388
327 7.725882987237521
328 7.803006740474565
329 7.586967683044467
330 7.7403278314247554
331 8.129097710502371
332 7.330579049871982
333 8.55021788215841
334 7.986796311911209
335 7.678861195575104
336 7.556280805836191
337 8.45119938741467
338 8.133318922386099
339 7.94499327316849
340 8.047016548903448
341 8.293030184470567
342 7.8740670797651795
343 7.573071380359175
344 7.473622545136977
345 7.429472091826749
346 8.128761918415067
347 7.25244798706811
348 7.9079067209196054
349 8.190146281427381
350 7.973437478857225
351 7.977823433536441
352 7.843982639622593
353 8.04171048191515
354 7.758425552402059
355 7.953175683223411
356 7.791756694133634
357 7.852560163145687
358 8.314563371924367
359 7.909134815736359
360 8.231306680015393
361 7.588597992747252
362 7.932382781427708
363 7.579799967895744
364 8.236339551782804
365 7.457061198355783
366 7.461075048942416
367 8.013485292181668
368 7.526341000744028
369 7.676388365455393
370 7.736142370070592
371 7.9762639082755555
372 7.911981649939854
373 7.7228963872946474
374 7.826820200486317
375 7.935091750967943
376 7.593082994065326
377 7.255683355193579
378 7.7923551922552035
379 7.923549989525275
380 7.440116636813189
381 7.733687856734311
382 7.950876307355202
383 7.994581358181695
384 8.184119954559968
385 7.412531621516138
386 7.629393878779721
387 7.927093074078589
388 7.315204671158814
389 7.6108908852055235
390 8.225607935488501
391 7.9300542679694646
392 7.413164790936832
393 8.193325637036157
394 8.304379971150869
395 7.684123332322103
396 7.564435486262484
397 8.187874202391027
398 7.681000509141267
399 7.539451173548195
400 7.869306781781216
401 7.449729242171373
402 8.033974672054168
403 7.998291258863495
404 7.811570569671571
405 7.76175392851937
406 7.991051265825029
407 7.780764236809175
408 7.862288019041133
409 8.011131215083841
410 7.625740277745061
411 8.266134991001676
412 7.959349601244703
413 7.630285914494805
414 7.7949335828657995
415 8.083687919238283
416 8.1280886004457
417 7.527273574183442
418 7.475763806525318
419 7.471950765525947
420 6.936901958619091
421 7.710246397017718
422 7.416848505039618
423 7.765876831091531
424 7.394668271646281
425 7.707580013446036
426 7.866280203048421
427 8.043411594763471
428 8.145437596028664
429 8.354300925169202
430 7.728899099763732
431 8.050253231416288
432 7.66986252782468
433 7.628582592247432
434 7.383027902758719
435 7.681676624400214
436 7.984488895300867
437 8.139936444179327
438 7.978639525909352
439 7.328778113436383
440 7.263111188640105
441 7.798875141787582
442 7.65753375906407
443 7.43783008822565
444 7.701672736687521
445 7.638030543983429
446 7.5727834318371405
447 7.613286177224085
448 7.838961658970497
449 7.866822136165261
450 7.77924233059269
451 7.901508888062148
452 8.062997007231134
453 7.9346447992640305
454 7.531347922763532
455 7.601469394662342
456 7.921633607600287
457 8.407205131547991
458 7.550987842981384
459 8.261898250125746
460 7.597874822747347
461 7.767659360221959
462 7.626227584014493
463 7.885241200747139
464 7.920116778450335
465 7.786189599076912
466 8.323465715178065
467 8.1376068394031
468 7.642995446202454
469 8.112266757209419
470 7.749637660350532
471 8.25728593746581
472 7.4672864772696546
473 7.773002423634089
474 8.091251356903872
475 7.922156540284084
476 8.065748305236676
477 7.805567196894645
478 7.85521276650372
479 7.832118258998341
480 7.865691979709312
481 7.850046392582807
482 7.705390006827863
483 8.165473666009364
484 8.117197186903287
485 8.028686816758517
486 7.57437790533449
487 8.016849767941354
488 7.854038616429734
489 7.867636484399602
490 7.960671559714942
491 7.664617332694557
492 7.6931226054477575
493 8.173761929439003
494 8.077504240468937
495 7.763856746927161
496 7.802234388082061
497 7.954649851692408
498 8.358189315130598
499 8.256447569806838
500 8.302412776683449
501 7.853025594431406
502 8.262680300100765
503 7.7050198179460345
504 7.723058513788437
505 7.874498979261965
506 8.388095273690437
507 8.006345069230365
508 7.604509980936927
509 7.893643725771786
510 7.931536376978075
511 7.715364155269895
512 8.080120845875998
513 7.783495963466285
514 8.411677063801811
515 8.191510909208215
516 8.073831416953302
517 7.442213535951439
518 8.167274799057813
519 7.613454556812194
520 7.7518022054889215
521 7.76448529578224
522 8.171559117748377
523 7.547988968508312
524 7.540359202992448
525 7.415526206536909
526 7.425528510995162
527 7.798942420319354
528 7.800955073667027
529 7.388157104993342
530 8.184092208263186
531 7.72439730320751
532 7.749951714167817
533 7.832888614244719
534 7.699934180702658
535 7.819299482905565
536 7.650307735521903
537 7.74419826425345
538 7.851278492561533
539 7.94577348139948
540 7.828126906590082
541 7.686703466842027
542 7.635813288240207
543 7.65334362834122
544 8.190225409760364
545 7.482744390364827
546 7.79347685634582
547 8.225008293361324
548 8.143517851446987
549 8.004585215429648
550 7.990804662460623
551 7.515490630770484
552 7.644508516129989
553 8.159890888229453
554 7.742772457250092
555 7.7344586483550275
556 7.827913994196261
557 7.919175524106041
558 7.474747098969247
559 7.272268195044215
560 7.991682014929768
561 7.446312437708201
562 7.994141812954664
563 7.648312525858675
564 7.884270075074003
565 7.897468768035088
566 7.852805139537647
567 8.235393008810151
568 7.8003030604336825
569 7.7023977820526195
570 8.612410162101707
571 8.072558901642326
572 7.7347919299307595
573 7.955059684083111
574 7.881236648854902
575 7.8724053229395015
576 7.750512241476899
577 7.924108675318186
578 7.563536355088173
579 7.834217925564696
580 8.23232130050614
581 7.890196791988559
582 8.08485630972625
583 7.5072123679519365
584 8.186882836511687
585 7.0776561236636315
586 7.817186720739257
587 7.861270011116714
588 7.8103414272499725
589 7.804439044868086
590 7.693169660907757
591 7.850931920669868
592 8.098973542503753
593 8.01247769660379
594 7.992616712680964
595 8.021927154486015
596 8.124358148596643
597 7.684730216289438
598 7.984947901736957
599 7.818413997760954
600 7.713557062520736
601 8.363677758524457
602 7.36475897038699
603 7.720158763764728
604 8.07507097885877
605 7.909206205920805
606 7.893938325146965
607 7.667193933432455
608 8.076219690744256
609 7.838616618785539
610 7.5806060743352255
611 7.954435421074216
612 7.246342875757578
613 8.145554060685608
614 7.919987314993901
615 7.934059931942006
616 8.24070673363343
617 7.818533266042975
618 7.570018696465034
619 8.107118029707742
620 8.043042652291314
621 7.5985983533454045
622 8.160418223382246
623 8.068723365147658
624 7.524013436059178
625 7.9047819823212215
626 7.5257534969080355
627 7.782229610368901
628 7.37516957550893
629 8.309430181527963
630 7.877968640619326
631 7.860783503450712
632 7.788293455181838
633 6.92332314606354
634 8.137989446335377
635 7.521619621789829
636 8.016179784418771
637 7.728346033563103
638 7.897355640976886
639 8.035285557833022
640 7.904727951743877
641 7.771248491349304
642 8.016900625402432
643 7.989360856508653
644 8.13893761893045
645 7.9936756160674936
646 7.919246151400231
647 8.184477263557461
648 7.637385459194136
649 7.852707233403905
650 7.668373503236441
651 8.330800728090438
652 7.4283097461494485
653 7.691008286393086
654 7.450251730267034
655 7.200074869564886
656 7.767386952574367
657 7.867968150599245
658 8.045600848413356
659 7.923580317985503
660 7.940158385438945
661 7.808618364999186
662 7.482612920310297
663 8.302176601789231
664 7.953869234985857
665 8.305902993285827
666 7.981488788157237
667 7.543250424389951
668 8.081096366827436
669 7.562226709718219
670 8.270957307132944
671 7.35223661302018
672 7.851735557441694
673 7.614964928313797
674 8.037811093987965
675 7.880190626466012
676 8.02147854883764
677 7.992993185898254
678 7.518372939401875
679 7.689660466338369
680 8.23833023248583
681 7.796474667095381
682 7.83629382063239
683 7.540730302377936
684 8.143161750248687
685 8.078934116988963
686 7.827024062850743
687 7.990679743802911
688 8.124046911008683
689 8.06102027873381
690 7.238073499570891
691 7.668458385316193
692 7.738315600166663
693 7.73460861751096
694 7.655808648593462
695 7.768603293425649
696 8.005553341395968
697 8.126802409094545
698 7.634448679381174
699 7.809955581186809
700 7.724853472132693
701 7.8985254680248715
702 7.868816617823498
703 8.048053560685958
704 7.642175381430961
705 7.804835418432326
706 7.798063433218222
707 7.651162330581564
708 8.199200883860053
709 8.24476154123696
710 7.967087431620805
711 7.962584295408707
712 7.640626309251717
713 7.608210902981567
714 7.647585357966505
715 7.691184567523155
716 8.032973894120397
717 7.7891574278675435
718 7.659717582516319
719 7.877340030638214
720 7.359440969615434
721 7.716361393784422
722 8.1029446794392
723 7.464653918057819
724 7.759956560288264
725 7.621189641573793
726 8.746391591978242
727 7.642804858339835
728 7.983107334815114
729 7.533815905117894
730 7.8596786645104
731 7.805722831788462
732 7.682747624235731
733 8.16740869353487
734 8.131194918473536
735 8.0826260667232
736 7.844428003500576
737 7.603030935311975
738 7.9479735199753785
739 7.812482543559705
740 7.651057245019677
741 7.654252204623223
742 8.581433938948058
743 7.855653975683326
744 8.118300622704805
745 8.446200528147214
746 8.252226635251334
747 7.180465054743996
748 8.099952271971633
749 7.763858685522721
750 7.951863145971585
751 7.8786299412186205
752 7.176735829692777
753 7.759319995478588
754 7.95000411662426
755 7.871977894349786
756 7.782240234470219
757 7.617659675895131
758 7.795673906307982
759 8.24493472024324
760 7.560608277121427
761 7.826058902793496
762 8.439440517479328
763 7.871851110927026
764 7.487824948108142
765 7.3828232825221916
766 7.880340053899217
767 8.015825507797839
768 7.729163162980985
769 8.20895361637358
770 7.778487792045437
771 7.720989812791267
772 7.792433858969729
773 7.772033126301202
774 8.029752363887757
775 7.453441045267647
776 7.994064437379754
777 7.809777959317513
778 8.127471744751293
779 7.821404187088781
780 7.559862859655725
781 7.825913054411366
782 8.29515589249461
783 8.24079097593134
784 7.747380665547186
785 7.500737290598584
786 7.996872959248875
787 8.131274539586308
788 8.020488786984265
789 7.771152107593309
790 8.003682580002135
791 7.844117019404087
792 7.701789779746204
793 7.7048602583487265
794 7.614369045286005
795 8.508670119248915
796 7.79513378833455
797 8.28299733835876
798 7.969957434039303
799 7.701729762131565
800 7.994107182994657
801 8.007569519663708
802 7.258796640992621
803 8.258903179994284
804 7.626608184859449
805 7.977166911575335
806 7.571121092956929
807 7.857979090610141
808 7.339755893932855
809 7.602808139657077
810 7.843094545690877
811 7.427540765936257
812 8.338840322811006
813 8.017569726524709
814 7.852766118700772
815 7.84051321072532
816 7.692758198366697
817 7.4887164800654995
818 8.068824105923508
819 8.212403188604595
820 7.990792022676061
821 8.162403673167423
822 7.804774554054927
823 7.7215912200818435
824 7.60522772411223
825 7.612370141349937
826 7.590121469710402
827 7.506971867535399
828 7.955183843085152
829 8.408843771373451
830 7.092995760221223
831 7.896001242442324
832 7.7088641737686565
833 7.715654870935804
834 7.657882286085896
835 8.106179964873006
836 7.63399743174871
837 7.8857969297560295
838 7.439541918829548
839 8.21408564872574
840 7.803546042213411
841 7.802963338806773
842 7.391747678660433
843 7.762227436018552
844 7.606883962664331
845 8.270976761139947
846 8.371539446052259
847 7.8251570378172435
848 7.148200111849512
849 7.788492287979329
850 7.502639811261568
851 8.107568923185122
852 7.978386916325978
853 7.833045225777598
854 7.873889136843036
855 7.83908171777153
856 7.314544065106131
857 8.158909585319297
858 7.833878695614432
859 7.618764699961114
860 7.778345420777003
861 7.374485575652995
862 8.02838657626019
863 7.81726125526995
864 7.285036777686233
865 7.986111515376816
866 7.809787902478709
867 7.740099144958807
868 8.128886489737384
869 7.82623837981899
870 7.94508984749872
871 8.01158832539624
872 8.131632921864455
873 8.013257853749371
874 7.922340551525513
875 8.111804354534742
876 8.01273971494206
877 8.008299448207126
878 7.929953780509138
879 7.819762171929758
880 7.388812990497503
881 7.984093566450003
882 7.6417622598402
883 8.06062288001784
884 7.580647860121499
885 7.775426947788326
886 7.544686211882531
887 7.781791795934325
888 7.648025239971415
889 7.733299428218551
890 7.548052926534163
891 7.249251620924208
892 8.214407652118135
893 8.006390798057842
894 8.361554223855789
895 7.89489401494939
896 8.407110609631475
897 7.732146857581977
898 7.666856504547686
899 7.804700878778369
900 8.160256990712938
901 7.672906777237509
902 7.860446411280529
903 7.987059722302414
904 8.255689235389616
905 8.187816857825666
906 7.682251626148252
907 7.419041058331534
908 7.460205723497257
909 7.430696116493741
910 7.626116056576279
911 8.038055262903026
912 8.068459242071572
913 7.66410928930814
914 7.681037521005258
915 8.12499369554417
916 7.5863761632653075
917 7.987117199468215
918 7.4311741997024665
919 7.505785989983436
920 7.401140682907321
921 7.680395969074602
922 7.5454015986213605
923 7.915004079400174
924 8.14863120771608
925 7.690183269887883
926 7.886173144736942
927 7.737580229752764
928 7.372988153515811
929 8.047511104975953
930 7.643257539434249
931 8.015119331143577
932 7.702152154946794
933 7.88597041207553
934 8.098620979054722
935 8.18881570532886
936 7.842983071168478
937 8.427244530549324
938 7.710578740979944
939 8.074299180869422
940 7.58760393130025
941 7.525102858777322
942 7.459313452724285
943 7.911891322284801
944 8.28155472163764
945 7.958029186513738
946 7.73023113604223
947 7.829366723836226
948 8.115960468731341
949 7.697905300635017
950 7.690126100069341
951 8.53939376146268
952 8.107929132399262
953 7.713727710927112
954 7.7369308278396325
955 7.359226601114739
956 7.951072162092861
957 8.171267106356348
958 7.736663305635638
959 7.937908802272093
960 7.896791861114062
961 7.846708785731083
962 7.283655014455815
963 7.535630189246651
964 7.677600008555498
965 7.538293673178642
966 7.575435172585084
967 7.851558919598051
968 7.862419270737284
969 7.6923390871642106
970 8.611343866060865
971 7.8016623939728165
972 7.60446264291096
973 8.107965325042354
974 7.7888225320575355
975 7.989140015270137
976 8.432561897550242
977 8.36084208521911
978 8.113834103414792
979 8.41805093539048
980 7.623445651841737
981 8.077395252704134
982 7.93047593375255
983 7.785874485509068
984 7.479438975574677
985 8.553208398005612
986 7.647562646890506
987 7.767822094124724
988 7.811962640271691
989 7.665778809651419
990 8.344743804418949
991 7.605597386574819
992 8.023004837812692
993 7.952418879155431
994 7.7390878956321245
995 8.237898044527066
996 7.81614938620354
997 7.656011122241544
998 7.578083790191422
999 7.69094469756135
1000 8.231749914992372
