1 4.498706142726421
2 3.665639337634969
3 3.244877155436754
4 2.843426503746369
5 2.7618337270311617
6 2.6625136656967294
7 2.1826564236592505
8 1.9527380330386785
9 1.7981584970581999
10 2.14031510980592
11 1.9609472966173518
12 1.9078903882811797
13 1.679397251323912
14 1.793281859388135
15 1.733696297263874
16 1.4491238148436947
17 1.585423990849998
18 1.3748795648109846
19 1.5417731433496393
20 1.4444011994579247
21 1.4445520225123036
22 1.2181885618931383
23 1.1226616751955423
24 1.4910082670682032
25 1.2940303853591266
26 1.4515080698708593
27 1.3092130476915325
28 1.453454163717203
29 1.3888223936666533
30 1.3733480592303522
31 1.154361983828267
32 1.2892477063649748
33 1.056292552347173
34 1.1513417920460591
35 1.3918836126496412
36 1.1399536960612842
37 1.3075691844634016
38 1.4392601613291909
39 1.2682022354976843
40 1.062016863201069
41 1.0557828264789604
42 0.8551936549222513
43 1.1603046427525314
44 1.0217984592010743
45 1.2598842697274126
46 1.3433739548291155
47 1.019651915941032
48 1.0861637170636598
49 1.0759940858424157
50 1.3206276221296576
51 1.1339468884803428
52 1.1829904481291058
53 1.2484164825386654
54 1.2321343409612793
55 1.1701605329097102
56 1.0485610662007914
57 1.0009955577490226
58 1.174770006823333
59 1.1028274243798666
60 1.0607385051464242
61 0.8327248264519135
62 1.2983704419158208
63 1.1724935866163468
64 1.1489193029524787
65 1.1479000888933384
66 1.1992405145537537
67 1.0819049767505613
68 1.3571127916503891
69 1.1433148325445364
70 0.9897668047921947
71 0.9752314667233036
72 0.9849787581317382
73 1.3761673882451901
74 0.8982954384383163
75 1.3889202109776095
76 1.0631954566682358
77 1.2863576861536452
78 0.8490104981800548
79 0.9926102275868411
80 0.8203458549332894
81 1.0458881721671365
82 1.133234545190525
83 1.2085794794897742
84 1.0468055839837005
85 1.1715780772733733
86 1.1040283558477768
87 0.9717454400305002
88 1.2372968615007347
89 1.0736965371309892
90 1.2997635566151715
91 0.7994230399604116
92 1.1032681842078895
93 1.3132693321759223
94 0.7488889825374283
95 1.1429435863797817
96 0.9170834211709823
97 1.1571546274490958
98 1.0651108439520838
99 1.2771327182010979
100 0.8345812876688413
101 1.1661081457838312
102 1.1766849485927078
103 1.1020004041173759
104 0.9328904191449565
105 1.1064275521615103
106 1.0634994393869233
107 1.2741113813458196
108 1.3184248935587597
109 0.8490625800787114
110 0.8091572772318223
111 0.8425730034999744
112 1.0454103930538703
113 1.1782709627662993
114 0.832575393534692
115 1.0239811831043433
116 1.0226296189553075
117 1.1539456199073426
118 1.0400606464455942
119 1.0806626397024603
120 1.3011119712080477
121 1.150901014799502
122 1.1237337792412885
123 0.9612960608544574
124 0.8834190285858027
125 1.2379653813974083
126 1.0391395651953172
127 1.032388435998903
128 1.1030230283446143
129 1.1612452360318306
130 0.9399514035173749
131 1.2420027801136453
132 1.3872552526307595
133 0.8930022530250264
134 1.1805809906362703
135 0.9927868701758211
136 1.250762118350181
137 1.0725729254016687
138 0.9071166300664352
139 0.9393670744042054
140 1.164596159507396
141 1.0533624443090035
142 1.1837282542070209
143 0.8991926596130905
144 0.7837572761265325
145 0.744781185130476
146 1.002327803768385
147 1.1572618341200938
148 1.1359428969067986
149 0.8547764884431757
150 0.9399952242519163
151 0.9525247125768039
152 0.8924538969646216
153 1.018763317916961
154 0.7978875369616156
155 0.8083560719316608
156 1.2397478812990517
157 0.7428153396003359
158 1.0604649244811184
159 1.125948008840542
160 0.9669036335118049
161 1.0334599888847142
162 1.1063003797063446
163 0.8332830794121512
164 1.0659493974095104
165 1.1368776119039326
166 1.0092822686549083
167 0.8550458745607763
168 0.8685694629489455
169 1.0624189039459353
170 1.0993603644568102
171 1.1033665950332376
172 0.9469216313073733
173 1.070219831305254
174 0.9376070644418422
175 1.1400161089086729
176 1.0324749251158063
177 0.898396405424382
178 1.1163207565482292
179 0.8270139805959293
180 0.9087459650556766
181 0.7272238958190966
182 1.0831371483760246
183 1.2891869098934703
184 0.8883093992805694
185 1.0262912836588434
186 0.8942112834580421
187 0.693741283285376
188 1.23142267387355
189 0.9826094170229213
190 0.9862812294255551
191 0.9301336126151737
192 0.8838578006364173
193 0.987997708440628
194 0.9431570294733788
195 1.0038294993872277
196 0.9435684050702013
197 0.7867310430119309
198 0.8924673435924062
199 0.8832720746949219
200 1.0916864086334241
201 0.7091092238503187
202 0.6770579349761072
203 1.0490095535596007
204 1.1661336769304915
205 1.092560247627663
206 1.020672139861389
207 1.0067238075187455
208 0.9999752737250488
209 0.9201659358662521
210 0.9847688283263838
211 0.8739140809603879
212 0.8533772880481102
213 0.984580920579395
214 0.8841751209674588
215 0.9903070763307539
216 0.8459628637628032
217 1.3453884919439245
218 1.0556662812764954
219 0.8330481484486483
220 0.8908622094777106
221 0.9389368188535298
222 0.8262680038081639
223 0.9333504763112548
224 0.956115030331617
225 1.275104964851234
226 0.7653603091874682
227 1.1480424844989225
228 0.9542732410490611
229 0.9893690177560653
230 0.9129605503190448
231 0.8909755147304431
232 1.011313132603096
233 0.9347611771695947
234 1.1031490176713423
235 0.9564008814688114
236 0.7656040788937848
237 0.7315215635310401
238 1.1822914188035982
239 0.8004388548349639
240 1.1137445088181421
241 1.1233078258276832
242 1.1545718466631198
243 0.8740343176509925
244 0.8742638198219607
245 0.9480344957118999
246 1.0724784376759195
247 1.1090949880432495
248 0.9503771888901079
249 1.047424726220568
250 0.8381547900082983
251 0.9677746568980674
252 0.851151396957891
253 1.0541749392297661
254 0.9528581879091294
255 1.1278940143267147
256 1.2344224896389677
257 0.7945121389478609
258 0.8895790947524335
259 1.1816044592633925
260 0.9097660008017181
261 0.9139811960785794
262 1.021623753697419
263 0.8384087736660949
264 1.054134805299879
265 1.080404539523156
266 0.7138194197581086
267 1.0730892973035093
268 1.0204981196176162
269 1.0788393492188681
270 0.8970411944220841
271 1.223346691445567
272 0.6935309626072448
273 1.0901916807387906
274 0.8740851798394408
275 1.266378988848253
276 0.9411921609910275
277 0.8563123589091574
278 0.9841574629505596
279 0.9671396500926905
280 0.8984162880240311
281 0.8606280239224625
282 1.158950027660541
283 1.1448847482634277
284 0.7296299029624219
285 0.9327655037711882
286 1.1675550671737507
287 0.840891379597916
288 1.2402516772507004
289 1.0361960954551168
290 1.2077588332749973
291 0.9020747933742048
292 1.0893773595319536
293 0.7981271695604928
294 0.9548226865919441
295 0.9467717165309341
296 1.0929743339164215
297 0.8055884978923946
298 1.080722962444704
299 0.5881102118784598
300 1.1801665565031367
301 0.6915705753412047
302 0.9424721745600415
303 0.9006970828162645
304 1.0394252466992662
305 1.0728110421512491
306 0.9379679457347395
307 1.0739713237741453
308 1.0002374233629852
309 0.8872461221955951
310 0.791369619712447
311 1.0360514886264687
312 1.116332146559983
313 0.8885415091720318
314 0.8673889281836293
315 0.8993582057273193
316 0.8088835966879995
317 1.0967572606001654
318 0.97705067998806
319 0.8421407740574333
320 0.8146092002814347
321 0.839101178056669
322 1.0006158312345608
323 0.8910692890248888
324 0.6952512071733813
325 0.8043669127241397
326 1.018240605451642
327 1.0524171665839572
328 1.0260860259557407
329 0.7810332659858807
330 0.9723735160347703
331 0.8329810579814381
332 0.9627012129363456
333 0.972648977969304
334 1.1100246206696942
335 1.1968538064509688
336 0.9183627601910791
337 0.8929997889762987
338 1.0600181334831325
339 0.8752778325049899
340 0.8283679397464665
341 1.0392190995531798
342 0.8304407717524344
343 0.9490837998358034
344 0.9398195304958591
345 1.127514015552239
346 0.9398925335012227
347 0.8119127456403723
348 1.0969920530199246
349 0.737600460643052
350 0.8676146417163966
351 1.0521502861829812
352 1.0499217879944271
353 0.8953622472158582
354 1.1135713526173627
355 0.8738028214487581
356 0.9249560878243349
357 0.6438771335969016
358 0.971408517121287
359 0.9648196898509275
360 0.8529337292541941
361 0.89783171606752
362 0.8473298609362864
363 0.9457612699709661
364 1.268528267509918
365 0.8877471386175682
366 1.028330096826541
367 0.9266067077704865
368 0.9656226183762125
369 0.8861699086764085
370 0.7242362373830991
371 0.9331885494235557
372 0.925649728021589
373 0.990616501136576
374 0.6298973328195812
375 1.068024919675448
376 1.2626390367209983
377 1.0303885025021968
378 0.8588350839232812
379 1.0264194955363655
380 0.8107495215990539
381 0.871989344187785
382 0.7776406639904055
383 0.968869230746489
384 0.9236600258433282
385 1.1286098844642185
386 0.930463218022293
387 0.7882575634584318
388 0.8450923105741558
389 1.1137480686923489
390 1.0473213010593583
391 0.8609948180138904
392 0.9549413635748423
393 0.9831463189947914
394 1.0499709203531165
395 1.15983087805841
396 0.9519875671074096
397 1.02649392919283
398 0.9467846693562144
399 0.7610294838664035
400 0.682082715806341
401 1.017594786622566
402 1.1081767232303037
403 1.1813997931748739
404 0.9397455919646117
405 0.9073590571242574
406 0.9018759521629339
407 1.0806374643311687
408 1.0710717208291884
409 1.1988191884791484
410 0.7995763449905556
411 1.0925918690063798
412 0.7067133381794102
413 1.0838734636983767
414 0.7098945697499014
415 0.83751281093733
416 0.8654441269052011
417 0.9661225686436684
418 0.9476483027808986
419 0.9405705226750675
420 0.8982231121307691
421 0.8809129451653732
422 1.0690073969104656
423 0.7716185439381338
424 0.9596792190691116
425 1.0304734120711943
426 1.030651744453471
427 0.9104853632243328
428 0.7863969840867456
429 0.9829838982133822
430 0.7458368918688731
431 0.864662080366041
432 1.1178999886782686
433 1.107538706620097
434 0.9438034606905303
435 0.9218448758140156
436 1.0296823403288178
437 1.1364674459025572
438 0.9623349454590246
439 0.8135591110898149
440 1.05007552209297
441 1.0060463028518287
442 1.0249572897832582
443 1.0092769586824963
444 1.0079698214769097
445 0.950294348254596
446 0.8307641966555507
447 1.056215058405303
448 1.0155490102449882
449 0.9978781385841488
450 0.6428199363614471
451 0.7402414783039909
452 0.6653148277391091
453 0.8766093131830792
454 0.7847130440464638
455 0.85721158783562
456 1.0765548821118316
457 1.0928810524539458
458 0.8271802002903255
459 0.9226292980444443
460 0.9130699515166696
461 0.9537038250942076
462 0.8709374233761875
463 1.015450488074978
464 1.061424176140802
465 1.1908589233207016
466 1.1268800274216486
467 0.9765621241943127
468 1.338153892277125
469 1.0093893485206697
470 0.7932597863746838
471 0.6544833784632662
472 0.8239499497465015
473 0.8393470090409653
474 0.6842308782472901
475 0.9985523477275333
476 0.8610804380512849
477 0.724137249950857
478 0.8433976882298256
479 0.8714164720095239
480 1.050634158313088
481 1.073052755799775
482 0.6437760182637478
483 0.8902292159929401
484 0.9747669743713179
485 0.8078138675350651
486 0.9817340990550354
487 1.0244947132167785
488 1.1360643380947655
489 1.2748247726138602
490 1.029800171475441
491 1.006701163990339
492 0.924918077998141
493 1.0380410315611182
494 1.0340837941082324
495 0.8889480952082117
496 1.0406817256239227
497 1.0089531848299271
498 0.9788194478411518
499 1.1520112738467947
500 1.0283533820700204
501 0.6651888181962246
502 0.934760245984855
503 1.070490668637116
504 0.9921571924197251
505 1.1650350678224035
506 1.2243948341964155
507 0.80520214375601
508 0.8994196995810844
509 1.1174975064492974
510 0.7571927479987411
511 0.9501618968006428
512 0.6644278993199866
513 0.8428054779778157
514 1.017309246516527
515 0.9240317909952906
516 0.9445525729181449
517 1.0688886799340613
518 0.8269813239607453
519 0.7921648738815005
520 0.9870555895662465
521 0.9647569246161308
522 1.0564472996275787
523 0.9745408153844637
524 0.9263692603514149
525 1.2752962150235383
526 1.0669061228362442
527 0.7983271744493527
528 0.906503458017778
529 1.0576790031122847
530 1.0540598201086586
531 0.8927120006098997
532 0.9849562566690567
533 0.9157923241873411
534 0.9752399297709626
535 0.9173938176876261
536 0.9512565731578186
537 1.095775640915932
538 0.9274606173600591
539 1.0303429950586516
540 1.0477970492230526
541 0.9055887235546609
542 0.8634790372795009
543 0.8130317246929307
544 0.704905653548679
545 0.9359381667494807
546 0.8145124743713033
547 1.0313008540644186
548 0.9499533416176653
549 1.1200835274963183
550 1.1361078141898697
551 1.0904323067630464
552 0.8780162244561238
553 0.7310841801296856
554 0.8210547701345247
555 1.086943130565518
556 0.8323970616671488
557 1.1373387244674127
558 1.0095359263011645
559 1.133690081152865
560 0.922179712532653
561 0.9981798266710491
562 1.1967500861810851
563 1.1700267394868784
564 0.8732003952996534
565 0.7009602707951197
566 0.9135238553155229
567 1.0104623963186927
568 0.7339643481201945
569 1.0363284848486771
570 1.1032070229100113
571 0.7572790968356903
572 0.7523305861488676
573 0.8094482950357271
574 0.831432766701045
575 0.8706630030566355
576 0.8744124968844148
577 0.8219776889258547
578 0.9776872112116273
579 1.0326320188916576
580 1.174141338638537
581 0.8727005174586784
582 0.9761543019855043
583 1.070634327673344
584 1.2519854615566406
585 0.7423278787197203
586 1.2056211670368036
587 1.0349550333085658
588 0.9723390977567035
589 0.8493016763276134
590 0.7405627795546671
591 1.0488262010416798
592 1.2803760457159896
593 0.8271282017100539
594 0.9773282111332393
595 1.2219780002925502
596 0.7070719282805346
597 1.014301498540975
598 0.927147769045116
599 0.7876675667221559
600 0.8876753415747776
601 1.07049663506349
602 0.8136655231803657
603 0.8577275862014432
604 1.1988435896580512
605 0.7355746869385237
606 0.9326647319973692
607 1.1086033924509302
608 0.5381149826042183
609 0.9411776863717005
610 0.8881871375561257
611 0.9115603150274951
612 0.8754115907592912
613 0.8470674082513858
614 0.8290408433203429
615 0.9930028534175493
616 0.7174608577870046
617 0.7180078828940913
618 0.8696436742429708
619 0.8219629731700914
620 1.0816577492846096
621 0.9289314189481956
622 0.9419497297404283
623 0.8967954534364756
624 1.1915842943867752
625 1.0497121128255091
626 1.005764598948479
627 0.9406496907642552
628 0.7140995087559737
629 0.8511189282514013
630 0.9366110847587822
631 0.8574692914094735
632 1.0062969028055597
633 0.8959802043764254
634 0.92943047283657
635 0.7020186837731367
636 1.069515331496477
637 0.7785934035518289
638 0.8296047141187957
639 1.0586181101421517
640 0.9913277321837524
641 1.1938138730400318
642 0.8046798018872603
643 1.093255033759519
644 0.8209636660400329
645 0.8260408137841975
646 1.0937321217256752
647 0.9986658588182958
648 0.9739738627624772
649 0.9572302283610753
650 0.9182059509327244
651 0.8703756378810568
652 0.9690249887022885
653 0.8747113725329978
654 1.0167403583746577
655 0.7769412210101921
656 0.9039728400291109
657 0.9452643021270299
658 1.124474539115849
659 0.7384161034917135
660 0.9899627709315802
661 1.1224640939747896
662 1.1965645221674943
663 1.0647419340088204
664 0.9028596535242466
665 1.0149267588633415
666 0.9165483867722195
667 1.104425621286038
668 0.8625510664409387
669 0.9149121297830055
670 0.8647284482884612
671 0.9515473468985761
672 1.0745904608878674
673 1.0487487227701
674 0.9170990987343013
675 0.8878559244219041
676 0.6421817511629315
677 0.7370059493012157
678 0.8741107877319075
679 1.0039176462812673
680 1.2892809313205607
681 0.7841468023251144
682 0.9392422320035143
683 1.006854068781734
684 1.0858043210459103
685 1.437638496740216
686 0.8528136861847456
687 0.7872324477621782
688 1.0130027342974077
689 0.9242495796943049
690 0.7915357157333078
691 1.0462359379030572
692 0.8128189087406733
693 0.941974947705199
694 1.116200296700503
695 0.8590483528762429
696 0.8701318074975527
697 0.8612082466812356
698 0.9496772768216435
699 1.0833338024076915
700 1.002385959793806
701 0.938968146368896
702 0.7734086038806169
703 0.9057245773631041
704 0.6662020644079412
705 0.7685556590271556
706 0.958351164720967
707 0.9097132984749127
708 1.114232916879296
709 1.164165351652941
710 1.0547522852169786
711 1.0900709221474432
712 0.8235130801031887
713 0.8246631465131098
714 0.9942126023517316
715 0.9656734306633628
716 1.0019151013758487
717 0.8445991190729533
718 0.928794025100401
719 0.7581571158437352
720 1.0074156892913546
721 0.8176288225001674
722 0.8943614543530021
723 0.9513077154680496
724 0.8151780523587636
725 0.7887162872267974
726 0.8488700499691956
727 0.8447164656308771
728 1.146597309781509
729 0.9250676313986512
730 0.8983633339408136
731 0.9854846497624491
732 1.0133485359201524
733 1.0457891727483497
734 1.0879549483855346
735 0.8998135436494229
736 0.9632105224851277
737 0.7833247590368628
738 1.118000091555653
739 1.0546864710676527
740 0.7530329872363213
741 1.042009834408143
742 1.2285378493117582
743 0.7689390653788438
744 0.749367215013656
745 0.9179351304815782
746 0.822277242422074
747 0.8956836153046318
748 0.9122552839110588
749 0.9955521102734626
750 0.8738161477547883
751 0.7155450700552997
752 0.8460784426244088
753 0.8273862091807561
754 0.7757475500809373
755 0.8806325616196445
756 0.9542621962568385
757 0.9433370807599892
758 0.7842297014711621
759 0.7396417155624365
760 0.8490882115952907
761 0.8409264727594052
762 0.9062759970479327
763 0.7989625303625255
764 0.9949903789832063
765 0.994031425807532
766 1.0058815575847508
767 1.1538926155066436
768 1.0704501454848014
769 1.117727021771844
770 0.8388506669867911
771 0.8365314748797635
772 0.900197271705353
773 0.9837550104572275
774 0.9719963116144834
775 0.9022774453009951
776 0.8908508344193706
777 0.6690222995150285
778 0.8811991031439934
779 0.6981509396269369
780 0.7281883837033735
781 1.1076972199162152
782 0.9511224956692597
783 0.9687219624812038
784 1.0130683907292606
785 0.9703156379837428
786 0.9728080307797381
787 0.8545633418083177
788 0.9022381680587584
789 1.1241117002740941
790 0.9271119911413197
791 0.9620677903844469
792 0.8365183078824768
793 1.1796055084684829
794 1.0524339284573538
795 1.1182010976849084
796 1.0527322113197684
797 0.6659752157979674
798 1.08544293606601
799 0.9357507434343288
800 0.808563131563433
801 1.0179360852994253
802 0.6307036027634068
803 0.9474344402511238
804 1.1114529727117137
805 0.9889281923123947
806 0.9718436195115107
807 0.8442989961900742
808 0.7823666569634603
809 0.8683769913824262
810 0.7921679858842059
811 0.8813996511993032
812 0.8222385024305302
813 1.0276700352919876
814 0.9426382473669209
815 1.005485643813399
816 1.1803687791428892
817 1.0102012849404092
818 0.9549711963198307
819 0.7746107822638417
820 0.8659436431124103
821 0.9664517936021949
822 0.8687672908309177
823 0.8779089331455668
824 0.8250240394952165
825 1.0814732408825878
826 0.8752114851325404
827 0.7597179550271449
828 1.0231178305821365
829 0.9755333068571167
830 0.7800542967327908
831 0.9206269674474272
832 0.7937488511078945
833 0.9667660374467143
834 0.9311809849942183
835 0.8958762599212163
836 0.985373593314731
837 0.7054670173181282
838 0.8853294116474733
839 1.0960342771437135
840 1.073585906332865
841 1.0348172895695842
842 0.8518594148741498
843 1.0314335109216841
844 0.9662150400106811
845 0.8766026833847625
846 0.8391131951396599
847 1.0369460567048865
848 1.0451671057316256
849 0.9425118021242197
850 1.225744941940564
851 1.068240187999625
852 0.9658944782198132
853 0.7721719640539454
854 0.8110489107220276
855 0.8403457874685113
856 1.1563871407231514
857 0.9933537422006639
858 0.9299057693739603
859 0.99248717827062
860 1.1314711854131865
861 0.8607274841404012
862 0.7729823230224726
863 1.0875322147673985
864 0.8121613780980902
865 1.1437083748185917
866 1.0147430585765562
867 0.8542554365797189
868 0.8959546499175294
869 0.9130882589518073
870 0.9789119569634165
871 0.6758389418707064
872 0.8171731530895022
873 1.000350352203056
874 0.9197705976826311
875 1.0088480714082289
876 0.8457662090961112
877 1.023118706295005
878 1.0788461156914655
879 0.918247565561473
880 0.9180991908396159
881 0.9265074473276531
882 0.8743631513507535
883 0.9020974828831962
884 0.9832846653241467
885 0.9130150508402454
886 1.0234223201410395
887 0.7705787236893732
888 0.8039085144669686
889 0.8387185627806042
890 0.9583260549172805
891 0.8620698865002339
892 0.9758040337015859
893 0.7605817200849324
894 0.8360634044207927
895 1.0322628018667168
896 0.7711863045462938
897 0.8389929861795058
898 0.9507416261529625
899 0.611716907747993
900 0.92860438277903
901 1.2125922847368453
902 0.8295352446271038
903 1.1146476885012522
904 0.9141839119024397
905 0.9566644404368613
906 0.8437515111154057
907 0.971346090232894
908 1.0862661628302661
909 0.783009353777561
910 1.184895815905323
911 1.0744879848936015
912 0.8072570558909076
913 1.0115476136825103
914 0.7936579025303852
915 1.0551293798578212
916 0.9422598327146374
917 0.9164384835643424
918 0.8811543862416825
919 0.9141898744164562
920 0.8142701022071807
921 0.8122321454390751
922 0.9079819902713959
923 0.7761578392699441
924 0.9857574831331343
925 1.1549771571329788
926 0.8086072000108135
927 0.9352909869060286
928 0.967289318266744
929 0.9290178730082452
930 0.7933252341774446
931 0.8092755646603852
932 0.9171275591496183
933 0.9242930611690237
934 1.0069965534232728
935 1.1237381546858687
936 0.7916029452039736
937 1.1186157008951585
938 0.8048512581722039
939 1.0061473072513736
940 0.9422571331787845
941 1.1378975033718854
942 0.9899169690586559
943 0.6614841955573268
944 0.852358434979299
945 0.772253601745286
946 1.0047852940398785
947 1.0242791240006075
948 1.2821666631241364
949 0.9511142567543368
950 0.9889095621096041
951 0.8438024354395953
952 0.9818242371803843
953 1.1101247105445027
954 0.7113749993405116
955 1.0926229950659307
956 1.289020586490292
957 0.8419580508889281
958 0.9280971439895872
959 1.4289377368831762
960 1.1363207613780673
961 1.0951150937041931
962 0.7443838783306939
963 1.092514445158228
964 1.0504932573914234
965 0.971276536018794
966 0.9416664416943428
967 0.8329141826452928
968 0.9844419808552904
969 0.9854230675485905
970 1.122572506769016
971 0.9237906893437542
972 1.0330590873058856
973 0.7915798718706488
974 1.1057903461784426
975 0.7731448809460056
976 1.0131036011086643
977 0.9799053315161907
978 0.9022487999842286
979 0.8738120874437347
980 0.7826883836612633
981 1.2421841002400482
982 0.9100335211892454
983 0.6318003370650475
984 0.870403251482435
985 1.1615538162140884
986 0.9727902681655001
987 1.1025631473052246
988 0.916969959588246
989 0.8432036236341155
990 0.9285351269441594
991 0.9738184432838558
992 0.8158716363215196
993 0.7775890842529796
994 1.1047856144965615
995 0.767129306454947
996 0.8087820190002947
997 0.9822394855215506
998 0.9285896539169914
999 1.0710870439017373
1000 0.8234401779869482
