1 -1.8852066627356758
2 -1.8852066627356758
3 -1.8852066627356758
4 -1.9031463080860913
5 -1.9078979292343599
6 -1.9078979292343599
7 -1.911777469989091
8 -1.911777469989091
9 -1.911777469989091
10 -1.911777469989091
11 -1.911777469989091
12 -1.911777469989091
13 -1.911777469989091
14 -1.911777469989091
15 -1.911777469989091
16 -1.911777469989091
17 -1.911777469989091
18 -1.9124474429061862
19 -1.9124474429061862
20 -1.9124474429061862
21 -1.9124474429061862
22 -1.9124474429061862
23 -1.9124474429061862
24 -1.9124474429061862
25 -1.9124474429061862
26 -1.9124474429061862
27 -1.9124474429061862
28 -1.9124474429061862
29 -1.9124474429061862
30 -1.9124474429061862
31 -1.9124474429061862
32 -1.9124474429061862
33 -1.9124474429061862
34 -1.9124474429061862
35 -1.9124474429061862
36 -1.9124474429061862
37 -1.9130580190865807
38 -1.9130580190865807
39 -1.9130580190865807
40 -1.9130580190865807
41 -1.9130580190865807
42 -1.9130580190865807
43 -1.9130580190865807
44 -1.9130580190865807
45 -1.9130580190865807
46 -1.9130580190865807
47 -1.9130580190865807
48 -1.9130580190865807
49 -1.9130580190865807
50 -1.9130580190865807
51 -1.9130580190865807
52 -1.9130580190865807
53 -1.9130580190865807
54 -1.9130580190865807
55 -1.9130580190865807
56 -1.9130580190865807
57 -1.9130580190865807
58 -1.9130580190865807
59 -1.9130580190865807
60 -1.9130580190865807
61 -1.9130580190865807
62 -1.9130580190865807
63 -1.9130580190865807
64 -1.9130580190865807
65 -1.9130580190865807
66 -1.9130580190865807
67 -1.9130580190865807
68 -1.9130580190865807
69 -1.9130580190865807
70 -1.9130580190865807
71 -1.9130580190865807
72 -1.9130580190865807
73 -1.9130580190865807
74 -1.9130580190865807
75 -1.9130580190865807
76 -1.9130580190865807
77 -1.9130580190865807
78 -1.9130580190865807
79 -1.9130580190865807
80 -1.9130580190865807
81 -1.9130580190865807
82 -1.9130580190865807
83 -1.9130580190865807
84 -1.9130580190865807
85 -1.9130580190865807
86 -1.9130580190865807
87 -1.9130580190865807
88 -1.9130580190865807
89 -1.9130580190865807
90 -1.9130580190865807
91 -1.9130580190865807
92 -1.9130580190865807
93 -1.9130580190865807
94 -1.9130580190865807
95 -1.9130580190865807
96 -1.9130580190865807
97 -1.9130580190865807
98 -1.9130580190865807
99 -1.9130580190865807
100 -1.9130580190865807
101 -1.9130580190865807
102 -1.9130580190865807
103 -1.9130580190865807
104 -1.9130580190865807
105 -1.9130580190865807
106 -1.9130580190865807
107 -1.9130580190865807
108 -1.9130580190865807
109 -1.9130580190865807
110 -1.9130580190865807
111 -1.9130580190865807
112 -1.9130580190865807
113 -1.9130580190865807
114 -1.9130580190865807
115 -1.9130580190865807
116 -1.9130580190865807
117 -1.9130580190865807
118 -1.9130580190865807
119 -1.9130580190865807
120 -1.9130580190865807
121 -1.9130580190865807
122 -1.9130580190865807
123 -1.9130580190865807
124 -1.9130580190865807
125 -1.9130580190865807
126 -1.9130580190865807
127 -1.9130580190865807
128 -1.9130580190865807
129 -1.9130580190865807
130 -1.9130580190865807
131 -1.9130580190865807
132 -1.9130580190865807
133 -1.9130580190865807
134 -1.9130580190865807
135 -1.9130580190865807
136 -1.9130580190865807
137 -1.9130580190865807
138 -1.9130580190865807
139 -1.9130580190865807
140 -1.9130580190865807
141 -1.9130580190865807
142 -1.9130580190865807
143 -1.9130580190865807
144 -1.9130580190865807
145 -1.9130580190865807
146 -1.9130580190865807
147 -1.9130580190865807
148 -1.9130580190865807
149 -1.9130580190865807
150 -1.9130580190865807
151 -1.9130580190865807
152 -1.9130580190865807
153 -1.9130580190865807
154 -1.9130580190865807
155 -1.9130580190865807
156 -1.9130580190865807
157 -1.9130580190865807
158 -1.9130580190865807
159 -1.9130580190865807
160 -1.9130580190865807
161 -1.9130580190865807
162 -1.9130580190865807
163 -1.9130580190865807
164 -1.9130580190865807
165 -1.9130580190865807
166 -1.9130580190865807
167 -1.9130580190865807
168 -1.9130580190865807
169 -1.9130580190865807
170 -1.9130580190865807
171 -1.9130580190865807
172 -1.9130580190865807
173 -1.9130580190865807
174 -1.9130580190865807
175 -1.9130580190865807
176 -1.9130580190865807
177 -1.9130580190865807
178 -1.9130580190865807
179 -1.9130580190865807
180 -1.9130580190865807
181 -1.9130580190865807
182 -1.9130580190865807
183 -1.9130580190865807
184 -1.9130580190865807
185 -1.9130580190865807
186 -1.9130580190865807
187 -1.9130580190865807
188 -1.9130580190865807
189 -1.9130580190865807
190 -1.9130580190865807
191 -1.9130580190865807
192 -1.9130580190865807
193 -1.9130580190865807
194 -1.9130580190865807
195 -1.9130580190865807
196 -1.9130580190865807
197 -1.9130580190865807
198 -1.9130580190865807
199 -1.9130580190865807
200 -1.9130580190865807
201 -1.9130580190865807
202 -1.9130580190865807
203 -1.9130580190865807
204 -1.9130580190865807
205 -1.9130580190865807
206 -1.9130580190865807
207 -1.9130580190865807
208 -1.9130580190865807
209 -1.9130580190865807
210 -1.9130580190865807
211 -1.9130580190865807
212 -1.9130580190865807
213 -1.9130580190865807
214 -1.9130580190865807
215 -1.9130580190865807
216 -1.9130580190865807
217 -1.9130580190865807
218 -1.9130580190865807
219 -1.9130580190865807
220 -1.9130580190865807
221 -1.9130580190865807
222 -1.9130580190865807
223 -1.9130580190865807
224 -1.9130580190865807
225 -1.9130580190865807
226 -1.9130580190865807
227 -1.9130580190865807
228 -1.9130580190865807
229 -1.9130580190865807
230 -1.9130580190865807
231 -1.9130580190865807
232 -1.9130580190865807
233 -1.9130580190865807
234 -1.9130580190865807
235 -1.9130580190865807
236 -1.9130580190865807
237 -1.9130580190865807
238 -1.9130580190865807
239 -1.9130580190865807
240 -1.9130580190865807
241 -1.9130580190865807
242 -1.9130580190865807
243 -1.9130580190865807
244 -1.9130580190865807
245 -1.9130580190865807
246 -1.9130580190865807
247 -1.9130580190865807
248 -1.9130580190865807
249 -1.9130580190865807
250 -1.9130580190865807
251 -1.9130580190865807
252 -1.9130580190865807
253 -1.9130580190865807
254 -1.9130580190865807
255 -1.9130580190865807
256 -1.9130580190865807
257 -1.9130580190865807
258 -1.9130580190865807
259 -1.9130580190865807
260 -1.9130580190865807
261 -1.9130580190865807
262 -1.9130580190865807
263 -1.9130580190865807
264 -1.9130580190865807
265 -1.9130580190865807
266 -1.9130580190865807
267 -1.9130580190865807
268 -1.9130580190865807
269 -1.9130580190865807
270 -1.9130580190865807
271 -1.9130580190865807
272 -1.9130580190865807
273 -1.9130580190865807
274 -1.9130580190865807
275 -1.9130580190865807
276 -1.9130580190865807
277 -1.9130580190865807
278 -1.9130580190865807
279 -1.9130580190865807
280 -1.9130580190865807
281 -1.9130580190865807
282 -1.9130580190865807
283 -1.9130580190865807
284 -1.9130580190865807
285 -1.9130580190865807
286 -1.9130580190865807
287 -1.9130580190865807
288 -1.9130580190865807
289 -1.9130580190865807
290 -1.9130580190865807
291 -1.9130580190865807
292 -1.9130580190865807
293 -1.9130580190865807
294 -1.9130580190865807
295 -1.9130580190865807
296 -1.9130580190865807
297 -1.9130580190865807
298 -1.9130580190865807
299 -1.9130580190865807
300 -1.9130580190865807
301 -1.9130580190865807
302 -1.9130580190865807
303 -1.9130580190865807
304 -1.9130580190865807
305 -1.9130580190865807
306 -1.9130580190865807
307 -1.9130580190865807
308 -1.9130580190865807
309 -1.9130580190865807
310 -1.9130580190865807
311 -1.9130580190865807
312 -1.9130580190865807
313 -1.9130580190865807
314 -1.9130580190865807
315 -1.9130580190865807
316 -1.9130580190865807
317 -1.9130580190865807
318 -1.9130580190865807
319 -1.9130580190865807
320 -1.9130580190865807
321 -1.9130580190865807
322 -1.9130580190865807
323 -1.9130580190865807
324 -1.9130580190865807
325 -1.9130580190865807
326 -1.9130580190865807
327 -1.9130580190865807
328 -1.9130580190865807
329 -1.9130580190865807
330 -1.9130580190865807
331 -1.9130580190865807
332 -1.9130580190865807
333 -1.9130580190865807
334 -1.9130580190865807
335 -1.9130580190865807
336 -1.9130580190865807
337 -1.9130580190865807
338 -1.9130580190865807
339 -1.9130580190865807
340 -1.9130580190865807
341 -1.9130580190865807
342 -1.9130580190865807
343 -1.9130580190865807
344 -1.9130580190865807
345 -1.9130580190865807
346 -1.9130580190865807
347 -1.9130580190865807
348 -1.9130580190865807
349 -1.9130580190865807
350 -1.9130580190865807
351 -1.9130580190865807
352 -1.9130580190865807
353 -1.9130580190865807
354 -1.9130580190865807
355 -1.9130580190865807
356 -1.9130580190865807
357 -1.9130580190865807
358 -1.9130580190865807
359 -1.9130580190865807
360 -1.9130580190865807
361 -1.9130580190865807
362 -1.9130580190865807
363 -1.9130580190865807
364 -1.9130580190865807
365 -1.9130580190865807
366 -1.9130580190865807
367 -1.9130580190865807
368 -1.9130580190865807
369 -1.9130580190865807
370 -1.9130580190865807
371 -1.9130580190865807
372 -1.9130580190865807
373 -1.9130580190865807
374 -1.9130580190865807
375 -1.9130580190865807
376 -1.9130580190865807
377 -1.9130580190865807
378 -1.9130580190865807
379 -1.9130580190865807
380 -1.9130580190865807
381 -1.9130580190865807
382 -1.9130580190865807
383 -1.9130580190865807
384 -1.9130580190865807
385 -1.9130580190865807
386 -1.9130580190865807
387 -1.9130580190865807
388 -1.9130580190865807
389 -1.9130580190865807
390 -1.9130580190865807
391 -1.9130580190865807
392 -1.9130580190865807
393 -1.9130580190865807
394 -1.9130580190865807
395 -1.9130580190865807
396 -1.9130580190865807
397 -1.9130580190865807
398 -1.9130580190865807
399 -1.9130580190865807
400 -1.9130580190865807
401 -1.9130580190865807
402 -1.9130580190865807
403 -1.9130580190865807
404 -1.9130580190865807
405 -1.9130580190865807
406 -1.9130580190865807
407 -1.9130580190865807
408 -1.9130580190865807
409 -1.9130580190865807
410 -1.9130580190865807
411 -1.9130580190865807
412 -1.9130580190865807
413 -1.9130580190865807
414 -1.9130580190865807
415 -1.9130580190865807
416 -1.9130580190865807
417 -1.9130580190865807
418 -1.9130580190865807
419 -1.9130580190865807
420 -1.9130580190865807
421 -1.9130580190865807
422 -1.9130580190865807
423 -1.9130580190865807
424 -1.9130580190865807
425 -1.913143404774524
426 -1.913143404774524
427 -1.913143404774524
428 -1.913143404774524
429 -1.913143404774524
430 -1.913143404774524
431 -1.913143404774524
432 -1.913143404774524
433 -1.913143404774524
434 -1.913143404774524
435 -1.913143404774524
436 -1.913143404774524
437 -1.913143404774524
438 -1.913143404774524
439 -1.913143404774524
440 -1.913143404774524
441 -1.913143404774524
442 -1.913143404774524
443 -1.913143404774524
444 -1.913143404774524
445 -1.913143404774524
446 -1.913143404774524
447 -1.913143404774524
448 -1.913143404774524
449 -1.913143404774524
450 -1.913143404774524
451 -1.913143404774524
452 -1.913143404774524
453 -1.913143404774524
454 -1.913143404774524
455 -1.913143404774524
456 -1.913143404774524
457 -1.913143404774524
458 -1.913143404774524
459 -1.913143404774524
460 -1.913143404774524
461 -1.913143404774524
462 -1.913143404774524
463 -1.913143404774524
464 -1.913143404774524
465 -1.913143404774524
466 -1.913143404774524
467 -1.913143404774524
468 -1.913143404774524
469 -1.913143404774524
470 -1.913143404774524
471 -1.913143404774524
472 -1.913143404774524
473 -1.913143404774524
474 -1.913143404774524
475 -1.913143404774524
476 -1.913143404774524
477 -1.913143404774524
478 -1.913143404774524
479 -1.913143404774524
480 -1.913143404774524
481 -1.913143404774524
482 -1.913143404774524
483 -1.913143404774524
484 -1.913143404774524
485 -1.913143404774524
486 -1.913143404774524
487 -1.913143404774524
488 -1.913143404774524
489 -1.913143404774524
490 -1.913143404774524
491 -1.913143404774524
492 -1.913143404774524
493 -1.913143404774524
494 -1.913143404774524
495 -1.913143404774524
496 -1.913143404774524
497 -1.913143404774524
498 -1.913143404774524
499 -1.913143404774524
500 -1.913143404774524
501 -1.913143404774524
502 -1.913143404774524
503 -1.913143404774524
504 -1.913143404774524
505 -1.913143404774524
506 -1.913143404774524
507 -1.913143404774524
508 -1.913143404774524
509 -1.913143404774524
510 -1.913143404774524
511 -1.913143404774524
512 -1.913143404774524
513 -1.913143404774524
514 -1.913143404774524
515 -1.913143404774524
516 -1.913143404774524
517 -1.913143404774524
518 -1.913143404774524
519 -1.913143404774524
520 -1.913143404774524
521 -1.913143404774524
522 -1.913143404774524
523 -1.913143404774524
524 -1.913143404774524
525 -1.913143404774524
526 -1.913143404774524
527 -1.913143404774524
528 -1.913143404774524
529 -1.913143404774524
530 -1.913143404774524
531 -1.913143404774524
532 -1.913143404774524
533 -1.913143404774524
534 -1.913143404774524
535 -1.913143404774524
536 -1.913143404774524
537 -1.913143404774524
538 -1.913143404774524
539 -1.913143404774524
540 -1.913143404774524
541 -1.913143404774524
542 -1.913143404774524
543 -1.913143404774524
544 -1.913143404774524
545 -1.913143404774524
546 -1.913143404774524
547 -1.913143404774524
548 -1.913143404774524
549 -1.913143404774524
550 -1.913143404774524
551 -1.913143404774524
552 -1.913143404774524
553 -1.913143404774524
554 -1.913143404774524
555 -1.913143404774524
556 -1.913143404774524
557 -1.913143404774524
558 -1.913143404774524
559 -1.913143404774524
560 -1.913143404774524
561 -1.913143404774524
562 -1.913143404774524
563 -1.913143404774524
564 -1.913143404774524
565 -1.913143404774524
566 -1.913143404774524
567 -1.913143404774524
568 -1.913143404774524
569 -1.913143404774524
570 -1.913143404774524
571 -1.913143404774524
572 -1.913143404774524
573 -1.913143404774524
574 -1.913143404774524
575 -1.913143404774524
576 -1.913143404774524
577 -1.913143404774524
578 -1.913143404774524
579 -1.913143404774524
580 -1.913143404774524
581 -1.913143404774524
582 -1.913143404774524
583 -1.913143404774524
584 -1.913143404774524
585 -1.913143404774524
586 -1.913143404774524
587 -1.913143404774524
588 -1.913143404774524
589 -1.913143404774524
590 -1.913143404774524
591 -1.913143404774524
592 -1.913143404774524
593 -1.913143404774524
594 -1.913143404774524
595 -1.913143404774524
596 -1.913143404774524
597 -1.913143404774524
598 -1.913143404774524
599 -1.913143404774524
600 -1.913143404774524
601 -1.913143404774524
602 -1.913143404774524
603 -1.913143404774524
604 -1.913143404774524
605 -1.913143404774524
606 -1.913143404774524
607 -1.913143404774524
608 -1.913143404774524
609 -1.913143404774524
610 -1.913143404774524
611 -1.913143404774524
612 -1.913143404774524
613 -1.913143404774524
614 -1.913143404774524
615 -1.913143404774524
616 -1.913143404774524
617 -1.913143404774524
618 -1.913143404774524
619 -1.913143404774524
620 -1.913143404774524
621 -1.913143404774524
622 -1.913143404774524
623 -1.913143404774524
624 -1.913143404774524
625 -1.913143404774524
626 -1.913143404774524
627 -1.913143404774524
628 -1.913143404774524
629 -1.913143404774524
630 -1.913143404774524
631 -1.913143404774524
632 -1.913143404774524
633 -1.913143404774524
634 -1.913143404774524
635 -1.913143404774524
636 -1.913143404774524
637 -1.913143404774524
638 -1.913143404774524
639 -1.913143404774524
640 -1.913143404774524
641 -1.913143404774524
642 -1.913143404774524
643 -1.913143404774524
644 -1.913143404774524
645 -1.913143404774524
646 -1.913143404774524
647 -1.913143404774524
648 -1.913143404774524
649 -1.913143404774524
650 -1.913143404774524
651 -1.913143404774524
652 -1.913143404774524
653 -1.913143404774524
654 -1.913143404774524
655 -1.913143404774524
656 -1.913143404774524
657 -1.913143404774524
658 -1.913143404774524
659 -1.913143404774524
660 -1.913143404774524
661 -1.913143404774524
662 -1.913143404774524
663 -1.913143404774524
664 -1.913143404774524
665 -1.913143404774524
666 -1.913143404774524
667 -1.913143404774524
668 -1.913143404774524
669 -1.913143404774524
670 -1.913143404774524
671 -1.913143404774524
672 -1.913143404774524
673 -1.913143404774524
674 -1.913143404774524
675 -1.913143404774524
676 -1.913143404774524
677 -1.913143404774524
678 -1.913143404774524
679 -1.913143404774524
680 -1.913143404774524
681 -1.913143404774524
682 -1.913143404774524
683 -1.913143404774524
684 -1.913143404774524
685 -1.913143404774524
686 -1.913143404774524
687 -1.913143404774524
688 -1.913143404774524
689 -1.913143404774524
690 -1.913143404774524
691 -1.913143404774524
692 -1.913143404774524
693 -1.913143404774524
694 -1.913143404774524
695 -1.913143404774524
696 -1.913143404774524
697 -1.913143404774524
698 -1.913143404774524
699 -1.913143404774524
700 -1.913143404774524
701 -1.913143404774524
702 -1.913143404774524
703 -1.913143404774524
704 -1.913143404774524
705 -1.913143404774524
706 -1.913143404774524
707 -1.913143404774524
708 -1.913143404774524
709 -1.913143404774524
710 -1.913143404774524
711 -1.913143404774524
712 -1.913143404774524
713 -1.913143404774524
714 -1.913143404774524
715 -1.913143404774524
716 -1.913143404774524
717 -1.913143404774524
718 -1.913143404774524
719 -1.913143404774524
720 -1.913143404774524
721 -1.913143404774524
722 -1.913143404774524
723 -1.913143404774524
724 -1.913143404774524
725 -1.913143404774524
726 -1.913143404774524
727 -1.913143404774524
728 -1.913143404774524
729 -1.913143404774524
730 -1.913143404774524
731 -1.913143404774524
732 -1.913143404774524
733 -1.913143404774524
734 -1.913143404774524
735 -1.913143404774524
736 -1.913143404774524
737 -1.913143404774524
738 -1.913143404774524
739 -1.913143404774524
740 -1.913143404774524
741 -1.913143404774524
742 -1.913143404774524
743 -1.913143404774524
744 -1.913143404774524
745 -1.913143404774524
746 -1.913143404774524
747 -1.913143404774524
748 -1.913143404774524
749 -1.913143404774524
750 -1.913143404774524
751 -1.913143404774524
752 -1.913143404774524
753 -1.913143404774524
754 -1.913143404774524
755 -1.913143404774524
756 -1.913143404774524
757 -1.913143404774524
758 -1.913143404774524
759 -1.913143404774524
760 -1.913143404774524
761 -1.913143404774524
762 -1.913143404774524
763 -1.913143404774524
764 -1.913143404774524
765 -1.913143404774524
766 -1.913143404774524
767 -1.913143404774524
768 -1.913143404774524
769 -1.913143404774524
770 -1.913143404774524
771 -1.913143404774524
772 -1.913143404774524
773 -1.913143404774524
774 -1.913143404774524
775 -1.913143404774524
776 -1.913143404774524
777 -1.913143404774524
778 -1.913143404774524
779 -1.913143404774524
780 -1.913143404774524
781 -1.913143404774524
782 -1.913143404774524
783 -1.913143404774524
784 -1.913143404774524
785 -1.913143404774524
786 -1.913143404774524
787 -1.913143404774524
788 -1.913143404774524
789 -1.913143404774524
790 -1.913143404774524
791 -1.913143404774524
792 -1.913143404774524
793 -1.913143404774524
794 -1.913143404774524
795 -1.913143404774524
796 -1.913143404774524
797 -1.913143404774524
798 -1.913143404774524
799 -1.9131477152586935
800 -1.9131477152586935
801 -1.9131477152586935
802 -1.9131477152586935
803 -1.9131477152586935
804 -1.9131477152586935
805 -1.9131477152586935
806 -1.9131477152586935
807 -1.9131477152586935
808 -1.9131477152586935
809 -1.9131477152586935
810 -1.9131477152586935
811 -1.9131477152586935
812 -1.9131477152586935
813 -1.9131477152586935
814 -1.9131477152586935
815 -1.9131477152586935
816 -1.9131477152586935
817 -1.9131477152586935
818 -1.9131477152586935
819 -1.9131477152586935
820 -1.9131477152586935
821 -1.9131477152586935
822 -1.9131477152586935
823 -1.9131477152586935
824 -1.9131477152586935
825 -1.9132115827204474
826 -1.9132115827204474
827 -1.9132115827204474
828 -1.9132115827204474
829 -1.9132115827204474
830 -1.9132115827204474
831 -1.9132115827204474
832 -1.9132115827204474
833 -1.9132115827204474
834 -1.9132115827204474
835 -1.9132115827204474
836 -1.9132115827204474
837 -1.9132115827204474
838 -1.9132115827204474
839 -1.9132115827204474
840 -1.9132115827204474
841 -1.9132115827204474
842 -1.9132115827204474
843 -1.9132115827204474
844 -1.9132115827204474
845 -1.9132115827204474
846 -1.9132115827204474
847 -1.9132115827204474
848 -1.9132115827204474
849 -1.9132115827204474
850 -1.9132115827204474
851 -1.9132115827204474
852 -1.9132115827204474
853 -1.9132115827204474
854 -1.9132115827204474
855 -1.9132115827204474
856 -1.9132115827204474
857 -1.9132115827204474
858 -1.9132115827204474
859 -1.9132115827204474
860 -1.9132115827204474
861 -1.9132115827204474
862 -1.9132115827204474
863 -1.9132115827204474
864 -1.9132115827204474
865 -1.9132115827204474
866 -1.9132115827204474
867 -1.9132115827204474
868 -1.9132115827204474
869 -1.9132115827204474
870 -1.9132115827204474
871 -1.9132115827204474
872 -1.9132115827204474
873 -1.9132115827204474
874 -1.9132115827204474
875 -1.9132115827204474
876 -1.9132115827204474
877 -1.9132115827204474
878 -1.9132115827204474
879 -1.9132115827204474
880 -1.9132115827204474
881 -1.9132115827204474
882 -1.9132115827204474
883 -1.9132115827204474
884 -1.9132115827204474
885 -1.9132115827204474
886 -1.9132115827204474
887 -1.9132115827204474
888 -1.9132115827204474
889 -1.9132115827204474
890 -1.9132115827204474
891 -1.9132115827204474
892 -1.9132115827204474
893 -1.9132115827204474
894 -1.9132115827204474
895 -1.9132115827204474
896 -1.9132115827204474
897 -1.9132115827204474
898 -1.9132115827204474
899 -1.9132115827204474
900 -1.9132115827204474
901 -1.9132115827204474
902 -1.9132115827204474
903 -1.9132115827204474
904 -1.9132115827204474
905 -1.9132115827204474
906 -1.9132115827204474
907 -1.9132115827204474
908 -1.9132115827204474
909 -1.9132115827204474
910 -1.9132115827204474
911 -1.9132115827204474
912 -1.9132115827204474
913 -1.9132115827204474
914 -1.9132115827204474
915 -1.9132115827204474
916 -1.9132115827204474
917 -1.9132115827204474
918 -1.9132115827204474
919 -1.9132115827204474
920 -1.9132115827204474
921 -1.9132115827204474
922 -1.9132115827204474
923 -1.9132115827204474
924 -1.9132115827204474
925 -1.9132115827204474
926 -1.9132115827204474
927 -1.9132115827204474
928 -1.9132115827204474
929 -1.9132115827204474
930 -1.9132115827204474
931 -1.9132115827204474
932 -1.9132115827204474
933 -1.9132115827204474
934 -1.9132115827204474
935 -1.9132115827204474
936 -1.9132115827204474
937 -1.9132115827204474
938 -1.9132115827204474
939 -1.9132115827204474
940 -1.9132115827204474
941 -1.9132115827204474
942 -1.9132115827204474
943 -1.9132115827204474
944 -1.9132115827204474
945 -1.9132115827204474
946 -1.9132115827204474
947 -1.9132115827204474
948 -1.9132115827204474
949 -1.9132115827204474
950 -1.9132115827204474
951 -1.9132115827204474
952 -1.9132115827204474
953 -1.9132115827204474
954 -1.9132115827204474
955 -1.9132115827204474
956 -1.9132115827204474
957 -1.9132115827204474
958 -1.9132115827204474
959 -1.9132115827204474
960 -1.9132115827204474
961 -1.9132115827204474
962 -1.9132115827204474
963 -1.9132115827204474
964 -1.9132115827204474
965 -1.9132115827204474
966 -1.9132115827204474
967 -1.9132115827204474
968 -1.9132115827204474
969 -1.9132115827204474
970 -1.9132115827204474
971 -1.9132115827204474
972 -1.9132115827204474
973 -1.9132115827204474
974 -1.9132115827204474
975 -1.9132115827204474
976 -1.9132115827204474
977 -1.9132115827204474
978 -1.9132115827204474
979 -1.9132115827204474
980 -1.9132115827204474
981 -1.9132115827204474
982 -1.9132115827204474
983 -1.9132115827204474
984 -1.9132115827204474
985 -1.9132115827204474
986 -1.9132115827204474
987 -1.9132115827204474
988 -1.9132115827204474
989 -1.9132115827204474
990 -1.9132115827204474
991 -1.9132115827204474
992 -1.9132115827204474
993 -1.9132115827204474
994 -1.9132115827204474
995 -1.9132115827204474
996 -1.9132115827204474
997 -1.9132115827204474
998 -1.9132115827204474
999 -1.9132115827204474
1000 -1.9132115827204474
