1 5.489462257575371
2 5.591445385994356
3 5.7115740540933055
4 5.743746564660824
5 5.792597271286474
6 5.838328688434867
7 5.507616967445176
8 5.042147843954473
9 4.953364732135396
10 5.918907954593835
11 5.645646900609109
12 5.897072831331504
13 5.629425682826034
14 6.119163260719391
15 6.137106224088391
16 5.684544850268405
17 5.994270416934445
18 5.718793678350112
19 6.060647801482441
20 5.947913640358435
21 5.850640441662915
22 5.2798912329975325
23 5.508647686107866
24 6.498086548155394
25 6.114138062845022
26 6.304903811195044
27 6.046283095992089
28 6.507121585176513
29 6.432307791116806
30 6.493807691519201
31 5.70136762910788
32 6.262815215272839
33 5.6624666490382705
34 6.0879799443387395
35 6.316064553832965
36 5.7535433576073025
37 6.446019765972924
38 6.556285507662323
39 6.124802974292125
40 5.902421422750146
41 6.033652468392413
42 5.469907822466224
43 5.861440771794741
44 5.724012225453634
45 6.374836692089118
46 6.706041107140974
47 5.659284198102328
48 6.098815633838173
49 5.906513872272897
50 6.575931315264025
51 6.131064001080518
52 6.133501809813695
53 6.279258325952683
54 6.417070969193035
55 6.165807086059794
56 6.060409120941303
57 5.787571763697588
58 6.450847802157184
59 6.13125897379635
60 6.148326972948909
61 5.587908289399691
62 6.658630232576411
63 6.417158386755205
64 6.075156721573658
65 6.381255533452886
66 6.501484934019687
67 6.229682004873806
68 6.516613559817791
69 6.446144825095417
70 5.909900129603777
71 5.837088051031494
72 5.774728036949524
73 6.682678613071968
74 6.087685924977579
75 6.802363920807903
76 6.054308312482659
77 6.681597046769477
78 5.8018908165626
79 6.191778412689847
80 5.666230952359584
81 6.1534926408442345
82 6.307059286657291
83 6.495834721746758
84 6.1858253133527645
85 6.275241104184076
86 6.241815934257753
87 6.113565866659319
88 6.3553790065876345
89 6.228638159454784
90 6.667843502989507
91 5.587131173011473
92 6.168521656229727
93 6.406462599392443
94 5.683003275246266
95 6.596923980946737
96 5.929904574540558
97 6.357289333514328
98 6.275120098327608
99 6.88480361430375
100 5.800103318316677
101 6.399536613139897
102 6.462111080804519
103 6.343071174243211
104 6.138221102657558
105 6.326066909208791
106 6.116986385117029
107 6.663837066941661
108 6.83100502187791
109 5.789919482140664
110 5.7270658806319386
111 6.033714088997072
112 6.41640806035265
113 6.622201842703558
114 5.764620499064827
115 6.232634632930245
116 6.03103636638063
117 6.5462346834848395
118 6.177784634831129
119 6.312532033578535
120 6.574379654345535
121 6.607858317104674
122 6.564471482095355
123 6.112316279109524
124 6.047331690328788
125 6.535333529265555
126 6.122973333675211
127 6.128944592311639
128 6.154444064307822
129 6.517525864500166
130 6.179887149546367
131 6.72646308654286
132 6.918097595491547
133 5.9584947877501255
134 6.657914342361521
135 6.260279498354097
136 6.794894418761415
137 6.2973574981767015
138 6.109559932625856
139 6.101331114013612
140 6.245076090357011
141 6.250736966931438
142 6.611223463430657
143 6.169170966655692
144 5.893724699220882
145 5.4721196812662605
146 6.1646457116046145
147 6.461681806052701
148 6.214735185450939
149 5.892072893192435
150 6.086494376337163
151 5.988936979831144
152 6.0685373958948485
153 6.195040469306484
154 5.99067506543196
155 6.015759970984479
156 6.72858794172318
157 5.699151797920414
158 6.378640876633028
159 6.466861455550702
160 6.071109755397906
161 6.237291238794813
162 6.504004317786276
163 5.898458441638604
164 6.2203287863311
165 6.561747593395731
166 6.322447734824917
167 5.648609559993642
168 5.8411621721607085
169 6.320693206493758
170 6.300147463451006
171 6.35413894491794
172 6.239288904625741
173 6.264322812656364
174 5.953927222031483
175 6.428192202982534
176 6.18096306546297
177 6.04015951459656
178 6.339725176887959
179 5.914517065525891
180 5.97026845148889
181 5.765239985535657
182 6.4613665699525376
183 6.903827012975014
184 5.903078323044227
185 6.4215197186286685
186 5.866150501943484
187 5.538746361888331
188 6.70102240998028
189 6.027543611785434
190 6.194787474598152
191 6.149128032613548
192 5.9293968658963525
193 6.334028852072603
194 6.239534695309526
195 6.199206363557246
196 6.109087187847012
197 5.580006712938636
198 6.189634506872393
199 5.930687730853514
200 6.564062298911648
201 5.485854420537744
202 5.60731294688989
203 6.313430455066519
204 6.565636323367223
205 6.356750708137598
206 6.293799621393167
207 6.136178620680463
208 6.1056137915567525
209 5.962087394812158
210 6.373450481875554
211 6.21256995039301
212 5.766231202099163
213 6.257581140214753
214 6.137314842483977
215 6.108618766804594
216 5.956520728216062
217 6.933947260667605
218 6.30707087724553
219 5.671745342808735
220 6.045656323991119
221 6.220216443557419
222 6.017948884795356
223 6.282615862266689
224 5.946358386559147
225 6.685917416295237
226 5.76943673121788
227 6.550098182546348
228 6.165423579384606
229 6.252836695988338
230 6.315190633998137
231 6.160100428724377
232 6.429868902755567
233 6.275973784140802
234 6.493507997058234
235 6.2009230323522075
236 6.011208462267818
237 5.842836005894566
238 6.4850288764723905
239 6.001095726815372
240 6.330766814140443
241 6.533508867451023
242 6.692687279152772
243 5.859455804894624
244 6.002763002695404
245 6.395260109421954
246 6.623908020871238
247 6.3162645923047
248 6.209130221729973
249 6.482666347334591
250 5.965778068531616
251 6.163988863743071
252 5.891522620168744
253 6.335119017654553
254 6.138557450658707
255 6.501683774935772
256 6.72698336363143
257 6.0225061837451666
258 6.267282165607231
259 6.493048739209611
260 6.033885865982035
261 6.025162073497273
262 6.177168765512825
263 5.860744417375076
264 6.46370256465728
265 6.623293967260662
266 5.557599286918187
267 6.379289247071182
268 6.1269270711552455
269 6.284049511844966
270 5.93078256588928
271 6.516123129846758
272 5.602738685808306
273 6.470079806619019
274 6.140271612445653
275 6.751262411559768
276 6.111623561176219
277 5.91210745012309
278 6.322261661489247
279 6.249141460252482
280 6.142838936856786
281 6.169670663538253
282 6.739228446559808
283 6.542418827328717
284 5.7352945389090735
285 5.91178671878573
286 6.543897379846953
287 5.985445865326834
288 6.767244869569492
289 6.206048965511602
290 6.5791359094116135
291 6.096892991645675
292 6.563694836168066
293 5.642026450801744
294 6.3615685702455105
295 6.349801507897999
296 6.221500858877756
297 5.773950951630141
298 6.6842125808576505
299 5.402750197375526
300 6.678759164849076
301 5.533811480514279
302 6.297221910425441
303 6.176099421087644
304 6.28674449599738
305 6.328017992095057
306 6.099985994873181
307 6.468433308774867
308 6.3723401145937935
309 6.031016812987972
310 5.881950423602196
311 6.052057967594016
312 6.4961341932549574
313 6.003814665705627
314 6.211825979539135
315 6.261204455177526
316 5.806189929842781
317 6.559794756726182
318 5.963106768745371
319 6.134605122730884
320 5.909950115433669
321 6.097900895030476
322 6.247944700589383
323 5.970967309425549
324 5.5970748244164685
325 5.970426601663088
326 6.52098768583669
327 6.501354201305398
328 6.3249875772214885
329 5.920160200044302
330 6.143731293438541
331 5.999855500099014
332 6.2102631414110805
333 6.286867926251639
334 6.4997828501620765
335 6.597432150730378
336 6.160838532853512
337 6.153940105311334
338 6.285585751640685
339 6.193919015685025
340 6.1575858653177775
341 6.291723805084793
342 5.842483332617026
343 6.24739801027465
344 6.216676415663061
345 6.429366568796807
346 6.0424315125329295
347 6.040914958129311
348 6.407784877836014
349 5.622232028229056
350 6.397239766145109
351 6.537775187059743
352 6.690861640907443
353 6.136672529081286
354 6.659545148807045
355 6.01045163226644
356 6.2167537456516495
357 5.61361738491982
358 6.251468950857745
359 6.417544225885316
360 6.000961468163893
361 6.012779074577639
362 6.218622173706615
363 6.206521624198933
364 6.606414722376747
365 6.204394579402054
366 6.272541155991104
367 6.1601084009000395
368 6.278673072645925
369 6.161307184211973
370 5.7409705346868805
371 6.367908176080992
372 6.263487624943304
373 6.396511467304718
374 5.3626949676190545
375 6.308139765032779
376 6.6877655123441055
377 6.295435356740998
378 5.976804949998841
379 6.521945919913437
380 5.841836514739594
381 5.981022212053657
382 6.111474500302273
383 6.394262418800653
384 6.243635153537931
385 6.428336998948999
386 6.2990369186249735
387 5.981314511986535
388 5.84967944391485
389 6.660385973816795
390 6.530388242860059
391 6.305833390895428
392 6.224917905374338
393 6.305405101018971
394 6.451107324811151
395 6.606891187257629
396 6.382785315024505
397 6.35720299130964
398 6.603720521084512
399 5.8397259292315375
400 5.491604124968898
401 6.295808745865837
402 6.7034226294144865
403 6.706468092643286
404 5.907382519065936
405 6.087124086036383
406 6.200228573503644
407 6.470998973034075
408 6.480684895578601
409 6.741243743818596
410 5.867405146014573
411 6.370541948043528
412 5.742087671989465
413 6.351868532616957
414 5.854434831899537
415 6.140578866590514
416 6.09107734445976
417 6.248316210675235
418 6.2341461357341705
419 6.259084896767644
420 6.213916742957247
421 6.1378333051241585
422 6.394464168713059
423 5.921191979852911
424 6.344076997474183
425 6.1980226800116816
426 6.389794324950455
427 6.1605951772270355
428 5.85612437649365
429 6.329446459293401
430 5.765315692991084
431 5.922845392557289
432 6.246388094971155
433 6.637215571641495
434 6.185899508410259
435 6.142489193422791
436 6.156726135756699
437 6.577392121282698
438 6.287184669269705
439 5.951507996330358
440 6.411909593106788
441 6.130048635774786
442 6.164760819618608
443 6.155570192723019
444 6.513800111262803
445 6.120369917776098
446 5.984569348785107
447 6.42740682365854
448 6.261953733796718
449 6.580363806854211
450 5.549542011516283
451 5.777657339704686
452 5.767553435479744
453 6.382579478111656
454 6.013005173640403
455 5.833623785756359
456 6.51564313624867
457 6.6582161021594315
458 5.93538171310085
459 6.391236444048025
460 6.1131401997539765
461 6.270343111684613
462 5.977705573967263
463 6.254911340417278
464 6.530153623551343
465 6.640452340210441
466 6.778820499071769
467 6.215275446204894
468 6.997161290692923
469 6.522443427213664
470 5.865803242094061
471 5.639351037920824
472 5.9516058231535105
473 6.043565102451005
474 5.410342102889142
475 6.5633188747655415
476 6.021141458278194
477 5.860946364627165
478 6.007712762080767
479 6.165952309068324
480 6.358171316519759
481 6.48313176025989
482 5.485595439368672
483 6.016018183187828
484 6.32195168461
485 5.80402718525846
486 6.353136840187672
487 6.236268253288966
488 6.819271210617482
489 6.809365570202683
490 6.381485496373757
491 6.473961225933176
492 5.976454231195044
493 6.373203664302642
494 6.5333914727329905
495 6.17694685780203
496 6.321946704537127
497 6.413390259738129
498 6.492784068806511
499 6.5464159894054
500 6.341900060943417
501 5.631586553491093
502 5.975116833768097
503 6.379832857500758
504 6.359257640113959
505 6.727983352383634
506 6.527199536843462
507 6.253781604241139
508 6.122849945941334
509 6.5076178683081904
510 5.580308111323008
511 6.482003882589367
512 5.595913021203299
513 5.916513560597564
514 6.216103633940092
515 6.070290861062752
516 6.262548449531018
517 6.483978924340191
518 6.162293010775263
519 5.825364890756945
520 6.272583189801504
521 6.121229211181245
522 6.3729961157983945
523 6.127571854001357
524 6.1508095050585005
525 6.6671761069448126
526 6.567763677757908
527 6.138903018764434
528 6.318296645542682
529 6.505047722727626
530 6.41935135469204
531 6.137467007023048
532 6.2549877794526525
533 6.302871432780116
534 6.239809933932575
535 6.266446665161909
536 6.246139319206457
537 6.516323033960063
538 6.305628289911915
539 6.506904186671112
540 6.3848436572567895
541 6.201177836770588
542 6.120987806444213
543 5.952128742459005
544 5.798486737162441
545 6.175956871715338
546 6.058656917713126
547 6.441304579589321
548 6.1735697629976745
549 6.579006033952294
550 6.697317001536643
551 6.336559709233493
552 6.062208455813464
553 5.770183450270526
554 5.754155075514765
555 6.748861828400477
556 5.943531053992067
557 6.585082170761717
558 6.37429831260112
559 6.677503619066943
560 6.451016855719489
561 6.4148074202998675
562 6.723561382030047
563 6.652298423117934
564 6.191412983372469
565 5.840944630681906
566 6.090581880616146
567 6.315140609758199
568 5.747546001464659
569 6.468829312354341
570 6.568850449811268
571 5.61620156525689
572 5.703823467057022
573 5.7083364988067995
574 6.245534199762147
575 6.093410487196221
576 6.1712068323194735
577 5.860305088654427
578 6.4363917997795355
579 6.395647333235269
580 6.6488504693444845
581 5.969281021169561
582 6.513977436318108
583 6.520355153554793
584 6.978314262764635
585 5.792802848494575
586 6.59126868334413
587 6.341994121943654
588 6.1291743128402265
589 6.219081198814219
590 5.774062253571288
591 6.427009319206855
592 6.920778893372592
593 6.031505897708852
594 6.513910820219152
595 6.749851629686658
596 5.756146086405038
597 6.115491873553038
598 6.125965160845207
599 6.10963028838408
600 6.125859871090667
601 6.521628297522502
602 6.0022018311540055
603 6.244396298048687
604 6.869864462769696
605 5.884727996780184
606 6.4033484471607816
607 6.539432187411699
608 5.315516637966984
609 6.428301854565937
610 6.098685132747981
611 6.145180882041325
612 6.01643228178787
613 5.830326595968659
614 5.752417704189115
615 6.253490244138192
616 5.873596845785144
617 5.822790742486808
618 6.055724992648888
619 5.968839760222316
620 6.53024061274501
621 6.289904566610993
622 6.21551852696071
623 6.108064374825262
624 6.6763602613411175
625 6.6075995081793995
626 6.418916780156709
627 6.160839805208212
628 5.763779005532898
629 5.998834110052444
630 6.161352662815505
631 6.01169549216383
632 6.2181236223558125
633 6.002444962154643
634 6.131589027952986
635 5.799663777371661
636 6.4830639993227965
637 5.777111525919111
638 5.825887646253888
639 6.484610689011945
640 6.454194852057924
641 6.89182685735512
642 6.24279073691739
643 6.692135308760005
644 5.899975374887037
645 6.005033534667702
646 6.79226092506115
647 6.370057656908987
648 6.2320249208464364
649 6.3206977955695915
650 6.059386857663156
651 6.1406067965803945
652 6.260000547902448
653 6.166518338241458
654 6.588788616577047
655 5.993740507622887
656 6.196087524357699
657 6.051879710424307
658 6.660868824277123
659 5.767083109000506
660 5.988785800048635
661 6.671604292895316
662 6.978606394377466
663 6.32864931612526
664 5.974076256469229
665 6.407318076520629
666 6.233980834432488
667 6.465141421863948
668 6.213216887697398
669 6.175089312739183
670 6.040252193587483
671 6.284705789175548
672 6.236753745192658
673 6.499780419725322
674 6.268213049301389
675 5.999227669628127
676 5.576344661879705
677 6.0068996184681485
678 6.105555542113262
679 6.37152286637835
680 6.945039899196206
681 5.9273808527961185
682 6.14996883014811
683 6.482814942977738
684 6.369510549280543
685 7.122812088328869
686 6.170734558069259
687 5.676780881376339
688 6.3369647556745825
689 6.13436709443107
690 5.79403077341575
691 6.4692330622042205
692 5.987138266390798
693 6.362616480743775
694 6.657400260448647
695 6.16417931105995
696 6.000869815391214
697 6.090522070435777
698 6.237831431786863
699 6.431223069972424
700 6.298678719092141
701 6.119846734626609
702 5.963299513275308
703 6.117795889636092
704 5.64926842816348
705 6.052333771513073
706 6.2694292608505195
707 6.166122550417728
708 6.579994400296815
709 6.740716141337036
710 6.42448426873445
711 6.415534366518443
712 6.127743689904713
713 5.835483662899089
714 6.576262753351411
715 6.277704397552074
716 6.362561223721254
717 6.053068467118964
718 6.461017799234223
719 6.008014984836239
720 6.551968149881892
721 6.025105608484858
722 6.160721188690626
723 6.283027434724409
724 6.007726332232557
725 6.180953800432137
726 6.184214774148076
727 5.972551960210961
728 6.632590092762396
729 6.131901566416305
730 6.077972717143103
731 6.150824130608778
732 6.50645745738827
733 6.095668839260521
734 6.425281777948703
735 6.109843175746808
736 6.30700823477576
737 5.999121336259346
738 6.6169593455611295
739 6.392700157571813
740 5.704519061826136
741 6.544055695287617
742 6.633575691944934
743 5.644525373682578
744 5.808406961578407
745 5.988950060941433
746 5.820810775869932
747 6.119717623266978
748 6.518665539538947
749 6.328146130088337
750 6.226818276150587
751 5.861781241814373
752 5.983650610958903
753 5.949463136865491
754 5.793270815442901
755 6.283159384828781
756 6.223382693150641
757 6.014483181000678
758 6.122976261320731
759 5.893552307462139
760 6.2030560634946434
761 6.118368579656534
762 6.296078510265047
763 5.866174237792224
764 6.4402232034672
765 6.514934007702126
766 6.40019857443659
767 6.444635524708284
768 6.501977625047191
769 6.847466734524211
770 5.83814535664547
771 5.892049788689891
772 5.9065501140563965
773 6.320451805290079
774 6.398727867451252
775 6.195628088806789
776 6.279491695474626
777 5.609024419185181
778 6.079422508813694
779 5.628388268618936
780 5.793067055482375
781 6.594857429860618
782 6.209347262942792
783 6.265884103372028
784 6.21368673469188
785 6.379730786083538
786 6.273804896575255
787 6.204444389078671
788 6.036561824207672
789 6.606368355391922
790 6.10169122891008
791 6.390072921292727
792 5.986350389726635
793 6.618139974962268
794 6.486494063572523
795 6.449914836541717
796 6.467708754047172
797 5.569587584488563
798 6.453550943501302
799 6.120970071891233
800 6.134331044323567
801 6.300363064266876
802 5.403349635996147
803 6.181111970492235
804 6.456575183225209
805 6.320202825649566
806 6.233617858604334
807 5.983768662157629
808 5.89776036122693
809 6.358436253713151
810 6.091810057585716
811 6.164569554404216
812 6.055947709863746
813 6.377470218529248
814 6.313036531473085
815 6.2240440037642495
816 6.778759328841828
817 6.484845064490867
818 6.3253913202561804
819 5.908526151768751
820 6.192051397009467
821 6.18883489946244
822 6.068047689079091
823 6.088359903567273
824 6.168762186457551
825 6.552956688190262
826 6.1105017727578215
827 5.626544050307468
828 6.3917260256674115
829 6.23790338187709
830 6.126081968874425
831 6.233504167924818
832 6.031237426188041
833 6.248765191528669
834 6.197174292315023
835 6.237568053258062
836 6.427331176234631
837 5.567114315291861
838 6.124910744677884
839 6.541455407894553
840 6.334334652649553
841 6.506180606623608
842 6.1571140214902
843 6.34943379214092
844 6.050779080598996
845 6.074868804977395
846 6.223419645575393
847 6.414967049070491
848 6.3819431808627565
849 6.345060023012476
850 7.109680799367024
851 6.438278726638263
852 6.252909890450639
853 5.748289798610163
854 5.797505840588264
855 6.034687526500596
856 6.523927910898755
857 6.362568517032868
858 6.199733494657019
859 6.466000090605203
860 6.722608931160956
861 6.3286312106262885
862 5.849040339080048
863 6.486932505517047
864 5.986805045694242
865 6.659678122190373
866 6.375011859972079
867 5.973863690914234
868 6.204365837758053
869 6.309813222531375
870 6.516613298964785
871 5.795644581334428
872 6.074479856175924
873 6.541639158354461
874 6.227570224491639
875 6.404061098517506
876 6.043286723272803
877 6.1311998810685475
878 6.308833423512463
879 6.36949751892333
880 6.239995788903253
881 6.111690397331783
882 6.297747200830237
883 5.936263955025587
884 6.3636337668161325
885 6.312389989985337
886 6.5193819125006325
887 5.94409332950799
888 5.897291356740772
889 5.9901297024511795
890 6.312750965620141
891 6.055143214670469
892 6.2206304049236705
893 6.096632892218982
894 6.0321603568607705
895 6.640575044285707
896 5.8493478737621265
897 6.0107204273758175
898 6.152163436351246
899 5.379554191815912
900 6.246312294643401
901 6.728833101734044
902 6.098547334880143
903 6.334755636398713
904 6.4356658287293556
905 6.178934554074201
906 6.101520361907351
907 6.336074952001733
908 6.527589651450303
909 5.852869195212331
910 6.778004728241978
911 6.452870534668597
912 5.890345142169915
913 6.448992037051782
914 6.123676417353207
915 6.47278736880812
916 6.546010924808412
917 6.300790276036424
918 6.131401746327363
919 6.009876164768737
920 6.001288394566964
921 6.283216759089436
922 6.147722196648344
923 6.014360564712725
924 6.407969475010196
925 6.754243719469324
926 6.049939694453414
927 6.278787909013442
928 6.29190085644645
929 6.057694947147592
930 5.986917582536004
931 5.869560010952001
932 6.2213298213161545
933 6.135179263342478
934 6.322436949964696
935 6.631451115124807
936 6.009366710285445
937 6.561470618510873
938 6.027684933367321
939 6.310538766922946
940 6.400345667944862
941 6.576888299318825
942 6.095150495009927
943 5.68545776572192
944 5.906811960134309
945 6.005225014811246
946 6.221542917346093
947 6.370987774921414
948 6.715408379739933
949 6.279593077151066
950 6.5211209258873835
951 6.26177660235869
952 6.285333335767028
953 6.700783021197335
954 5.531591020463726
955 6.564920219498545
956 6.769255103739019
957 6.13168376361592
958 6.199325400489117
959 7.032231332983431
960 6.734328171951046
961 6.707779851705372
962 5.844652441962887
963 6.622721533227357
964 6.5454694541952785
965 6.4142990111368645
966 6.2473205277022466
967 6.123179439048181
968 6.275392039558894
969 6.2101564607523185
970 6.3885314640411055
971 6.190158103320928
972 6.474419140499807
973 5.941559079118872
974 6.534276908321739
975 6.191763112215685
976 6.269831677565047
977 6.361866594608417
978 6.044963861951052
979 6.065927433864519
980 5.786732837361553
981 6.7156933781794015
982 6.174206290701125
983 5.637521933930888
984 6.034267639981542
985 6.915187728758287
986 6.3086713591858
987 6.701478075296905
988 6.18848273945087
989 6.209838156894389
990 6.324563680754791
991 6.260602383053998
992 6.127032298031399
993 5.813632803032161
994 6.6705349797805
995 5.990072112244466
996 5.838503597183094
997 6.142494093954137
998 6.174468742811548
999 6.574750613644017
1000 6.108396351058021
