1 3.8947895821946212
2 3.1239953269108516
3 2.8745590809061907
4 3.0632206852277544
5 2.046372763430622
6 1.7532907793841774
7 1.758961221119089
8 1.457786427769527
9 1.5755359412905952
10 1.648211867927337
11 1.7171348281947179
12 1.4827327372304901
13 1.5441477540379476
14 1.885994360655248
15 0.9631348736417163
16 1.6086132669432027
17 1.4037940223805863
18 1.5996279526292556
19 0.905300811721209
20 1.0051106377484937
21 1.2435316442569837
22 1.242878159066835
23 0.4996810431504344
24 0.6299914850805098
25 0.7164050382444351
26 0.747169450148663
27 0.9457397882275145
28 0.23017448719698078
29 1.2247601404619017
30 1.0885876650619712
31 0.5926784521542459
32 0.3526752635615828
33 0.11230443058158929
34 0.8203309392181828
35 0.41837695090183763
36 0.2988671349938553
37 1.3087389041192339
38 0.32251704274275594
39 0.5624333558830564
40 1.0305149667331
41 0.18213220463951937
42 0.49827822731672894
43 0.2828027953426841
44 0.0029985516640804555
45 0.2452223450895891
46 1.2315005076102776
47 0.12583087992610928
48 0.17736038150276834
49 0.3288328424962269
50 -0.22265834093188328
51 0.04451785935208348
52 0.34756652797207693
53 0.1228107368429077
54 0.24249753588620898
55 0.10717571714729257
56 0.08192781183811601
57 0.32717526054086016
58 0.28522411064477415
59 0.6638977727091632
60 -0.3737421052149768
61 0.14869844589893452
62 0.5243597850039077
63 -0.12371343054421839
64 0.16808408840257566
65 0.6270026462351741
66 0.9854139842599129
67 0.7158869522258877
68 1.2041481486371803
69 0.23410711251592103
70 0.3493164457896101
71 0.21502921775049444
72 -0.0795724372821723
73 -0.28398939543754737
74 -0.27613810566389935
75 0.2631879134049639
76 0.10472263152231381
77 -0.23311016438675206
78 0.5150681982228462
79 0.3421871728292385
80 -0.1945350822505009
81 0.40158787532004175
82 -0.37494129174479157
83 0.3710591218644971
84 -0.15618531155979126
85 -0.06892099676883329
86 -0.2141234516324432
87 0.7978866282600773
88 0.12717772367217134
89 0.028350677417917577
90 0.06952829030062051
91 0.4473839657904067
92 -0.03685907344019012
93 0.4597674756154015
94 -0.16562036714071016
95 0.27694483844254547
96 0.7403693044476688
97 0.7768367185992702
98 0.37877734417011005
99 0.42126341539528633
100 0.6768138986883243
101 -0.32006959117851186
102 0.48845205194754016
103 0.9954030812869713
104 -0.19328043988265492
105 0.17219465940145617
106 -0.39671434820028073
107 0.32338499795863784
108 0.2524672852816819
109 0.23751742016427188
110 -0.32613581537086567
111 0.31687660638211324
112 1.0795372938110233
113 0.16488443118760776
114 -0.20542275403615162
115 0.12570397669436956
116 -0.36040343993596297
117 0.2162871643101105
118 -0.18167598239327837
119 -0.02203043444724333
120 0.4321081704665133
121 0.26030845630449434
122 -0.3696863679689772
123 -0.11885631607718786
124 -0.6050993921813462
125 0.6172455396548938
126 0.2893611298949566
127 0.2652093626902937
128 0.6964684354442343
129 0.7414388606679196
130 0.5547174695818732
131 -0.33273020240072554
132 0.4532366343493187
133 0.5940199697062791
134 0.3075457737845241
135 0.0037863888028051916
136 0.030061279243147263
137 0.832687027550595
138 -0.15523562686034326
139 0.38299141060167274
140 -0.3543944947782889
141 0.49933975876976966
142 -0.15095258613975526
143 0.6730630271326405
144 0.9158667362792814
145 0.4796327603692498
146 0.4604112003360128
147 0.5059225754672316
148 0.33442160269809873
149 -0.059236236251690375
150 0.24638918545256036
151 0.5465293040133452
152 -0.37607846388093596
153 0.5525472908817233
154 0.8739525982194225
155 0.15429311313488847
156 -0.3291947311091906
157 -0.021412237369155863
158 0.06289486921408152
159 -0.38592165613075907
160 -0.11875323268845564
161 0.24974614530622216
162 0.001269080360461352
163 -0.5681702163160512
164 0.7802192165254357
165 -0.3262056155903234
166 0.7007318542128629
167 0.0005120765019593332
168 -0.3722219418236217
169 0.19911634786506432
170 0.10476186551256425
171 -0.631413727976697
172 -0.07225592742453273
173 0.2565800818195236
174 -0.05529785183049849
175 -0.3340844193583017
176 0.031443340264441025
177 -0.2343965413136382
178 0.485474662257463
179 0.026126149885122043
180 0.007991517499368599
181 1.0251491046747345
182 0.17874985818745087
183 0.4266303483658985
184 0.6387803878384755
185 -0.6141611489326867
186 -0.11279614577722671
187 -0.14826217071664363
188 0.9230655343099791
189 0.13401763912420198
190 -0.19068317735991194
191 1.1003428743728596
192 -0.19000319768534074
193 -0.27286004458315416
194 -0.29728389412634393
195 -0.03980278102739097
196 -0.5524564648905894
197 0.20420109895575136
198 0.7572738475888419
199 0.9478660974437265
200 0.7700319004168119
201 -0.19204038510739835
202 0.5411522875679321
203 0.3984200811735251
204 -0.5313478295942133
205 0.7930670687785395
206 0.04638223828482501
207 0.38975181394317715
208 0.27318849716588106
209 0.12929262929283702
210 0.36463127859966205
211 -0.3007282098494652
212 -0.1347802227963337
213 0.007156386838170717
214 0.8739166837510649
215 0.09278313711834035
216 0.8037188770256886
217 0.16937186371519375
218 -0.380036922992609
219 0.08512443256780118
220 -0.06866118610839346
221 -0.22714579100659144
222 0.9093812975055734
223 0.820583881207373
224 0.8039253424501139
225 0.34945545057670563
226 -0.16999849185144517
227 0.8081576344988899
228 0.0607944613006262
229 -0.331800439554962
230 -0.3120718167891004
231 -0.14174475653024515
232 -0.004429339765560663
233 0.185927524617742
234 -0.012873129731373716
235 0.3227364238038003
236 0.33296878786227935
237 -0.01570786226871796
238 0.4184353202111133
239 0.1593062487662644
240 -0.2910683957021657
241 -0.3121701570939721
242 0.5915053929685887
243 -0.5408751479558253
244 0.3375274260092243
245 -0.31761994568851576
246 0.2974670965867608
247 0.6313224306042968
248 -0.15012157540690407
249 -0.555325266876987
250 -0.41728878332094455
251 0.5075518035717155
252 0.2527484748038803
253 0.5698175321973412
254 0.7574881977051371
255 -0.09399574159796124
256 0.371029155878671
257 0.7813729991670215
258 0.5123942776159979
259 0.42881272164450435
260 0.320401829149241
261 0.5286622049968414
262 -0.25062394169597085
263 -0.05010682945505552
264 -0.19841591479643572
265 -0.22495533863465197
266 -0.1981557091351935
267 0.0672985415887623
268 0.3539487583580836
269 0.6815209551861579
270 -0.5452362737045551
271 0.0133283794715285
272 0.2598628020392242
273 -0.17984098156504758
274 0.4311055751427043
275 0.1935049236832148
276 0.11973338499150364
277 -0.05578463714328473
278 -0.3462794641812994
279 0.4491896535388238
280 0.1853992546081344
281 -0.043541052901222004
282 0.4268631943631395
283 0.2571383974437333
284 0.37124834962337955
285 -0.12458432532719957
286 -0.055308669732136106
287 -0.05294404586235115
288 -0.08508638276406334
289 -0.05149922252593485
290 0.2780495748489475
291 0.15755795553036311
292 0.0025158817994499682
293 -0.28318588891643076
294 0.26246716862437397
295 0.2707170586235393
296 -0.3250958703198613
297 -0.7411904472482188
298 0.9092319553724351
299 -0.5351580757105323
300 0.06787938749066823
301 0.21421567990954193
302 1.1077817541090857
303 0.49070580391898483
304 -0.3563179862684949
305 0.44457806136442796
306 0.12970511791126405
307 -0.3771246076568243
308 -0.454458558049801
309 0.7852698598420511
310 0.24819461884686042
311 0.19808921972480284
312 0.327172958027747
313 0.3475395926796975
314 -0.4160426788406775
315 -0.05457242649114327
316 0.5486724310360088
317 -0.0010042513876972014
318 -0.042207852392261
319 0.5186418860646181
320 -0.18166389922872989
321 -0.2828716850917059
322 0.5138013178494114
323 -0.31697676083412907
324 -0.015053419842236657
325 0.36824610484164144
326 0.08963909261811726
327 0.652673579150694
328 0.6151195611113213
329 0.622839853649278
330 0.052647885409974046
331 0.022860727231543265
332 0.573021355980721
333 -0.1879931508715655
334 -0.20719022669499268
335 0.057653917242931875
336 0.13199845414797973
337 -0.49916638986778156
338 -0.3385741880603566
339 -0.19549450810745747
340 -0.07956291362904111
341 0.48371776945147266
342 0.6231875945096212
343 -0.054832487379875644
344 -0.0381861279717166
345 -0.4149696698781058
346 0.37188520485162657
347 -0.2717198294851212
348 0.4577503376061946
349 0.5860367604659946
350 -0.49054690984806554
351 0.4523278855348009
352 -0.050231066666374266
353 -0.4195681108522225
354 0.9615496578191016
355 -0.4670522162504834
356 -0.5766367061960002
357 -0.2666738077373479
358 0.7691267748612326
359 -0.4609958827416956
360 0.38496753235917786
361 -0.5948097383347514
362 0.009874680511891514
363 0.3326168230653293
364 -0.11040200733191902
365 -0.05651326398867007
366 -0.015915197952072378
367 -0.21202688614633744
368 -0.464103894161287
369 -0.11794265698071392
370 0.2798222279442836
371 0.17202175283595167
372 0.5055773260350087
373 -0.786768004148134
374 0.28282303793301133
375 -0.07401298086643449
376 -0.26413161344711883
377 0.3816843988638391
378 -0.4423777671342987
379 -0.19135728661648624
380 -0.2590943146648991
381 -0.09251932384719996
382 -0.6129408587464883
383 -0.1963383190303562
384 0.44833099616577504
385 -0.08916331957630107
386 0.751038056469321
387 0.06681460239251645
388 -0.25540291175787727
389 -0.3597441187294948
390 0.6956967653066917
391 -0.1034199670533357
392 0.1354684245759652
393 -0.15014829874942998
394 -0.1549704665124845
395 0.7352424923584435
396 -0.15049393323892107
397 0.2361784791866282
398 0.1561053015829925
399 -0.1674070630106273
400 -0.37727239245047195
401 -0.06707328977125396
402 -0.3004939877351858
403 0.17081553968481045
404 -0.3301281689220799
405 -0.5454769742147462
406 -0.32370582075768967
407 -0.5868211701374796
408 0.24817654909779094
409 -0.5996683623311418
410 0.6756774652903591
411 -0.013192971916413497
412 0.46344050526172864
413 -0.03505922455915609
414 0.8612364975821101
415 0.24376603545159384
416 -0.16315499530490307
417 -0.24725407969545288
418 0.15500254063923827
419 0.020348789293304054
420 -0.33974997204985796
421 -0.07584378270554547
422 -0.24797145594120118
423 0.41662201771453367
424 0.16080476593297824
425 -0.06660613056926501
426 -0.18143801944402507
427 0.04489857287285108
428 -0.17768307627802152
429 0.32128149650952054
430 0.13590505766253475
431 0.3413357299438362
432 -0.21816179929378776
433 -0.19948624631148015
434 -0.15725722069584464
435 -0.4955620026149992
436 -0.043001491023184124
437 0.15614882212710002
438 -0.10855396394240518
439 -0.10076092691633623
440 -0.33262206513407916
441 -0.18847124019543082
442 -0.26109304293112356
443 0.3120684090118532
444 0.028983316540140927
445 0.5103260746232144
446 -0.28302575750781367
447 0.024849225877604013
448 0.2408328307649229
449 0.06976374489075128
450 -0.07138610966997493
451 0.6673052825916826
452 0.35255578699111356
453 -0.053790363199199505
454 -0.09014540773325067
455 -0.4405012352648441
456 -0.3355274173047701
457 -0.21734506482735858
458 0.2081145319430494
459 -0.34174187488839486
460 -0.0565738143093053
461 -0.1914332328492187
462 -0.10886748500155898
463 0.6245080556090218
464 -0.5216133563738157
465 0.5227479978970334
466 -0.2328203336859009
467 -0.049295611567369065
468 0.07247866097525588
469 0.14005326876747032
470 -0.2405671711278625
471 -0.16987322805647917
472 -0.6809703759148856
473 0.3442748014173094
474 -0.14120565168264537
475 0.11597861972781302
476 0.1282257718397265
477 0.30111427382817013
478 -0.05290218033308097
479 0.06411071291546447
480 0.3015336654797079
481 0.067199427869817
482 0.27314293696264885
483 0.2953218219238301
484 0.5080768486167062
485 0.3754880005596807
486 -0.18596005363027113
487 0.16166913610269534
488 0.3597760500434741
489 -0.23119390557265898
490 -0.19156789146621483
491 0.07188265136263258
492 -0.1125198786588306
493 0.15399161852569956
494 0.17520351549945623
495 -0.7729175328403853
496 0.093188181760541
497 0.6963545138400826
498 0.73487344879774
499 0.37220243895465593
500 0.19847699525539966
501 0.15226510899029186
502 0.016417257020334867
503 0.6185685866858356
504 -0.15092834094422244
505 -0.22867071982378057
506 0.0810558664543544
507 -0.5117066689018799
508 -0.15802213674599735
509 -0.6874713772385296
510 0.4453570666884828
511 0.08269520849426394
512 0.2781855057702903
513 -0.267774848594627
514 -0.780939448409727
515 0.4241274069628226
516 -0.11161430281670771
517 -0.43912800205055974
518 -0.07758550789684321
519 0.2275498375289331
520 0.778336913675443
521 -0.05853048730695802
522 0.30571301318173366
523 0.29224768241112614
524 -0.4503126755317458
525 -0.31614495947564997
526 -0.2895689276514185
527 -0.32450630646916573
528 0.33910462147807147
529 0.05039695725959693
530 -0.3509636002548552
531 -0.1132008400990427
532 0.7348031060936444
533 0.00979887458012791
534 -0.19564599512568223
535 0.06026069087242733
536 -0.3950227192227609
537 -0.3373143730250569
538 -0.2750075696967695
539 -0.38047748778470447
540 0.930589479354629
541 0.34654022790816086
542 -0.5782358214500803
543 0.6302545515329452
544 -0.13798386685011216
545 -0.1868356644686721
546 0.5386394984761474
547 -0.21895390129948816
548 -0.07121894623922213
549 0.3189147928707126
550 -0.4823047910256989
551 -0.06317755260312018
552 0.12314051857156674
553 0.09180693394053802
554 1.2242571697169322
555 -0.00311123110384917
556 0.29699546753695893
557 -0.37785379218386794
558 -0.38426653875223826
559 -0.3687685814952159
560 0.2644090446897398
561 -0.20210660007224973
562 0.25538667171301904
563 -0.2581421749710295
564 0.0773323163630458
565 -0.39759958424974784
566 0.6172730337100689
567 0.1676356394297669
568 -0.3119732958516535
569 -0.47499908636368227
570 0.6336450751485602
571 -0.36183732870649704
572 -0.2216077412042512
573 0.06358409016442712
574 0.23777338691024813
575 0.10819405103964147
576 -0.4548237727858795
577 0.18958472957094177
578 0.09341532726917677
579 0.5938650229315229
580 0.3423295507812682
581 -0.6619456864678276
582 0.15796451314135987
583 -0.16432479647620782
584 -0.1503414425969093
585 -0.055111051803869444
586 -0.030749884358149977
587 0.2002195011930474
588 0.5247301119799239
589 -0.2293291272066805
590 -0.6811247032213086
591 -0.07093733374033745
592 0.5608557303534848
593 -0.28417720944442126
594 0.05772791537373156
595 0.24531436380800117
596 0.4768933776925324
597 0.23145743462575136
598 -0.22118458974612612
599 -0.15592029676101624
600 0.00497050283215481
601 -0.51391935922108
602 -0.6800683528249638
603 0.003259235355395811
604 0.6652800925838309
605 0.601633386260057
606 -0.5290169361966818
607 0.09751731205721999
608 0.19855470897113428
609 -0.5271694667243574
610 -0.3687664163905036
611 0.0035668404075023317
612 -0.44977482144136843
613 0.3664837444349541
614 0.10746574748351494
615 -0.09435393313505623
616 0.4998827898900482
617 -0.7945436686929288
618 0.1216057891083776
619 -0.16199197524373654
620 0.5788275458001876
621 0.015135026666467212
622 0.03711443821923881
623 -0.33006101401378857
624 0.13026236369539804
625 -0.08827100008267202
626 -0.6223149061189995
627 -0.5315277932811852
628 0.2751422509191697
629 -0.20858821411250175
630 0.2709660181132076
631 0.42473894547110463
632 0.676859707080522
633 -0.12137985669661576
634 -0.5642845699955192
635 0.2830842652410429
636 -0.0675028986420107
637 0.9692150164089556
638 -0.54472491747781
639 -0.03409884110050545
640 1.0272599102582023
641 -0.18317713316924966
642 0.16465411900153837
643 0.010985259402449757
644 -0.14405980300716364
645 -0.07551436142440383
646 0.11157376904942452
647 -0.21864269937570285
648 -0.047254010530963036
649 -0.7121551293679191
650 -0.24971641816212017
651 -0.014551232196115172
652 0.7975951478198557
653 -0.6847125203376554
654 0.6790805907416891
655 0.03643325802548528
656 -0.18660556759338495
657 -0.06982171775534204
658 -0.39433425810900746
659 0.020586025358111663
660 -0.2161622649433532
661 -0.15127053703355847
662 -0.1686890921330819
663 -0.5360029436493747
664 0.5460793108585122
665 0.013206358694364422
666 -0.43661633867599703
667 -0.3877788478664601
668 0.22693698062178655
669 -0.6605144919409228
670 -0.05142920727067914
671 -0.8658112019564661
672 0.43213002355952645
673 0.6643257409302524
674 0.4372687612027048
675 0.25112396051942804
676 0.06973321379687278
677 -0.5128550219477459
678 -0.19411167781712177
679 0.6306366876241953
680 -0.616944286180617
681 -0.4686844534899929
682 -0.0007124085562346405
683 0.4769226226976033
684 -0.02287790473675649
685 0.33216152641964714
686 -0.14837914465693675
687 -0.3893442852247443
688 0.484709697836706
689 -0.5496014030062849
690 0.37373141808394633
691 -0.08494375044079597
692 -0.10419169997534698
693 -0.20167301474177576
694 -0.44688545569224436
695 -0.8107086075780134
696 0.4515744824963208
697 0.8065039368350492
698 -0.6080870918649985
699 -0.13489721239608093
700 -0.2586007064721757
701 0.1523128017053846
702 0.3563365942126254
703 -0.032326082737586984
704 -0.16560410242295476
705 -0.21414989209189791
706 0.1791092923543689
707 -0.041350549192392644
708 -0.2435056893810571
709 -0.0077027586206516755
710 0.6693357878135202
711 0.0468612962687849
712 -0.468168000689472
713 0.2834606359164318
714 -0.19472292605693461
715 -0.39878931912370186
716 -0.1980874294519629
717 -0.20665929145341871
718 0.08428925799523852
719 0.41246961435859786
720 -0.15055072995680574
721 -0.3513147626641627
722 -0.5391923604098313
723 -0.16540983794381287
724 0.37106565573415023
725 -0.46414142728591995
726 -0.03606137322021421
727 0.577699200431433
728 -0.2311394107361086
729 0.07054672027561704
730 0.6278008789296657
731 0.21046603153593238
732 -0.19857139021572473
733 -0.10386855621664498
734 -0.2577408423128656
735 -0.06804999724155004
736 -0.19078655570242714
737 -0.07431974283179578
738 -0.012253534799953093
739 0.04333174465258018
740 0.2162374404472065
741 -0.2388131042706917
742 0.7985096363365581
743 -0.1347692819818881
744 -0.42677215313036515
745 0.1378152360358701
746 -0.3725863259581598
747 0.17013338711414908
748 0.11953190944178446
749 -0.1706937696321515
750 0.520563681685471
751 0.055083511344405985
752 0.19293886399773671
753 -0.2592208973895274
754 -0.21903114159524048
755 -0.4328832293355161
756 -0.08310879571877404
757 0.14998078213858557
758 0.12245810121220407
759 0.5400432084776338
760 0.5107638537904856
761 0.48819006028973483
762 -0.4214763823740192
763 0.04978666057616541
764 0.014960592463583553
765 -0.28433195392909794
766 -0.10450167570759077
767 0.41015715711782136
768 -0.44544369198663425
769 -0.057738096702082034
770 0.3098039287896758
771 0.7626697388120508
772 -0.3362191517721862
773 0.0270530018945212
774 -0.09990321797930825
775 0.6443706984532832
776 0.052804427608877214
777 -0.22819906482642038
778 0.3669173577065358
779 -0.04632006547053361
780 0.2802636098891308
781 0.5052564695870615
782 0.35329150672252524
783 -0.10029170323350918
784 -0.6568387144092359
785 0.25158317541864217
786 0.38378773162372243
787 -0.1824245613818925
788 -0.04133461705576067
789 -0.2210837587016719
790 -0.30315035531621254
791 0.049423442151430345
792 -0.002086905507480914
793 0.2960851594119277
794 0.07196668586480989
795 -0.16545682173567777
796 0.11187847200196988
797 -0.6904325343918064
798 0.3663721637106851
799 0.6012352452403795
800 0.35940123279324737
801 0.0900139798825524
802 0.2933633989044674
803 0.30694114760416996
804 -0.1388948915524665
805 0.5704499935456533
806 0.5494040886526569
807 -0.12709808570509692
808 0.20531334234439264
809 0.7635240400829099
810 -0.016251764467080064
811 0.640819083279472
812 0.03753739719185752
813 0.1413392865951791
814 -0.0007972705708377603
815 -0.15542840601004493
816 -0.4321436547311614
817 0.037614280269688195
818 -4.582331497804404e-05
819 -0.09078435710910501
820 -0.2751984579819007
821 0.8523252019232866
822 0.38363721464280387
823 0.2535080118295545
824 0.2666248213579064
825 -0.1670890514401038
826 -0.20347589019410772
827 0.1145648685488985
828 0.043920991013639964
829 0.7584568282674892
830 -0.03482355929861127
831 -0.23295829635764015
832 0.05476444209968744
833 0.5002368709350836
834 -0.21293975752948519
835 0.38979565763287227
836 -0.37005305185361304
837 0.6984369339892329
838 -0.571918798416755
839 0.1579041961558306
840 0.07149893073255818
841 0.6450447792288757
842 -0.07358925313490577
843 0.27988139494985637
844 0.3117096549510387
845 -0.6037899024152937
846 -0.14136375464477954
847 0.3226661685848826
848 -0.3772159551810579
849 -0.289035425865664
850 -0.005210016850603089
851 -0.0894917189110912
852 -0.0919556068712719
853 0.03165579928549143
854 -0.3139532152118577
855 0.6419541996387982
856 0.02854946915901472
857 0.038217807476513155
858 0.06616811595492096
859 0.0029384621265745457
860 -0.3187330733377729
861 0.03926708088645144
862 -0.1477001900370133
863 0.2040961044429713
864 0.1125273680292614
865 0.14000809397251496
866 0.2539689505055868
867 -0.08926664011770251
868 0.24759223638498437
869 0.6207974512911122
870 -0.12574255110161256
871 -0.4472572414781979
872 0.6080185849189198
873 -0.26443706020602137
874 -0.5412302340939463
875 0.752724981933501
876 0.06546857636442655
877 0.12495374287015315
878 -0.107450016990771
879 -0.1329267229981975
880 0.17245562496128802
881 -0.060366499791854336
882 -0.22018632651208403
883 -0.2035711144333562
884 -0.5715219677750127
885 -0.6246092674050521
886 -0.640686672507083
887 -0.2026308412834824
888 0.11014673257754662
889 -0.3477600380670561
890 -0.44102218481271166
891 -0.35212585234711496
892 0.5801556997567472
893 -0.016930253585371632
894 0.10975207634675291
895 0.32318734676787486
896 0.23410936924458764
897 0.3545697469989101
898 -0.33482169144562185
899 -0.5453791727912841
900 0.5086182851093363
901 -0.32803903735973045
902 -0.07812714099625297
903 -0.11477848902266329
904 0.5269107840955058
905 -0.6965869101380477
906 0.42131161720188326
907 0.32328262334516134
908 0.057484767904121326
909 0.23010264561724356
910 -0.441750243741993
911 0.1344396079126214
912 -0.16763564959835736
913 0.013845134550416738
914 0.01924732581391524
915 0.2416812145727915
916 0.31839490446163343
917 -0.3545891382482841
918 0.47336677092468676
919 -0.17646490931494674
920 -0.5165896774733425
921 0.23752964977420057
922 0.16872727943253557
923 -0.08616250646201525
924 -0.4872092818301266
925 -0.1490624011508799
926 0.2180622737230557
927 -0.2645638617693525
928 0.06588606223701998
929 0.34139234048539224
930 -0.5705743091799171
931 0.6082170348096053
932 -0.7286739033351161
933 0.25161760115247894
934 0.21257702674608858
935 -0.550663711964464
936 0.6261914424585779
937 -0.2918207978928579
938 0.18816823800427798
939 -0.08107598245297243
940 -0.06813268618749763
941 0.5411861717216954
942 -0.0984455114424476
943 -0.1411414075056177
944 0.4312713648543023
945 -0.04026570686185922
946 0.07445963646219572
947 -0.16939328410976962
948 0.4214419160086324
949 -0.04855304019230651
950 -0.060402659313472176
951 0.01898530539097335
952 -0.2528264380072123
953 -0.2981118498047032
954 -0.526309872765689
955 0.5304207829769885
956 0.3029845705613614
957 0.6629289868460556
958 0.13494733034666817
959 0.39512650198412863
960 -0.2403647198907796
961 -0.1612660828625197
962 -0.133251971647251
963 -0.5078073685400563
964 -0.2596818840934996
965 0.11026243895614105
966 -0.7526111415733797
967 -0.40197885345385287
968 -0.05822170127105462
969 -0.0017209291358898328
970 -0.0441955056123062
971 -0.03252467961703484
972 0.10348570192189968
973 0.5082272842076394
974 -0.09629640599576597
975 0.3247206643802813
976 0.18512454360542854
977 0.6749365442750904
978 -0.3304133614285106
979 0.25995336861724044
980 -0.048417470920172165
981 0.4989107784762555
982 0.32823106756079234
983 -0.00023412551100314262
984 -0.4124361078317389
985 -0.8091712261110825
986 -0.12434748535716361
987 0.36036961895049374
988 0.44894523790769336
989 0.05748685198250207
990 -0.05175013650985074
991 -0.02989177418851158
992 0.3229643326530389
993 -0.6152222054285492
994 -0.2958224219908574
995 -0.3681700551085856
996 0.061180148404458484
997 -0.10020634752677449
998 -0.3614395000943065
999 -0.20997335813693355
1000 -0.09560179479161522
