1 -1.9068748671033862
2 -1.9068748671033862
3 -1.9068748671033862
4 -1.9068748671033862
5 -1.9068748671033862
6 -1.9068748671033862
7 -1.9068748671033862
8 -1.9068748671033862
9 -1.9068748671033862
10 -1.9068748671033862
11 -1.9068748671033862
12 -1.9068748671033862
13 -1.9068748671033862
14 -1.9068748671033862
15 -1.9068748671033862
16 -1.9068748671033862
17 -1.9068748671033862
18 -1.9068748671033862
19 -1.9068748671033862
20 -1.9068748671033862
21 -1.9068748671033862
22 -1.9068748671033862
23 -1.9068748671033862
24 -1.9068748671033862
25 -1.9068748671033862
26 -1.9068748671033862
27 -1.9068748671033862
28 -1.9068748671033862
29 -1.9068748671033862
30 -1.9068748671033862
31 -1.9068748671033862
32 -1.9068748671033862
33 -1.9068748671033862
34 -1.9068748671033862
35 -1.9068748671033862
36 -1.9068748671033862
37 -1.9068748671033862
38 -1.9068748671033862
39 -1.9068748671033862
40 -1.9068748671033862
41 -1.9068748671033862
42 -1.9068748671033862
43 -1.9068748671033862
44 -1.9068748671033862
45 -1.9068748671033862
46 -1.9068748671033862
47 -1.9068748671033862
48 -1.9068748671033862
49 -1.9068748671033862
50 -1.9068748671033862
51 -1.9068748671033862
52 -1.9068748671033862
53 -1.9068748671033862
54 -1.9068748671033862
55 -1.9068748671033862
56 -1.9068748671033862
57 -1.9068748671033862
58 -1.9068748671033862
59 -1.9068748671033862
60 -1.9068748671033862
61 -1.9068748671033862
62 -1.9068748671033862
63 -1.9068748671033862
64 -1.9068748671033862
65 -1.9068748671033862
66 -1.9068748671033862
67 -1.9068748671033862
68 -1.9068748671033862
69 -1.9068748671033862
70 -1.9068748671033862
71 -1.9068748671033862
72 -1.9068748671033862
73 -1.9068748671033862
74 -1.9068748671033862
75 -1.9068748671033862
76 -1.9068748671033862
77 -1.910428687473976
78 -1.910428687473976
79 -1.910428687473976
80 -1.910428687473976
81 -1.910428687473976
82 -1.910428687473976
83 -1.910428687473976
84 -1.910428687473976
85 -1.910428687473976
86 -1.910428687473976
87 -1.910428687473976
88 -1.910428687473976
89 -1.910428687473976
90 -1.910428687473976
91 -1.910428687473976
92 -1.910428687473976
93 -1.910428687473976
94 -1.910428687473976
95 -1.910428687473976
96 -1.910428687473976
97 -1.910428687473976
98 -1.910428687473976
99 -1.910428687473976
100 -1.910428687473976
101 -1.910428687473976
102 -1.910428687473976
103 -1.910428687473976
104 -1.910428687473976
105 -1.910428687473976
106 -1.910428687473976
107 -1.910428687473976
108 -1.910428687473976
109 -1.910428687473976
110 -1.910428687473976
111 -1.910428687473976
112 -1.910428687473976
113 -1.910428687473976
114 -1.910428687473976
115 -1.910428687473976
116 -1.910428687473976
117 -1.910428687473976
118 -1.910428687473976
119 -1.910428687473976
120 -1.910428687473976
121 -1.910428687473976
122 -1.910428687473976
123 -1.910428687473976
124 -1.910428687473976
125 -1.910428687473976
126 -1.910428687473976
127 -1.910428687473976
128 -1.910428687473976
129 -1.910428687473976
130 -1.910428687473976
131 -1.910428687473976
132 -1.910428687473976
133 -1.910428687473976
134 -1.910428687473976
135 -1.910428687473976
136 -1.910428687473976
137 -1.910428687473976
138 -1.910428687473976
139 -1.910428687473976
140 -1.910428687473976
141 -1.910428687473976
142 -1.910428687473976
143 -1.910428687473976
144 -1.910428687473976
145 -1.910428687473976
146 -1.910428687473976
147 -1.910428687473976
148 -1.910428687473976
149 -1.910428687473976
150 -1.910428687473976
151 -1.910428687473976
152 -1.910428687473976
153 -1.910428687473976
154 -1.910428687473976
155 -1.910428687473976
156 -1.910428687473976
157 -1.910428687473976
158 -1.910428687473976
159 -1.910428687473976
160 -1.910428687473976
161 -1.910428687473976
162 -1.910428687473976
163 -1.910428687473976
164 -1.910428687473976
165 -1.910428687473976
166 -1.910428687473976
167 -1.910428687473976
168 -1.910428687473976
169 -1.910428687473976
170 -1.910428687473976
171 -1.910428687473976
172 -1.910428687473976
173 -1.910428687473976
174 -1.910428687473976
175 -1.910428687473976
176 -1.910428687473976
177 -1.910428687473976
178 -1.910428687473976
179 -1.910428687473976
180 -1.910428687473976
181 -1.910428687473976
182 -1.910428687473976
183 -1.910428687473976
184 -1.910428687473976
185 -1.910428687473976
186 -1.910428687473976
187 -1.910428687473976
188 -1.910428687473976
189 -1.910428687473976
190 -1.910428687473976
191 -1.910428687473976
192 -1.910428687473976
193 -1.910428687473976
194 -1.910428687473976
195 -1.910428687473976
196 -1.910428687473976
197 -1.910428687473976
198 -1.910428687473976
199 -1.910428687473976
200 -1.910428687473976
201 -1.910428687473976
202 -1.910428687473976
203 -1.910428687473976
204 -1.910428687473976
205 -1.910428687473976
206 -1.910428687473976
207 -1.910428687473976
208 -1.910428687473976
209 -1.910428687473976
210 -1.910428687473976
211 -1.910428687473976
212 -1.910428687473976
213 -1.910428687473976
214 -1.910428687473976
215 -1.910428687473976
216 -1.910428687473976
217 -1.910428687473976
218 -1.910428687473976
219 -1.910428687473976
220 -1.910428687473976
221 -1.910428687473976
222 -1.910428687473976
223 -1.910428687473976
224 -1.910428687473976
225 -1.910428687473976
226 -1.910428687473976
227 -1.910428687473976
228 -1.910428687473976
229 -1.910428687473976
230 -1.910428687473976
231 -1.910428687473976
232 -1.910428687473976
233 -1.910428687473976
234 -1.910428687473976
235 -1.910428687473976
236 -1.910428687473976
237 -1.910428687473976
238 -1.910428687473976
239 -1.910428687473976
240 -1.910428687473976
241 -1.910428687473976
242 -1.910428687473976
243 -1.910428687473976
244 -1.910428687473976
245 -1.910428687473976
246 -1.910428687473976
247 -1.910428687473976
248 -1.910428687473976
249 -1.910428687473976
250 -1.910428687473976
251 -1.910428687473976
252 -1.910428687473976
253 -1.910428687473976
254 -1.910428687473976
255 -1.910428687473976
256 -1.910428687473976
257 -1.910428687473976
258 -1.910428687473976
259 -1.910428687473976
260 -1.910428687473976
261 -1.910428687473976
262 -1.910428687473976
263 -1.910428687473976
264 -1.910428687473976
265 -1.910428687473976
266 -1.910428687473976
267 -1.910428687473976
268 -1.910428687473976
269 -1.910428687473976
270 -1.910428687473976
271 -1.910428687473976
272 -1.910428687473976
273 -1.910428687473976
274 -1.910428687473976
275 -1.910428687473976
276 -1.910428687473976
277 -1.910428687473976
278 -1.910428687473976
279 -1.910428687473976
280 -1.910428687473976
281 -1.910428687473976
282 -1.910428687473976
283 -1.910428687473976
284 -1.910428687473976
285 -1.910428687473976
286 -1.910428687473976
287 -1.910428687473976
288 -1.910428687473976
289 -1.910428687473976
290 -1.910428687473976
291 -1.910428687473976
292 -1.910428687473976
293 -1.910428687473976
294 -1.910428687473976
295 -1.910428687473976
296 -1.910428687473976
297 -1.910428687473976
298 -1.910428687473976
299 -1.910428687473976
300 -1.910428687473976
301 -1.910428687473976
302 -1.910428687473976
303 -1.910428687473976
304 -1.910428687473976
305 -1.910428687473976
306 -1.910428687473976
307 -1.910428687473976
308 -1.910428687473976
309 -1.910428687473976
310 -1.910428687473976
311 -1.910428687473976
312 -1.910428687473976
313 -1.910428687473976
314 -1.910428687473976
315 -1.910428687473976
316 -1.910428687473976
317 -1.910428687473976
318 -1.910428687473976
319 -1.910428687473976
320 -1.910428687473976
321 -1.910428687473976
322 -1.910428687473976
323 -1.910428687473976
324 -1.910428687473976
325 -1.910428687473976
326 -1.910428687473976
327 -1.910428687473976
328 -1.910428687473976
329 -1.910428687473976
330 -1.910428687473976
331 -1.910428687473976
332 -1.910428687473976
333 -1.910428687473976
334 -1.910428687473976
335 -1.910428687473976
336 -1.910428687473976
337 -1.910428687473976
338 -1.910428687473976
339 -1.910428687473976
340 -1.910428687473976
341 -1.910428687473976
342 -1.910428687473976
343 -1.910428687473976
344 -1.910428687473976
345 -1.910428687473976
346 -1.910428687473976
347 -1.910428687473976
348 -1.910428687473976
349 -1.910428687473976
350 -1.910428687473976
351 -1.910428687473976
352 -1.910428687473976
353 -1.910428687473976
354 -1.910428687473976
355 -1.910428687473976
356 -1.910428687473976
357 -1.910428687473976
358 -1.910428687473976
359 -1.910428687473976
360 -1.910428687473976
361 -1.910428687473976
362 -1.910428687473976
363 -1.910428687473976
364 -1.910428687473976
365 -1.910428687473976
366 -1.910428687473976
367 -1.910428687473976
368 -1.910428687473976
369 -1.910428687473976
370 -1.910428687473976
371 -1.910428687473976
372 -1.910428687473976
373 -1.910428687473976
374 -1.910428687473976
375 -1.910428687473976
376 -1.910428687473976
377 -1.910428687473976
378 -1.910428687473976
379 -1.910428687473976
380 -1.910428687473976
381 -1.910428687473976
382 -1.910428687473976
383 -1.910428687473976
384 -1.910428687473976
385 -1.910428687473976
386 -1.910428687473976
387 -1.910428687473976
388 -1.910428687473976
389 -1.910428687473976
390 -1.910428687473976
391 -1.910428687473976
392 -1.910428687473976
393 -1.910428687473976
394 -1.910428687473976
395 -1.910428687473976
396 -1.910428687473976
397 -1.910428687473976
398 -1.910428687473976
399 -1.910428687473976
400 -1.910428687473976
401 -1.910428687473976
402 -1.910428687473976
403 -1.910428687473976
404 -1.910428687473976
405 -1.910428687473976
406 -1.910428687473976
407 -1.910428687473976
408 -1.910428687473976
409 -1.910428687473976
410 -1.910428687473976
411 -1.910428687473976
412 -1.910428687473976
413 -1.910428687473976
414 -1.910428687473976
415 -1.910428687473976
416 -1.910428687473976
417 -1.910428687473976
418 -1.910428687473976
419 -1.910428687473976
420 -1.910428687473976
421 -1.910428687473976
422 -1.910428687473976
423 -1.910428687473976
424 -1.910428687473976
425 -1.910428687473976
426 -1.910428687473976
427 -1.910428687473976
428 -1.910428687473976
429 -1.910428687473976
430 -1.910428687473976
431 -1.910428687473976
432 -1.910428687473976
433 -1.910428687473976
434 -1.910428687473976
435 -1.910428687473976
436 -1.910428687473976
437 -1.910428687473976
438 -1.910428687473976
439 -1.910428687473976
440 -1.910428687473976
441 -1.910428687473976
442 -1.910428687473976
443 -1.910428687473976
444 -1.910428687473976
445 -1.910428687473976
446 -1.910428687473976
447 -1.910428687473976
448 -1.910428687473976
449 -1.910428687473976
450 -1.910428687473976
451 -1.910428687473976
452 -1.910428687473976
453 -1.910428687473976
454 -1.910428687473976
455 -1.910428687473976
456 -1.910428687473976
457 -1.910428687473976
458 -1.910428687473976
459 -1.910428687473976
460 -1.910428687473976
461 -1.910428687473976
462 -1.910428687473976
463 -1.910428687473976
464 -1.910428687473976
465 -1.910428687473976
466 -1.910428687473976
467 -1.910428687473976
468 -1.910428687473976
469 -1.910428687473976
470 -1.910428687473976
471 -1.910428687473976
472 -1.910428687473976
473 -1.910428687473976
474 -1.910428687473976
475 -1.910428687473976
476 -1.910428687473976
477 -1.910428687473976
478 -1.910428687473976
479 -1.910428687473976
480 -1.910428687473976
481 -1.910428687473976
482 -1.910428687473976
483 -1.910428687473976
484 -1.910428687473976
485 -1.910428687473976
486 -1.910428687473976
487 -1.910428687473976
488 -1.910428687473976
489 -1.910428687473976
490 -1.910428687473976
491 -1.910428687473976
492 -1.910428687473976
493 -1.910428687473976
494 -1.910428687473976
495 -1.910428687473976
496 -1.910428687473976
497 -1.910428687473976
498 -1.910428687473976
499 -1.910428687473976
500 -1.910428687473976
501 -1.910428687473976
502 -1.910428687473976
503 -1.910428687473976
504 -1.910428687473976
505 -1.910428687473976
506 -1.910428687473976
507 -1.910428687473976
508 -1.910428687473976
509 -1.910428687473976
510 -1.910428687473976
511 -1.910428687473976
512 -1.910428687473976
513 -1.910428687473976
514 -1.910428687473976
515 -1.910428687473976
516 -1.910428687473976
517 -1.910428687473976
518 -1.910428687473976
519 -1.910428687473976
520 -1.910428687473976
521 -1.910428687473976
522 -1.910428687473976
523 -1.910428687473976
524 -1.910428687473976
525 -1.910428687473976
526 -1.910428687473976
527 -1.910428687473976
528 -1.910428687473976
529 -1.910428687473976
530 -1.910428687473976
531 -1.910428687473976
532 -1.910428687473976
533 -1.910428687473976
534 -1.910428687473976
535 -1.910428687473976
536 -1.910428687473976
537 -1.910428687473976
538 -1.910428687473976
539 -1.910428687473976
540 -1.910428687473976
541 -1.910428687473976
542 -1.910428687473976
543 -1.910428687473976
544 -1.910428687473976
545 -1.910428687473976
546 -1.910428687473976
547 -1.910428687473976
548 -1.910428687473976
549 -1.910428687473976
550 -1.910428687473976
551 -1.910428687473976
552 -1.910428687473976
553 -1.9121132690410052
554 -1.9121132690410052
555 -1.9121132690410052
556 -1.9121132690410052
557 -1.9121132690410052
558 -1.9121132690410052
559 -1.9121132690410052
560 -1.9121132690410052
561 -1.9121132690410052
562 -1.9121132690410052
563 -1.9121132690410052
564 -1.9121132690410052
565 -1.9121132690410052
566 -1.9121132690410052
567 -1.9121132690410052
568 -1.9121132690410052
569 -1.9121132690410052
570 -1.9121132690410052
571 -1.9121132690410052
572 -1.9121132690410052
573 -1.9121132690410052
574 -1.9121132690410052
575 -1.9121132690410052
576 -1.9121132690410052
577 -1.9121132690410052
578 -1.9121132690410052
579 -1.9121132690410052
580 -1.9121132690410052
581 -1.9121132690410052
582 -1.9121132690410052
583 -1.9121132690410052
584 -1.9121132690410052
585 -1.9121132690410052
586 -1.9121132690410052
587 -1.9121132690410052
588 -1.9121132690410052
589 -1.9121132690410052
590 -1.9121132690410052
591 -1.9121132690410052
592 -1.9121132690410052
593 -1.9121132690410052
594 -1.9121132690410052
595 -1.9121132690410052
596 -1.9121132690410052
597 -1.9121132690410052
598 -1.9121132690410052
599 -1.9121132690410052
600 -1.9121132690410052
601 -1.9121132690410052
602 -1.9121132690410052
603 -1.9121132690410052
604 -1.9121132690410052
605 -1.9121132690410052
606 -1.9121132690410052
607 -1.9121132690410052
608 -1.9121132690410052
609 -1.9121132690410052
610 -1.9121132690410052
611 -1.9121132690410052
612 -1.9121132690410052
613 -1.9121132690410052
614 -1.9121132690410052
615 -1.9121132690410052
616 -1.9121132690410052
617 -1.9121132690410052
618 -1.9121132690410052
619 -1.9121132690410052
620 -1.9121132690410052
621 -1.9121132690410052
622 -1.9121132690410052
623 -1.9121132690410052
624 -1.9121132690410052
625 -1.9121132690410052
626 -1.9121132690410052
627 -1.9121132690410052
628 -1.9121132690410052
629 -1.9121132690410052
630 -1.9121132690410052
631 -1.9121132690410052
632 -1.9121132690410052
633 -1.9121132690410052
634 -1.9121132690410052
635 -1.9121132690410052
636 -1.9121132690410052
637 -1.9121132690410052
638 -1.9121132690410052
639 -1.9121132690410052
640 -1.9121132690410052
641 -1.9121132690410052
642 -1.9121132690410052
643 -1.9121132690410052
644 -1.9121132690410052
645 -1.9121132690410052
646 -1.9121132690410052
647 -1.9121132690410052
648 -1.9121132690410052
649 -1.9121132690410052
650 -1.9121132690410052
651 -1.9121132690410052
652 -1.9121132690410052
653 -1.9121132690410052
654 -1.9121132690410052
655 -1.9121132690410052
656 -1.9121132690410052
657 -1.9121132690410052
658 -1.9121132690410052
659 -1.9121132690410052
660 -1.9121132690410052
661 -1.9121132690410052
662 -1.9121132690410052
663 -1.9121132690410052
664 -1.9121132690410052
665 -1.9121132690410052
666 -1.9121132690410052
667 -1.9121132690410052
668 -1.9121132690410052
669 -1.9121132690410052
670 -1.9121132690410052
671 -1.9121132690410052
672 -1.9121132690410052
673 -1.9121132690410052
674 -1.9121132690410052
675 -1.9121132690410052
676 -1.9121132690410052
677 -1.9121132690410052
678 -1.9121132690410052
679 -1.9121132690410052
680 -1.9121132690410052
681 -1.9121132690410052
682 -1.9121132690410052
683 -1.9121132690410052
684 -1.9121132690410052
685 -1.9121132690410052
686 -1.9121132690410052
687 -1.9121132690410052
688 -1.9121132690410052
689 -1.9121132690410052
690 -1.9121132690410052
691 -1.9121132690410052
692 -1.9121132690410052
693 -1.9121132690410052
694 -1.9121132690410052
695 -1.9121132690410052
696 -1.9121132690410052
697 -1.9121132690410052
698 -1.9121132690410052
699 -1.9121132690410052
700 -1.9121132690410052
701 -1.9121132690410052
702 -1.9121132690410052
703 -1.9121132690410052
704 -1.9121132690410052
705 -1.9121132690410052
706 -1.9121132690410052
707 -1.9121132690410052
708 -1.9121132690410052
709 -1.9121132690410052
710 -1.9121132690410052
711 -1.9121132690410052
712 -1.9121132690410052
713 -1.9121132690410052
714 -1.9121132690410052
715 -1.9121132690410052
716 -1.9121132690410052
717 -1.9121132690410052
718 -1.9121132690410052
719 -1.9121132690410052
720 -1.9121132690410052
721 -1.9121132690410052
722 -1.9121132690410052
723 -1.9121132690410052
724 -1.9121132690410052
725 -1.9121132690410052
726 -1.9121132690410052
727 -1.9121132690410052
728 -1.9121132690410052
729 -1.9121132690410052
730 -1.9121132690410052
731 -1.9121132690410052
732 -1.9121132690410052
733 -1.9121132690410052
734 -1.9121132690410052
735 -1.9121132690410052
736 -1.9121132690410052
737 -1.9121132690410052
738 -1.9121132690410052
739 -1.9121132690410052
740 -1.9121132690410052
741 -1.9121132690410052
742 -1.9121132690410052
743 -1.9121132690410052
744 -1.9121132690410052
745 -1.9121132690410052
746 -1.9121132690410052
747 -1.9121132690410052
748 -1.9121132690410052
749 -1.9121132690410052
750 -1.9121132690410052
751 -1.9121132690410052
752 -1.9121132690410052
753 -1.9121132690410052
754 -1.9121132690410052
755 -1.9121132690410052
756 -1.9121132690410052
757 -1.9121132690410052
758 -1.9121132690410052
759 -1.9121132690410052
760 -1.9121132690410052
761 -1.9121132690410052
762 -1.9121132690410052
763 -1.9121132690410052
764 -1.9121132690410052
765 -1.9121132690410052
766 -1.9121132690410052
767 -1.9121132690410052
768 -1.9121132690410052
769 -1.9121132690410052
770 -1.9121132690410052
771 -1.9121132690410052
772 -1.9121132690410052
773 -1.9121132690410052
774 -1.9121132690410052
775 -1.9121132690410052
776 -1.9121132690410052
777 -1.9121132690410052
778 -1.9121132690410052
779 -1.9121132690410052
780 -1.9121132690410052
781 -1.9121132690410052
782 -1.9121132690410052
783 -1.9121132690410052
784 -1.9121132690410052
785 -1.9121132690410052
786 -1.9121132690410052
787 -1.9121132690410052
788 -1.9121132690410052
789 -1.9121132690410052
790 -1.9121132690410052
791 -1.9121132690410052
792 -1.9121132690410052
793 -1.9121132690410052
794 -1.9121132690410052
795 -1.9121132690410052
796 -1.9121132690410052
797 -1.9121132690410052
798 -1.9121132690410052
799 -1.9121132690410052
800 -1.9121132690410052
801 -1.9121132690410052
802 -1.9121132690410052
803 -1.9121132690410052
804 -1.9121132690410052
805 -1.9121132690410052
806 -1.9121132690410052
807 -1.9121132690410052
808 -1.9121132690410052
809 -1.9121132690410052
810 -1.9121132690410052
811 -1.9121132690410052
812 -1.9121132690410052
813 -1.9121132690410052
814 -1.9121132690410052
815 -1.9121132690410052
816 -1.9121132690410052
817 -1.9121132690410052
818 -1.9121132690410052
819 -1.9121132690410052
820 -1.9121132690410052
821 -1.9121132690410052
822 -1.9121132690410052
823 -1.9121132690410052
824 -1.9121132690410052
825 -1.9121132690410052
826 -1.9121132690410052
827 -1.9121132690410052
828 -1.9121132690410052
829 -1.9121132690410052
830 -1.9121132690410052
831 -1.9121132690410052
832 -1.9121132690410052
833 -1.9121132690410052
834 -1.9121132690410052
835 -1.9121132690410052
836 -1.9121132690410052
837 -1.9121132690410052
838 -1.9121132690410052
839 -1.9121132690410052
840 -1.9121132690410052
841 -1.9121132690410052
842 -1.9121132690410052
843 -1.9121132690410052
844 -1.9121132690410052
845 -1.9121132690410052
846 -1.9121132690410052
847 -1.9121132690410052
848 -1.9121132690410052
849 -1.9121132690410052
850 -1.9121132690410052
851 -1.9121132690410052
852 -1.9121132690410052
853 -1.9121132690410052
854 -1.9121132690410052
855 -1.9121132690410052
856 -1.9121132690410052
857 -1.9121132690410052
858 -1.9121132690410052
859 -1.9121132690410052
860 -1.9121132690410052
861 -1.9121132690410052
862 -1.9121132690410052
863 -1.9128758227171736
864 -1.9128758227171736
865 -1.9128758227171736
866 -1.9128758227171736
867 -1.9128758227171736
868 -1.9128758227171736
869 -1.9128758227171736
870 -1.9128758227171736
871 -1.9128758227171736
872 -1.9128758227171736
873 -1.9128758227171736
874 -1.9128758227171736
875 -1.9128758227171736
876 -1.9128758227171736
877 -1.9128758227171736
878 -1.9128758227171736
879 -1.9128758227171736
880 -1.9128758227171736
881 -1.9128758227171736
882 -1.9128758227171736
883 -1.9128758227171736
884 -1.9128758227171736
885 -1.9128758227171736
886 -1.9128758227171736
887 -1.9128758227171736
888 -1.9128758227171736
889 -1.9128758227171736
890 -1.9128758227171736
891 -1.9128758227171736
892 -1.9128758227171736
893 -1.9128758227171736
894 -1.9128758227171736
895 -1.9128758227171736
896 -1.9128758227171736
897 -1.9128758227171736
898 -1.9128758227171736
899 -1.9128758227171736
900 -1.9128758227171736
901 -1.9128758227171736
902 -1.9128758227171736
903 -1.9128758227171736
904 -1.9128758227171736
905 -1.9128758227171736
906 -1.9128758227171736
907 -1.9128758227171736
908 -1.9128758227171736
909 -1.9128758227171736
910 -1.9128758227171736
911 -1.9128758227171736
912 -1.9128758227171736
913 -1.9128758227171736
914 -1.9128758227171736
915 -1.9128758227171736
916 -1.9128758227171736
917 -1.9128758227171736
918 -1.9128758227171736
919 -1.9128758227171736
920 -1.9128758227171736
921 -1.9128758227171736
922 -1.9128758227171736
923 -1.9128758227171736
924 -1.9128758227171736
925 -1.9128758227171736
926 -1.9128758227171736
927 -1.9128758227171736
928 -1.9128758227171736
929 -1.9128758227171736
930 -1.9128758227171736
931 -1.9128758227171736
932 -1.9128758227171736
933 -1.9128758227171736
934 -1.9128758227171736
935 -1.9128758227171736
936 -1.9128758227171736
937 -1.9128758227171736
938 -1.9128758227171736
939 -1.9128758227171736
940 -1.9128758227171736
941 -1.9128758227171736
942 -1.9128758227171736
943 -1.9128758227171736
944 -1.9128758227171736
945 -1.9128758227171736
946 -1.9128758227171736
947 -1.9128758227171736
948 -1.9128758227171736
949 -1.9128758227171736
950 -1.9128758227171736
951 -1.9128758227171736
952 -1.9128758227171736
953 -1.9128758227171736
954 -1.9128758227171736
955 -1.9130266752092964
956 -1.9130266752092964
957 -1.9130266752092964
958 -1.9130266752092964
959 -1.9130266752092964
960 -1.9130266752092964
961 -1.9130266752092964
962 -1.9130266752092964
963 -1.9130266752092964
964 -1.9130266752092964
965 -1.9130266752092964
966 -1.9130266752092964
967 -1.9130266752092964
968 -1.9130266752092964
969 -1.9130266752092964
970 -1.9130266752092964
971 -1.9130266752092964
972 -1.9130266752092964
973 -1.9130266752092964
974 -1.9130266752092964
975 -1.9130266752092964
976 -1.9130266752092964
977 -1.9130266752092964
978 -1.9130266752092964
979 -1.9130266752092964
980 -1.9130266752092964
981 -1.9130266752092964
982 -1.9130266752092964
983 -1.9130266752092964
984 -1.9130266752092964
985 -1.9130266752092964
986 -1.9130266752092964
987 -1.9130266752092964
988 -1.9130266752092964
989 -1.9130266752092964
990 -1.9130266752092964
991 -1.9130266752092964
992 -1.9130266752092964
993 -1.9130266752092964
994 -1.9130266752092964
995 -1.9130266752092964
996 -1.9130266752092964
997 -1.9130266752092964
998 -1.9130266752092964
999 -1.9130266752092964
1000 -1.9130266752092964
