1 4.30169500072291
2 4.358470262536529
3 4.560923296977832
4 5.996501219669667
5 4.367972943102093
6 3.5676267056414277
7 4.105141867011575
8 3.5301415996938723
9 4.931905135444976
10 4.234810929665921
11 4.3202649370703785
12 4.878039534518359
13 4.697158011578899
14 6.17553297674461
15 3.5861103909177356
16 5.731273255418584
17 5.143419354479032
18 5.409539972424728
19 4.03719566933072
20 3.926102018006459
21 5.729314098495153
22 5.70439172877193
23 4.002859595483593
24 3.9757055931952334
25 3.8045777159710976
26 4.952760065660269
27 5.001982047572414
28 3.8342044768438885
29 5.781598425843942
30 6.732075668156474
31 4.607873552721579
32 4.632716089606896
33 3.4472046129433034
34 6.482559121420097
35 5.199376319571093
36 4.825533427464264
37 6.727756783940579
38 4.455544808827303
39 5.435523881360173
40 6.847879567262762
41 4.4463493893209165
42 5.306975423663195
43 5.370037283342778
44 4.055197123672754
45 4.388213050724952
46 7.293591102607729
47 4.244729694928524
48 4.7483869281681
49 4.553885283804391
50 3.150173756741691
51 4.756509475120166
52 5.157779231629487
53 4.9758472184524685
54 5.218003619406758
55 4.446052087982525
56 4.290752492467869
57 4.763685082084418
58 4.855434589551437
59 5.889196721870169
60 2.743589775283442
61 4.5038544836436225
62 5.459580044617014
63 3.7859393418013587
64 4.745336495586456
65 5.984160643166626
66 6.930047371730422
67 5.59499152759723
68 7.320310956675429
69 5.418950663396377
70 4.5535486511849825
71 4.629425369572016
72 4.990129104584434
73 3.411615314168659
74 3.512647958296646
75 5.739887728594249
76 5.118341495097288
77 4.877433966442305
78 5.416202940808281
79 5.132791791058192
80 3.7827768854332744
81 5.605552335696769
82 3.3355337979623934
83 5.282499407632299
84 3.6444095726637595
85 4.366430596116049
86 3.9450949233942763
87 6.490737914646119
88 5.286613048056722
89 4.65186212667871
90 3.9390917405417976
91 5.149072529118765
92 4.57949710545784
93 5.5513055301301355
94 4.314713269702834
95 5.309182570596321
96 6.380038845013453
97 6.384104709149667
98 5.2093720803210255
99 5.3712828961937715
100 6.323637145263128
101 3.4978886831743
102 5.847970463125634
103 7.5807842928058315
104 3.9611823076963084
105 4.6881683424313385
106 3.571710724051388
107 6.127876610597093
108 4.907078598443335
109 4.66666283234179
110 4.027192195945442
111 5.104291048650377
112 7.625538774712119
113 5.23757911772808
114 3.767335576827304
115 5.259479921136173
116 3.919087560388679
117 4.814825420909236
118 4.225069496525889
119 4.76452990149851
120 5.524493301016594
121 5.904167428906966
122 4.27014602419467
123 4.243424747787739
124 2.8603273004550704
125 6.252784443747623
126 5.0405306010660444
127 5.408168111168985
128 6.488192063158796
129 6.571177040316959
130 5.828180705299545
131 3.912480455126015
132 5.928098326380001
133 5.966098799661006
134 5.498217888954025
135 5.205480364809084
136 4.794950454676903
137 6.490766102772345
138 4.009951937656302
139 5.870744151659617
140 3.477229803538068
141 5.43305223373212
142 3.9394882297447285
143 6.519722570873609
144 6.545878475782825
145 5.569684676723995
146 5.997928769761688
147 5.440154010801324
148 5.606851928799339
149 4.537947710056299
150 5.279173920636246
151 6.1906021648837735
152 4.0198736173411405
153 6.162406062784032
154 6.916071681474747
155 4.920212171790511
156 3.3978370401539304
157 5.067845032009141
158 5.127242627942196
159 3.106127388097226
160 5.487577262254824
161 5.132020626399108
162 4.905898079107227
163 2.8049258098235046
164 7.109910846848527
165 3.7997349741201747
166 6.208569484395831
167 4.688123514836753
168 4.356119568548251
169 4.893736502838416
170 4.985018040691675
171 3.070168304103388
172 4.937551329634071
173 5.42692730019504
174 5.66784129040572
175 3.9652899761756086
176 4.728911855809717
177 4.763412419949372
178 6.327517594906679
179 5.061003160689191
180 4.865541465452842
181 7.1650073370949805
182 5.660467684191692
183 5.634082413976316
184 6.52271988723009
185 3.120887976686173
186 4.301506660785688
187 4.705680491806396
188 7.043425979933754
189 5.10190882574467
190 4.375954744984687
191 7.656727617335736
192 4.798592981498565
193 4.285748388218959
194 4.006771293119156
195 4.576007754499539
196 3.477740262765694
197 4.960319382190402
198 6.563355325050741
199 7.085383530471283
200 6.9175412070799895
201 5.0287338924243965
202 5.8850020367878715
203 6.109138016404224
204 3.2223579848832906
205 6.628158272776169
206 5.265252925411834
207 6.3376759862840135
208 6.252515525956929
209 5.388587554169793
210 5.557149935134049
211 3.684858030810596
212 4.703375242721585
213 4.0448744732155335
214 6.7257190201525905
215 5.098571233673822
216 7.0396417618825495
217 5.17380047790052
218 3.459263968399757
219 5.133519196908342
220 4.597027278888881
221 4.64488168956852
222 6.617183827848433
223 6.953185722967473
224 6.344457414864732
225 6.730475801232689
226 4.655578878975305
227 7.130503352465279
228 5.210238509889769
229 4.491555431709728
230 4.277193135729874
231 5.081867119787251
232 4.5259500988917525
233 5.6476537478424635
234 5.198268482766653
235 5.798413162855205
236 5.435654364016591
237 5.180070273914593
238 5.849913313881056
239 5.190005608337035
240 4.408689615728861
241 4.352176290770511
242 7.056406492144086
243 3.821689487589996
244 6.013508675866819
245 4.453421379644128
246 5.668369126918022
247 6.517182582951285
248 4.691369393119196
249 3.306385892972561
250 3.930627458831267
251 5.9827892833345775
252 5.464108207080645
253 6.245117020853014
254 6.650748401495485
255 5.4969346605565255
256 6.14735644445256
257 6.980407684108712
258 6.039520914050265
259 5.805375455236079
260 5.947656530956594
261 5.945981635791846
262 5.1094911543252355
263 4.10956444965479
264 4.531217432989531
265 4.157427521494863
266 4.166283283121712
267 6.07887999700667
268 6.214336831669081
269 6.330061694397994
270 3.5091709876064523
271 4.723401183086165
272 5.659428273003454
273 4.769983402129013
274 6.407761925027382
275 5.515234236509937
276 5.129530440985673
277 5.747100254376403
278 4.3872204335724145
279 5.697243576402506
280 5.191524454210524
281 4.765466681684089
282 6.230572111379674
283 5.975649598434867
284 5.935444103175992
285 4.310819050619273
286 4.733206727765609
287 5.023863470414534
288 4.97569412930254
289 5.6605112064622425
290 5.522452471403461
291 5.377772033106962
292 4.845879122336009
293 4.503201976542364
294 5.792335464761737
295 5.744549957571615
296 3.717623577011208
297 2.664183358222933
298 6.341284868531049
299 3.135991599889111
300 4.80445316624702
301 5.8164099005113945
302 7.408441128897942
303 6.622007779844602
304 4.573786908698008
305 5.612368107176072
306 5.48630006892283
307 3.9247038806488947
308 3.83808257090261
309 6.792422969462411
310 5.856524026108467
311 5.422976014361906
312 5.689192724003849
313 6.3320850098532
314 4.404274532859793
315 5.085417129860171
316 6.643113462602869
317 5.332369686045906
318 4.67618811636764
319 6.075133551870664
320 5.061321467893239
321 4.075918490057417
322 6.183456453525619
323 4.141985902015317
324 4.811242647238643
325 6.65103564660469
326 5.408190766504048
327 6.697527108729922
328 6.76631685306711
329 6.825739130953227
330 5.326552418492589
331 4.918328182941013
332 7.03445104809705
333 4.449633261102867
334 4.3007939328574425
335 5.237023100416874
336 5.135871349057185
337 3.447077513385853
338 3.8612390873910702
339 4.635543358380999
340 5.2134366082991965
341 6.254388832166679
342 5.945699266704716
343 4.633351049498556
344 5.895491377901576
345 3.946387068040413
346 5.303949187335823
347 4.2834305578509
348 6.19514595953172
349 6.227750985424391
350 3.6884744308976356
351 5.9673646021460245
352 4.501249006183809
353 3.3018092193776534
354 7.423926601060985
355 4.155920509978221
356 3.225458725346274
357 4.327169336181222
358 6.71253449716662
359 4.1283876072365455
360 5.808386136784002
361 3.183604737927501
362 5.554650176460112
363 5.555583648220039
364 4.86014813873116
365 4.613872674663749
366 5.2739476776395895
367 3.938704338971821
368 4.442152854099784
369 4.535973908922133
370 5.871663862843954
371 4.955939555258547
372 6.542801240312111
373 3.0625336334457844
374 5.8194143851225775
375 5.265759218608845
376 4.3247742804736955
377 5.769171618961822
378 4.539769573046897
379 4.101609120117225
380 4.400860874345375
381 5.759477023927028
382 3.46276627198703
383 4.687585400461598
384 5.767377127893202
385 4.495335168491316
386 7.144441207983958
387 5.321970047579163
388 4.864067794579917
389 3.903460970237048
390 6.791549965246415
391 4.9872059090500915
392 5.650334396784316
393 4.148200121729196
394 4.999475902386244
395 6.72668242234862
396 4.083147401128326
397 6.400385654585858
398 5.370572040401456
399 4.39472568007305
400 4.569799884882395
401 4.725465170295848
402 3.8671323895244023
403 5.208755422487656
404 4.378673279693373
405 3.5250386368897946
406 4.1059128915398135
407 3.8954208154570606
408 6.208790922823747
409 3.769998915778509
410 6.176283712699295
411 4.7359006899449705
412 5.845401201840335
413 4.556162760142567
414 6.9733858960667705
415 6.090922100656391
416 5.486485253092313
417 4.452892612684862
418 5.6047252942598975
419 5.39311394723005
420 4.657430604645635
421 5.138616263375423
422 4.077272647091029
423 7.171859076716205
424 5.879362735947532
425 4.806432168272121
426 4.9481704335166805
427 5.319756384321616
428 4.623491935460038
429 6.685493062977989
430 5.80048313718155
431 5.5705178406993765
432 5.233181439815998
433 4.387916673104807
434 4.522151510554381
435 3.7270060938464558
436 4.389214599524431
437 5.223957325517107
438 4.636645367595853
439 4.418764673511871
440 4.630177314716333
441 5.020984654760274
442 4.442654868065699
443 6.2334893975637495
444 5.136778762340249
445 6.277724168420743
446 3.8777044352613816
447 6.027043663659935
448 5.499871829509719
449 5.711841602405346
450 4.742316873830572
451 6.914231778166225
452 6.63349566789909
453 4.696858940651307
454 4.732871509368766
455 3.382786085811274
456 4.593136318854613
457 4.125165366672495
458 5.477902154769949
459 4.107410573499697
460 4.579939001741582
461 4.945748679315598
462 3.9958761518237047
463 6.6809119459026265
464 3.8382834399123973
465 7.290616147997231
466 4.469940825633381
467 4.948472283166353
468 5.278729654220254
469 4.899706193707276
470 3.9892170947956744
471 4.733005354294054
472 3.1958563024449043
473 5.512251427208235
474 4.488483631258832
475 5.675474684269336
476 5.330211692687287
477 6.753979195344112
478 4.688226090721949
479 4.828138281381487
480 6.330893611354963
481 5.860884696740682
482 5.853463100402583
483 5.404374845736576
484 6.346964510900293
485 6.272628192517899
486 4.211211060678278
487 4.854855625440911
488 6.617293630621713
489 4.237063152251852
490 4.621631391791073
491 5.451209893449516
492 4.741048271870779
493 5.7283285587279815
494 5.091809364314711
495 2.907536031804584
496 6.025393530652343
497 7.150021794720191
498 6.679586142260104
499 6.2302814018333885
500 6.074990578652732
501 5.519609800706531
502 5.244808323658372
503 7.533447777730114
504 4.106227581123062
505 4.336238775250257
506 5.102179563713626
507 3.405729777734388
508 4.428660363559406
509 3.258492722025569
510 6.436035034074708
511 5.259238900335161
512 5.1729164631788045
513 4.102440518272814
514 2.9552508984120327
515 5.716971252110062
516 5.195962799944985
517 3.9784820968240764
518 4.606773052004521
519 5.743867561945543
520 6.513754037797533
521 5.331095628544105
522 5.596909686593101
523 5.917121591150257
524 4.00132692257907
525 3.8648198874233897
526 4.014022146302765
527 3.864212516278975
528 6.49095306200465
529 5.2592778127506445
530 3.9805595112265335
531 5.03122500499529
532 6.083471616869022
533 5.371871608600945
534 4.136858708975356
535 5.513594909391907
536 3.5219885151898302
537 4.868659943581773
538 4.173121614736389
539 3.7129177023976103
540 7.830255571368366
541 5.785271082377978
542 4.056352650014961
543 6.395521618428377
544 4.764997583695124
545 4.186612279305351
546 5.989829287156678
547 4.104764143875711
548 5.310794451450199
549 5.472513988283162
550 3.559792713005374
551 5.332759660102517
552 5.61936258357933
553 5.418375604911716
554 8.292093184724164
555 5.303822150754071
556 6.246264468023866
557 3.711970980993499
558 3.8040334539226848
559 4.3010505074415395
560 4.9717452149597126
561 4.069317618027004
562 5.486260075161212
563 4.731136604984847
564 5.333373341226141
565 4.653006273418777
566 6.576652238936919
567 5.386320116766744
568 4.108852884164442
569 4.452447942477572
570 6.453842603020194
571 4.282768511283596
572 4.708259363603929
573 5.129051444838589
574 5.380249339202753
575 5.55637255074858
576 4.201458967336499
577 6.1461863712911375
578 5.207764594416986
579 6.727197840912562
580 7.122393042062564
581 3.21853840228629
582 5.105465967210892
583 4.584423959860487
584 5.096679014660128
585 4.342238752740213
586 4.905499862758563
587 4.871004836693357
588 6.2168952617564
589 5.11601239430537
590 2.9759507752950785
591 5.448460150995266
592 6.575922837506056
593 4.9031065855423535
594 4.696487009786505
595 5.856750587914142
596 6.289944196527047
597 5.5536442105809165
598 4.640614418676549
599 4.416701177459953
600 5.5120025016877685
601 4.065686312222165
602 3.6186306270556163
603 5.894216210398671
604 7.255592076966291
605 5.829827151277807
606 3.737040634498574
607 5.0472364388972215
608 5.888962113663446
609 3.6833521182511615
610 3.9815718950059757
611 5.12893881901534
612 3.274876459005162
613 5.892821364233696
614 4.937261606738322
615 4.621002728151343
616 5.811143708852583
617 2.828426757884678
618 5.165607164206208
619 5.2070888667716275
620 6.743779048037312
621 5.13848388923292
622 5.649362707870844
623 4.01472019850874
624 4.9380581319634995
625 4.831531222992502
626 3.2235933156313563
627 3.5854739371611766
628 5.814672469422342
629 4.318539872470852
630 5.921668324356852
631 6.294054865449113
632 6.7378229707740545
633 4.833865234796777
634 3.3044809560745256
635 5.810822323944721
636 4.400928924511103
637 7.175736132828546
638 3.3598388572752143
639 5.422767248904602
640 7.493108118984143
641 4.478966555188817
642 5.848302034607336
643 5.550970559517394
644 4.527262365301643
645 5.024439709893451
646 5.053222913863784
647 4.575916005443458
648 5.072100302444983
649 2.88745051096746
650 4.393192441283516
651 4.99005183067769
652 7.659531141271034
653 2.7283572117455104
654 6.498104045161709
655 5.1177018623860135
656 4.665929998822429
657 5.2624794187267945
658 4.762798966047087
659 4.738698737304474
660 4.016724705598055
661 4.337023698974175
662 5.067424876822651
663 4.35122844017387
664 6.6931020899427285
665 4.7949852037673795
666 4.8684781385059805
667 4.3929025272905236
668 5.457333243107026
669 3.230302013221374
670 5.315372816690184
671 2.5555490335569893
672 6.305805998035732
673 7.00200415400021
674 6.229026212761745
675 5.7426828726338135
676 5.123701524754634
677 3.939151690329802
678 4.853612060394686
679 6.595194786579357
680 3.4814953651904594
681 3.4736220364488695
682 5.838859521779899
683 6.365563997300196
684 4.474486864338764
685 6.034431614726356
686 4.613874663467254
687 3.904037159445299
688 5.8489275778196195
689 3.5671132582417506
690 6.652477845981313
691 5.198712837466587
692 5.018396064722481
693 4.8113583623606315
694 3.956193278743587
695 3.201724136965969
696 6.348641872163261
697 7.513734317810915
698 3.667777808671975
699 5.363724928160068
700 4.935078036700153
701 5.732766615371323
702 6.320923808392284
703 4.923664473018037
704 4.203929140014436
705 4.674636506089317
706 5.072419757364623
707 5.492908131472339
708 4.685751594703026
709 5.186761694728087
710 6.810871064663989
711 4.62147535464526
712 3.9718214757906605
713 5.724759826521464
714 4.1797142703912185
715 3.969986119489303
716 4.79572773141205
717 4.865058231671922
718 5.39803893848044
719 5.84025119686222
720 4.6164219494621985
721 4.440015678950004
722 3.184872598803023
723 4.885451875214746
724 5.821485912690944
725 3.8204805825937513
726 5.105601841075791
727 7.350868696178628
728 4.968046418000856
729 5.213455020138471
730 6.7902326529899355
731 6.1571963000622105
732 4.886976426864428
733 4.895067451224782
734 4.285159082587028
735 4.291648593556035
736 4.293446307104355
737 5.272681400017743
738 4.584794352326345
739 5.154510560520425
740 5.1394310996137476
741 4.704492803597088
742 6.481317045965299
743 4.967271941424116
744 4.521366809630326
745 5.8796999136058465
746 4.132997212529387
747 5.629830426393981
748 5.662795505884493
749 4.814911488908564
750 6.680323320190037
751 5.096231804265048
752 5.538645840482212
753 4.74499674968977
754 4.321691614726507
755 4.126187513000042
756 4.753979285541533
757 5.488803017005225
758 5.29736757586186
759 6.2893246057579235
760 6.200013199938004
761 5.65665256879745
762 4.394027631681106
763 4.990006859020115
764 5.016723769388786
765 4.071318952038348
766 4.932554310182613
767 5.639816230695086
768 3.8435779726739896
769 4.892595934078747
770 6.064989069958831
771 7.048512837890804
772 4.586695360219996
773 4.56858286597245
774 4.6251762886676655
775 6.432990284522509
776 5.104977534787905
777 4.821152665474192
778 5.542747153168415
779 5.231746581525367
780 5.70337247990142
781 6.507945919161994
782 5.886323341706586
783 5.27477667856142
784 3.6160713362708474
785 5.657497783860642
786 6.259621933835501
787 4.611580672332952
788 5.319912002285962
789 4.690755609645548
790 3.8574477499134043
791 5.230748866471993
792 5.367755763193966
793 5.280694903992762
794 6.133137223399461
795 4.574447259592836
796 5.444126551169517
797 3.341743684402798
798 6.221439510453999
799 7.225053388737422
800 6.9362673245395605
801 4.681189792247778
802 5.986424730512178
803 5.72041436709263
804 4.039267934226786
805 6.3291123935340625
806 6.266473867283655
807 5.067474105123013
808 5.288315284715705
809 7.325674399507487
810 5.170465515450462
811 6.136710942932013
812 4.99121247365262
813 5.507184292044033
814 4.865492216507614
815 4.527444909616899
816 3.666610672256029
817 5.448891018848163
818 5.005633220688748
819 4.61359494289864
820 5.153293466771861
821 7.790222246436491
822 5.565755755655603
823 5.796228118009855
824 6.2126316187123365
825 4.49667016988714
826 4.656851284668357
827 5.251343546099549
828 5.142673389056166
829 6.592051745729986
830 4.324956574134107
831 4.084320525479535
832 5.387204277703992
833 6.773316590609905
834 3.999581832547116
835 6.553691366651209
836 3.9485453018752272
837 7.301139377707745
838 3.6602742170900426
839 5.340251763899435
840 5.217273886896538
841 6.708431606086346
842 4.766480251922978
843 5.503296115680017
844 6.122506391914844
845 3.6698519894814545
846 4.764632480624379
847 5.59099397030746
848 4.149909293626987
849 3.494875962419645
850 5.6787854492986725
851 5.049339810657525
852 4.9615329782322535
853 4.48359709704412
854 4.783878592066466
855 6.714700054221585
856 4.998183071242243
857 5.072557087708273
858 4.437597433127428
859 6.086568337115996
860 4.014942301339046
861 4.9540332945409995
862 5.644245135849688
863 5.497080485377907
864 5.688722764374972
865 6.515560844143538
866 5.4874935842075825
867 4.2524335774693345
868 4.87412715289261
869 6.684227571869212
870 4.466480910248537
871 3.6119179628748235
872 6.778301010341611
873 4.867203833889791
874 3.643091329369926
875 6.8894985766679895
876 5.640412347115536
877 5.554142033893003
878 4.597478612310973
879 5.535657740605256
880 5.805841344946912
881 4.753396940281654
882 4.641731291850903
883 4.816302545554577
884 3.676842308666331
885 3.2111542209239508
886 3.1026665171982546
887 4.205098654008819
888 5.850065809706799
889 3.778760948059219
890 3.43323602934079
891 4.120592344375016
892 6.974983348315726
893 5.181426057505717
894 5.090082971199647
895 5.954389760436988
896 5.017295176671923
897 6.529060490554162
898 4.76339361427731
899 3.7228108082280125
900 6.256559574122759
901 4.6776080315798385
902 5.321123665020983
903 4.326103610453736
904 5.994726230315625
905 3.396475852647235
906 6.665682346075232
907 6.070080060795571
908 5.799382555956646
909 5.255044178302151
910 4.8197062039983445
911 5.391101922531535
912 4.332681084394913
913 5.425301429362768
914 4.848723778314076
915 5.433514036739532
916 6.836100108771595
917 4.054722160144281
918 5.812560891111101
919 5.010441188143088
920 3.4834712332697775
921 7.069441369176691
922 5.07027190669173
923 4.547792605010382
924 3.7965131272898627
925 4.385580044098116
926 6.301749089977595
927 4.629780513457318
928 5.773598560880907
929 6.153613762928477
930 3.5333582245013426
931 6.733864255763327
932 3.5542088884385232
933 5.412760578147657
934 5.4545895086441405
935 3.5245224694172945
936 7.16959643978512
937 4.544345351486388
938 5.388578870492863
939 5.457658915725403
940 4.741391964918736
941 7.309589865905062
942 5.749699442470519
943 4.556575520601879
944 5.677915548845795
945 4.682423484669117
946 4.921849000686008
947 5.745987538849265
948 6.118192571843996
949 5.127041515846964
950 5.245708004328001
951 5.289100943953421
952 4.346661794877356
953 4.8196259242641215
954 3.409720553543034
955 6.999746031194673
956 6.174221408623927
957 6.692358083553664
958 4.969984376894912
959 6.002872805929972
960 3.9306645519271237
961 4.928952039731061
962 4.656516364886435
963 4.069627764796294
964 4.294688214637027
965 5.012030497396189
966 3.9027051061750275
967 3.8365239558464115
968 4.653137302368748
969 5.403042313386787
970 5.391968966027044
971 4.653831966426267
972 5.965210002326426
973 6.322132322964738
974 4.380923465708505
975 6.47290692688715
976 6.456996974206462
977 6.788539747029948
978 4.116004355077047
979 5.751047998757211
980 4.673048452249779
981 5.9944341983945915
982 5.87628913591666
983 4.773453640214687
984 3.6481621671826243
985 2.386346655485781
986 4.594378399281117
987 6.325454006051495
988 6.823271732569135
989 5.974155829896467
990 5.525510707269751
991 5.127861279981016
992 6.505191132562179
993 3.385152023872114
994 4.2671240134285755
995 3.9175742907124134
996 5.684132342107862
997 5.292380533420851
998 4.055132268546328
999 4.949269832576914
1000 4.992978062374334
