1 4.593829347210014
2 3.673460030838757
3 3.1537852826268047
4 2.867075806554689
5 2.4709585303981614
6 2.2662677635231163
7 2.219905893726078
8 1.9189252527778924
9 2.0232926747247575
10 1.8271988466009954
11 1.5808282140130754
12 1.445312820942725
13 1.473741121414516
14 1.326144790934818
15 1.3285462442771907
16 1.1009693699364074
17 1.0908440393401755
18 0.8721452487966963
19 1.0463311686827643
20 1.2023663761038668
21 0.8358290611800276
22 1.106735829767737
23 0.8916123693177176
24 0.7137690916657233
25 0.7405533238313546
26 0.5429222914442748
27 0.9744209844679512
28 0.9254054049490631
29 0.7902503229215674
30 0.4390823730872986
31 0.6004018687868276
32 0.5907109779161419
33 0.6292967959895579
34 0.4581345649377454
35 0.407235945594583
36 0.5099736607419406
37 0.48755505266435695
38 0.5255154049872609
39 0.3462094033920969
40 0.34985766874724267
41 0.4870680687580401
42 0.2922170433631719
43 0.5853107890661874
44 0.42562754887368076
45 0.4417217489107004
46 0.25935998717885833
47 0.2920451224682702
48 0.05529379457665482
49 0.39613051405358213
50 0.25187173995032686
51 0.3720450192858364
52 0.5096003340884304
53 0.27960091975282464
54 0.3395793137604119
55 0.3535069692676434
56 0.3167582820174991
57 0.46345082428152773
58 0.5219711650215224
59 0.28261140326954215
60 0.25890772351735747
61 -0.004883716848588051
62 0.40842693670241376
63 0.2687992432816525
64 0.14547644950320296
65 0.3783651597129681
66 0.3241594330691206
67 0.28665462995214014
68 0.25588449376549965
69 0.035308454671887486
70 0.30610435613845255
71 0.31540031605634133
72 0.5260774505990286
73 0.2832737462084136
74 0.34048966952496607
75 0.2613982584498891
76 0.24789228706055008
77 0.14895634830691176
78 0.37407173370404645
79 0.14434207318070186
80 0.08103748741533594
81 0.15356152064660786
82 0.3722065413546643
83 0.31204151443443473
84 0.1467033303254335
85 0.2251016222333235
86 0.32070897559467154
87 0.1453746312093042
88 0.2941271086435281
89 0.1254598466714881
90 0.3597633232801156
91 0.20395369889485074
92 0.0911656166973794
93 0.1141544921134904
94 0.09930494384223619
95 0.10545477958667152
96 0.33058591529494763
97 0.10422342285963486
98 0.07499996550688809
99 0.15419652994216437
100 0.15918156798772565
101 0.31717414188584225
102 0.4167374607678937
103 0.073356846333872
104 0.22727671941793745
105 0.1041351624937198
106 0.058115025949839035
107 0.1460143366336381
108 0.042883481531472964
109 0.23005974871558216
110 0.23483578217060175
111 0.23735607602597736
112 0.26374917940895776
113 0.3377103610387046
114 0.3040058232124558
115 0.21227917697262455
116 0.11565216197561927
117 -0.02494240098845114
118 0.1258596736496063
119 0.3228336845025326
120 0.15069536784239687
121 0.17447650007089352
122 0.28261840131766325
123 0.2052963563759207
124 0.0864248925679401
125 0.06461825189688329
126 0.14301755254297926
127 0.08802693509679796
128 0.08648465761957481
129 -0.02702007202367929
130 0.017716764943206727
131 0.23189508390614513
132 0.34338142083456624
133 0.2644726592160259
134 0.09870706164139734
135 0.030467150318424046
136 0.01803313675746381
137 0.2141156723815434
138 0.2668911853164166
139 0.12231097605741763
140 0.032064606939124586
141 0.12219405754277454
142 0.23577823258342698
143 0.2219835614595345
144 0.24317689107084606
145 0.23673596887772125
146 0.08448456108672804
147 -0.038708812338103485
148 0.2137506324858165
149 0.24673573049633568
150 0.09908565339368294
151 0.07376322754077659
152 0.058493929579874586
153 0.17607898198543603
154 0.20721120012305938
155 0.1438486728361279
156 0.1988736963179656
157 -0.020901529961323263
158 0.1645387762973627
159 0.10904814038903714
160 0.26080972353068227
161 0.11564898331190875
162 0.29292106731171974
163 0.07691614876782217
164 0.08678861446225028
165 0.04986400265146711
166 0.13166592910042765
167 0.36654003776817695
168 0.07016843665708723
169 0.09113126504203421
170 0.05029564720963481
171 0.12633317822116852
172 0.01493456112357171
173 0.2705963152211918
174 -0.10158782782688093
175 0.35267793642564005
176 0.006943273777496415
177 -0.060310565282478364
178 0.1284429869781477
179 0.08085429605863771
180 0.08057181588959042
181 0.13835628929675817
182 -0.04236975798400226
183 -0.014237896269951193
184 0.13569148528281483
185 0.08950457634908253
186 0.19256290655276928
187 0.12006447951706105
188 0.05104468344631494
189 0.3159285833991803
190 -0.014105192268173368
191 0.05052803087681946
192 0.06158108307843543
193 0.32024658305632386
194 0.07269374385010474
195 0.09588363229880974
196 0.07799362009585024
197 0.2688127880298865
198 0.09981868025118978
199 0.21536458543833464
200 0.08096228798971743
201 0.28571868547378765
202 0.030026828177135256
203 -0.06672429730844101
204 0.09861399995825763
205 0.03948300528904531
206 -0.30184034752936373
207 0.030378242032096978
208 0.05353083610972601
209 0.004543767240229045
210 -0.014009145709535346
211 0.08788580295719998
212 0.11535270768878127
213 0.12058672214657054
214 0.2273307465234126
215 0.21383791524991716
216 0.07219731614038244
217 -0.007932528305458049
218 0.15553422152807683
219 -0.014312538238097205
220 -0.005332801568189097
221 0.04059726427463181
222 0.2116684536642324
223 0.03471456973868544
224 0.00015575579063772693
225 -0.08036482993518905
226 -0.04791746251420932
227 -0.050508541406183556
228 0.15242247405845363
229 0.08120060086210958
230 0.07684881430634516
231 -0.0006563408036249712
232 0.29367140214880194
233 0.14101834942891572
234 0.10696199332476476
235 -0.0019768764734504883
236 0.09095694486292655
237 0.04500746580418763
238 0.1289793258041592
239 0.046565206971562474
240 0.0612690589006279
241 0.20116727342998275
242 0.062273798300450156
243 0.08338113247386855
244 0.04177070385565116
245 0.11389716357582734
246 0.03892834662290068
247 0.0072229393521795375
248 0.030606657163438855
249 0.07297096378272999
250 0.1108475023953497
251 -0.0550769425768043
252 0.08991975461190782
253 0.20964691502038613
254 -0.08451105639934485
255 0.16263467009023486
256 0.19033902688104115
257 0.14424081573147715
258 0.2841089268416141
259 0.12892489454750147
260 -0.020444182141292573
261 0.1400861145416411
262 0.0457364753357117
263 -0.045886174375641985
264 0.1750250204731102
265 0.19638672578334945
266 -0.06714543752542113
267 0.1620638096329004
268 -0.0016783778967692342
269 0.38854686337334715
270 0.12941191838830035
271 0.049424777482472225
272 -0.0448380244991996
273 0.19199961014479594
274 0.04484990881279282
275 0.3292142853573048
276 -0.033096923838898985
277 0.11606963716675943
278 0.20485011274298484
279 -0.012252366651896636
280 0.17062070740667992
281 0.07194018865500493
282 0.16945910962851962
283 0.08328996312635467
284 0.20369293593820112
285 0.09582600068833176
286 0.07563076664077084
287 0.01578659157289451
288 0.33148980131214273
289 -0.13953348921444114
290 0.1337854858095052
291 0.05392599173391602
292 0.1299237951797329
293 0.150311895527012
294 0.16706507421405012
295 0.20126190704338398
296 0.08471282709508046
297 -0.13271674640268383
298 0.17663578341131006
299 0.028676985219359834
300 0.15176929196021774
301 -0.09200319358779188
302 0.1285375306949038
303 -0.025256875930214848
304 -0.03377566711457734
305 0.03460299718548595
306 0.020096357949176424
307 0.29123542099279565
308 0.11546414445487949
309 0.1107716692610943
310 -0.2093973506008458
311 -0.03514096726187404
312 -0.08669413637597836
313 -0.024775841851273298
314 0.041751712516513065
315 0.1422014200522932
316 -0.030153326705363383
317 0.15841299695492148
318 0.20719083476583272
319 0.132890629975632
320 0.03369104913305136
321 -0.07156190033994698
322 -0.1987404036667573
323 0.21681300701100054
324 0.13397782473058373
325 0.06565029063063275
326 0.09870788946143284
327 -0.16047250872784208
328 0.12242449969407744
329 -0.0365544948073092
330 0.006050349063880276
331 0.009221218093993799
332 0.15142272616553668
333 -0.02511324054836916
334 0.1780667517808928
335 0.18054994617013984
336 0.17886787026358797
337 0.07933287685817936
338 0.1212606801090517
339 -0.09909638823243301
340 0.2244449618106496
341 0.33061274445415895
342 -0.06201039787534603
343 0.181292329709373
344 -0.1752340457213601
345 0.017362631579915386
346 -0.018490421081535032
347 0.09158896081541809
348 -0.19344582569190402
349 0.05748981119033806
350 -0.03513207105668266
351 -0.13249782594244106
352 -0.021768136106241173
353 0.11261005962123295
354 0.157479360173293
355 0.23882055740793248
356 0.056424701312613935
357 0.026672302638981477
358 0.04193516624245308
359 0.06690974839871501
360 0.11820218158094849
361 -0.1104861052223689
362 0.08428651564912934
363 0.09449355909868189
364 -0.010966027453682045
365 -0.16520563944404193
366 0.15163319041390333
367 0.025206403605107994
368 0.11925939125894706
369 0.15973977803873038
370 -0.020647419177585336
371 0.06130972532591295
372 -0.03312748975425836
373 -0.016430758358730826
374 -0.008472388486881527
375 -0.12360740134384741
376 0.05063675528470651
377 -0.10214431873370369
378 0.0026198169822745287
379 0.018540505494029275
380 0.1861699863031846
381 0.02249758822610056
382 0.11899983779305205
383 0.002582073908147777
384 0.06797854104441432
385 0.1733013027314921
386 0.10523798490152729
387 0.12487292512184808
388 -0.019235713348092303
389 -0.03808958338580987
390 -0.11902944040567945
391 0.12513828754259726
392 0.018387698041142358
393 0.09195366270167414
394 -0.05651488936420628
395 0.1727798545588289
396 -0.10585728035261274
397 0.12597312325096424
398 -0.12310902845992018
399 -0.09122985973592802
400 0.15083923700068272
401 0.03751619172028961
402 0.09115085106441075
403 0.20750540653091765
404 -0.05774886520064319
405 -0.17230647439402538
406 0.1298411569418863
407 0.15227055826103947
408 0.11823856502522267
409 0.14216341569176358
410 0.4046022564002781
411 -0.026168398139668626
412 0.018440539209051168
413 -0.05521335322970492
414 0.05981828570289485
415 -0.005639417091424661
416 0.23511521596097668
417 0.06806343524044621
418 0.16846435312236896
419 0.03248025709337526
420 0.07699067706576102
421 -0.04558179879104591
422 0.1878431215327836
423 0.07444265212709433
424 0.1000777457669435
425 0.005082412048541642
426 -0.054763942052992204
427 0.10022815829828699
428 0.06142129499385726
429 -0.08294175883061211
430 -0.0332496694071508
431 -0.0014434014423999315
432 0.2037082141880319
433 -0.16499093806879456
434 0.09286786595054229
435 0.11426119997247611
436 0.015499147622671898
437 0.06773329909570612
438 0.0264674482087961
439 0.06378621419666683
440 0.16994349148914534
441 -0.05299652729052377
442 0.04631868290303601
443 0.0019634516975854696
444 0.10876044728983515
445 -0.14813340673198844
446 0.02907415922165694
447 -0.17217297102929535
448 -0.02446036488789241
449 -0.08033793657930778
450 -0.03868977216933286
451 0.07500041790812338
452 -0.03966345362427955
453 -0.03097201233844055
454 0.19004261849690807
455 -0.04176894639493105
456 0.32147132024444225
457 -0.05871204490608102
458 0.19650088364875387
459 0.06850884842212895
460 0.15414805221853498
461 0.16342985072959904
462 0.0004751372711809836
463 -0.012904561863226263
464 0.10088395714995625
465 -0.035857529601317426
466 0.004835089892805968
467 0.03962400049094754
468 -0.05345440365848083
469 0.23162515660839608
470 -0.011587074190229259
471 0.0980916192193165
472 -0.1170604361899907
473 -0.08466309122478094
474 -0.04108456756326655
475 0.013520143289620137
476 0.02118901190538577
477 0.03087513005273763
478 0.15198605791816588
479 -0.0064377359503648675
480 -0.03258694207681606
481 0.14174688698902355
482 -0.04157531632729433
483 -0.07551058936147376
484 0.05432123136574262
485 -0.10025021964554458
486 0.22052586726221454
487 -0.20121840483675943
488 -0.2151997827390421
489 -0.001355268868543135
490 -0.18280916737935898
491 0.10584131483465115
492 0.12676639877885715
493 0.03805450824778518
494 -0.031613644363804955
495 0.011537760293584142
496 -0.030361983741174756
497 -0.02203106343552474
498 0.13919474794455458
499 0.00043763239182987944
500 0.217144272479307
501 -0.029824785317482793
502 0.09975116946218508
503 0.001573519745799331
504 0.07662239684880728
505 -0.1383175884113516
506 0.08652002376321104
507 0.0902805006265537
508 -0.1027056979751328
509 0.08017514892193196
510 -0.21700253903735836
511 0.12902496269357538
512 -0.014517247353804805
513 -0.03479649236180944
514 -0.2524646755655923
515 0.3778782411162499
516 -0.08374910011064413
517 -0.11377123280252567
518 -0.03580579823797484
519 -0.1206367762303397
520 -0.0700455937670921
521 -0.059155897653120064
522 0.041421689663372833
523 0.3508058022122218
524 0.01260081775004096
525 -0.020045183644288044
526 0.24963915898622735
527 -0.02455984721183654
528 0.06813271840881896
529 0.011211019525783171
530 -0.07092330819591541
531 -0.025726760464496463
532 -0.09414763528097456
533 0.049577371276634724
534 0.02907655851711047
535 0.022811341259699476
536 -0.024405131569665856
537 -0.08994202516669986
538 -0.15266053331569945
539 0.1353958910997669
540 -0.09457082715105684
541 0.11825658796601397
542 0.23774108757584578
543 0.29846225963231643
544 0.015006613223944669
545 0.20232936436959745
546 0.13196965887414422
547 0.017184979323358333
548 -0.05497524713671987
549 0.1116778954679437
550 0.19625370694045433
551 0.03403026525253881
552 0.042799970630302824
553 0.06998587346255283
554 0.027884002570047643
555 0.018579171305880094
556 -0.03593124779925915
557 0.10381197119997364
558 0.025338832229489867
559 -0.05555698753305012
560 -0.05852539011144063
561 0.09093430731828812
562 0.13140262319170562
563 -0.005456347688345999
564 -0.13517531500403449
565 -0.06994789121756946
566 0.15999487997230016
567 0.08637454846869559
568 0.020340558933734883
569 -0.0604313833413429
570 0.1720979256667365
571 0.059592581360826444
572 -0.061327406738024254
573 -0.01950590187672276
574 -0.18355080896511117
575 0.08590203982966238
576 0.32280201224428673
577 0.20517529231287426
578 -0.07432572504408609
579 -0.05937108192769449
580 -0.06514490871048043
581 -0.049342792288568034
582 0.11608852610750318
583 0.10918681484473246
584 -0.05602238756610177
585 0.17139725095412814
586 0.1600067417070892
587 0.03290635973609415
588 -0.009334340671591121
589 -0.1502887939816071
590 -0.0139713988191113
591 -0.24220557339213156
592 0.07838622721716842
593 -0.09523538508187357
594 -0.18349579138147204
595 -0.09612379782582434
596 0.13895859831344773
597 0.06496238594819874
598 0.019462378120363725
599 -0.15331766141813977
600 0.14335113345847697
601 -0.051307752201414814
602 -0.07348588166225409
603 0.052937658255998485
604 -0.050339135935202305
605 -0.23782954536560533
606 0.15509795006810692
607 -0.07892854721967137
608 -0.13031475342547003
609 0.27786734183220096
610 -0.005220572616572326
611 0.08863867643957758
612 0.03760047568574146
613 0.048246935462122
614 0.054835941063724934
615 0.055563297171763
616 0.055661280163275595
617 -0.10773213546008105
618 -0.10083497879534764
619 0.14260585736725692
620 -0.06679631026558934
621 0.0010194093618198395
622 -0.034345855495754446
623 0.12226033106421982
624 0.18772077694645226
625 0.004227640806062936
626 -0.1669561344457926
627 -0.07396835752535832
628 0.22172285830393992
629 -0.053808735289371155
630 -0.02544364649960221
631 0.048687787932409264
632 0.02425779271505178
633 -0.08543163191115263
634 -0.14282910902994855
635 0.13302286801207425
636 -0.06561884883074878
637 0.20236409137743794
638 0.10214631131736474
639 -0.08222305485273466
640 -0.08271475797969004
641 -0.1347080014855668
642 0.17329451431122653
643 -0.04832997691119681
644 -0.038363709883733235
645 -0.15867312921736412
646 -0.104696798385786
647 0.10331574717875673
648 0.004084975159116198
649 -0.07497055592624156
650 -0.0686481631475524
651 0.013682259884560495
652 0.004252694404366594
653 0.028814726650248985
654 -0.02215981783644054
655 -0.09728794636105317
656 0.07057999978346152
657 0.016051092882324498
658 0.1292498322878547
659 0.2255250436678025
660 0.04576092761411951
661 0.2889507894074279
662 0.12038684920234027
663 0.2982373079784627
664 0.22938082284700909
665 -0.12802499538880807
666 -0.006508936026848233
667 0.22249645359813622
668 0.17731455312004119
669 0.025139857719129282
670 0.13378209857071738
671 -0.2017132680921386
672 0.1367320787820015
673 0.0006783129733953501
674 0.02878567387977114
675 0.04956402919393736
676 -0.049497998053526546
677 -0.14409576561599374
678 0.051851568069680526
679 -0.18447360649852546
680 0.024903910302560235
681 -0.14923700323598882
682 0.01902598268462816
683 0.2906748449290831
684 0.11041418722736149
685 -0.014012050458213594
686 -0.012433509950483085
687 -0.033174280938507196
688 -0.0343540031021405
689 -0.04385555789444811
690 -0.03074004318969844
691 -0.10731503339266646
692 0.1699196628689757
693 -0.0027205157781105527
694 0.02208237568991433
695 0.01666439315998798
696 0.01838085277455423
697 -0.22152786800725358
698 -0.03679819311168899
699 0.2229203778708345
700 -0.0051150570630364885
701 0.09841304978154676
702 -0.12150957252451076
703 0.16508529877434022
704 -0.13532940722823208
705 0.11946569548211004
706 0.02418345139432449
707 -0.18192235526798026
708 0.09912156958444303
709 4.8528720241733936e-05
710 -0.06271078268462565
711 -0.017144034221959033
712 0.06733330974640012
713 -0.03959196866330217
714 0.23205778061842966
715 0.08781423391470196
716 -0.08021840116507076
717 0.22673980405655517
718 0.017043414577071758
719 -0.11011054400291811
720 -0.14033825369507805
721 -0.10253017632628848
722 -0.10257617845049606
723 0.017631642485772887
724 -0.006448452342079918
725 0.007392911214065862
726 -0.06140881000515435
727 0.11115707020209174
728 -0.027605163775772892
729 0.03667525080414623
730 0.1189095845628782
731 0.11468158191096928
732 0.013913730209940127
733 -0.1510946951451598
734 0.1963419621856226
735 -0.14064996281316564
736 0.04006626701883124
737 0.04281559479037378
738 0.0846496454832917
739 -0.07725600454298126
740 0.2338632122062097
741 -0.12208219446256453
742 -0.044186549998706706
743 0.08320102899675612
744 0.08345986824480496
745 0.08320421038794826
746 -0.07320229178654222
747 -0.017128872920193317
748 -0.09187249455561959
749 0.14350910899467284
750 0.04078491666278956
751 0.05253630387531541
752 -0.19405487257346682
753 0.10676327748586857
754 -0.05998638234099087
755 -0.07284803146300987
756 -0.06127818290385119
757 0.2838797738967824
758 0.12083168158121578
759 0.05626219121378665
760 -0.0008638000298454927
761 0.15997804830297513
762 0.0300804690139596
763 0.0027080766317152437
764 -0.03872775066044551
765 -0.08800120520494636
766 -0.05661400844098875
767 -0.03795931805075202
768 -0.012670411294220458
769 0.22515067746541537
770 0.06238368293643623
771 0.09189607041173826
772 0.08020340459197586
773 -0.13705929233840003
774 0.1506831558829483
775 0.01687245667284219
776 0.19871532442932857
777 -0.11657896818768518
778 -0.1021989715379134
779 -0.16265900194428765
780 0.14974947917205475
781 -0.018049484305819305
782 -0.1568967391345542
783 0.2924527696938542
784 0.05912831529995685
785 0.15729951498911862
786 -0.08537045942799659
787 -0.026861636950452066
788 0.10671202082795413
789 0.10637582607920115
790 -0.0631942084032819
791 -0.11121545956213959
792 -0.12517528015942447
793 -0.061298949195435284
794 -0.09053343230334156
795 0.013261481386482728
796 -0.03313660887700735
797 0.012608765037478747
798 0.278110336197837
799 -0.08247569066636458
800 0.07413645041266773
801 0.18122490427824164
802 -0.02286155072812835
803 -0.03424558396681198
804 0.2026233498253091
805 0.03361496011478323
806 0.25193747508543923
807 -0.13101961389978123
808 -0.04944333965429121
809 0.004923443654610992
810 0.024159092486196302
811 0.03918040963597423
812 -0.014186440795392968
813 0.06036840595198714
814 -0.07444617092963017
815 -0.0012611900941066096
816 0.003043790058933041
817 0.06755095165002001
818 0.14215346004195384
819 0.12034878536746817
820 0.0758504100069058
821 0.051133096706725494
822 -0.2163165872649024
823 0.11540501108411218
824 0.09286012984745684
825 -0.025095583939327752
826 0.13481635964543887
827 -0.12420732532069678
828 -0.14841280567566162
829 -0.01808543850942283
830 0.0009086142520479825
831 -0.04248892360120942
832 -0.03976344372217693
833 -0.0636433170590542
834 -0.20063912710123735
835 -0.09337755280448357
836 0.129460158890324
837 0.06677435688893309
838 0.05147024608693209
839 0.05001491389211173
840 -0.00017571689112151035
841 -0.03929216526711002
842 0.17428444788075662
843 -0.05663892313777194
844 0.007921335063975563
845 -0.06130797499177493
846 0.08829402574710582
847 -0.23687590970248448
848 -0.19894925535262428
849 0.10949013484321449
850 0.13112570444741697
851 0.11847951433992535
852 0.02096143883736204
853 0.295046628228263
854 0.02311298501945555
855 -0.09014767164615364
856 0.011675826603888254
857 -0.013325958160377467
858 0.023694613163918916
859 0.004588397839378104
860 -0.18275081894045786
861 0.22688536750215973
862 0.12252399902560376
863 0.056562900387274566
864 -0.11540714610339296
865 0.011386022278881
866 0.10558634726244077
867 -0.04898649982829431
868 0.16494116728170535
869 0.07251518315474255
870 -0.04501057759736284
871 0.061905742750421607
872 -0.1618420366388642
873 -0.01779383983902369
874 -0.04192713804443247
875 0.14040969164606917
876 0.005941116384153929
877 0.14355798090343022
878 -0.06970473533574773
879 -0.03931504212109439
880 -0.11540438943300944
881 0.021682088236964773
882 -0.09954033628062597
883 0.0034155361994031635
884 0.13476074570195953
885 -0.003457663475691902
886 -0.1225259078197488
887 -0.045141329126114786
888 -0.1014605193075372
889 0.02187048160802999
890 0.00615840747212053
891 0.11871031101869153
892 -0.10019867537366042
893 0.154493186008031
894 0.0498161168065551
895 0.1635193892977768
896 0.0467585040504232
897 0.020139349454088802
898 -0.03409561053766925
899 0.08221914499887555
900 0.12324912516553718
901 0.29264914934875536
902 -0.40511234834097287
903 -0.07534055320719961
904 0.08348904120902785
905 0.001925180461424361
906 -0.196558896123296
907 0.11551945061455376
908 0.06334490742890125
909 -0.08195708250647715
910 -0.13360875220079357
911 0.011444116813373626
912 0.2775074451756211
913 0.03706174143533849
914 0.21858264577814576
915 0.056526275075941386
916 0.17233927919847905
917 -0.1273757323407259
918 -0.21522940050335557
919 0.0987047929846608
920 -0.06750426243637389
921 -0.08940088843768558
922 -9.830071446845067e-05
923 -0.05629536657485687
924 -0.10590050148953821
925 -0.11624860214877356
926 -0.0961795751752279
927 -0.06256156607521189
928 -0.2923354838625499
929 -0.011060838031241702
930 -0.22048124593710178
931 0.2022736808325219
932 -0.07560374492104086
933 0.02605251181063318
934 0.05020295864865966
935 -0.06706546136155567
936 -0.06642452503459913
937 -0.038572028911206646
938 -0.08941301238429332
939 -0.17903491371400912
940 0.029190450705685066
941 -0.13917462128554076
942 -0.056995039413344786
943 0.031265834513332376
944 0.0056264473510798324
945 -0.0025154045890798215
946 -0.0064547509414385335
947 -0.03560109545965054
948 -0.058323681652860844
949 -0.11115461900084801
950 0.03478086240117455
951 -0.011959641442944757
952 -0.13807807762856908
953 -0.022166104416182178
954 0.21462329146496745
955 0.07019394310126859
956 -0.02827270522491233
957 -0.011846169631702765
958 0.0716311461213237
959 0.005069569591175423
960 0.07585091068564395
961 -0.09325596658033691
962 -0.02821098851701936
963 -0.016159043825271054
964 0.08579444051893324
965 0.007072684015103277
966 -0.1451668853587212
967 0.13077641834293127
968 -0.28094732138822337
969 0.04088267298241749
970 -0.12644432114850382
971 -0.09012923117265359
972 0.05609067323337911
973 -0.09560723277571481
974 -0.0259049446413552
975 -0.06906237559221767
976 -0.13275652935253276
977 0.2157853441859529
978 -0.0011287258776523004
979 0.029838149881883737
980 0.14276315427665873
981 0.06323448345621943
982 0.13755179479917
983 0.08659351963188829
984 0.0683229304716914
985 0.04204448731131208
986 -0.12087123441285462
987 -0.12278437842690255
988 0.005369969990277582
989 0.059650820341571265
990 -0.013645365455349405
991 0.06435203452431892
992 0.029704927037315997
993 0.10197803844241536
994 -0.12873449720653946
995 -0.11661150020329729
996 -0.02487813592741031
997 -0.07433444864929868
998 0.1849040963104844
999 -0.1268111148973271
1000 0.12553608847170483
