1 -1.904784053876508
2 -1.9080781853875757
3 -1.9080781853875757
4 -1.9080781853875757
5 -1.9080781853875757
6 -1.9080781853875757
7 -1.9080781853875757
8 -1.9111944525949545
9 -1.9111944525949545
10 -1.9111944525949545
11 -1.9111944525949545
12 -1.9111944525949545
13 -1.9111944525949545
14 -1.9111944525949545
15 -1.9111944525949545
16 -1.9111944525949545
17 -1.9111944525949545
18 -1.9111944525949545
19 -1.9111944525949545
20 -1.9111944525949545
21 -1.9111944525949545
22 -1.9111944525949545
23 -1.9111944525949545
24 -1.9111944525949545
25 -1.9111944525949545
26 -1.9111944525949545
27 -1.9111944525949545
28 -1.9111944525949545
29 -1.9111944525949545
30 -1.9111944525949545
31 -1.9111944525949545
32 -1.9111944525949545
33 -1.9111944525949545
34 -1.9111944525949545
35 -1.9111944525949545
36 -1.9111944525949545
37 -1.9111944525949545
38 -1.9111944525949545
39 -1.9111944525949545
40 -1.9111944525949545
41 -1.9111944525949545
42 -1.9111944525949545
43 -1.9111944525949545
44 -1.9111944525949545
45 -1.9111944525949545
46 -1.9111944525949545
47 -1.9111944525949545
48 -1.9121928394913712
49 -1.9121928394913712
50 -1.9121928394913712
51 -1.9121928394913712
52 -1.9121928394913712
53 -1.9121928394913712
54 -1.9121928394913712
55 -1.9121928394913712
56 -1.9121928394913712
57 -1.9121928394913712
58 -1.9121928394913712
59 -1.9121928394913712
60 -1.9121928394913712
61 -1.9121928394913712
62 -1.9121928394913712
63 -1.9121928394913712
64 -1.9121928394913712
65 -1.9121928394913712
66 -1.9121928394913712
67 -1.9121928394913712
68 -1.9121928394913712
69 -1.9121928394913712
70 -1.9121928394913712
71 -1.9121928394913712
72 -1.9121928394913712
73 -1.9121928394913712
74 -1.9121928394913712
75 -1.9121928394913712
76 -1.9121928394913712
77 -1.9121928394913712
78 -1.9121928394913712
79 -1.9121928394913712
80 -1.9121928394913712
81 -1.9121928394913712
82 -1.9121928394913712
83 -1.9121928394913712
84 -1.9121928394913712
85 -1.9121928394913712
86 -1.9121928394913712
87 -1.9121928394913712
88 -1.9121928394913712
89 -1.9121928394913712
90 -1.9121928394913712
91 -1.9121928394913712
92 -1.9121928394913712
93 -1.9121928394913712
94 -1.9121928394913712
95 -1.9121928394913712
96 -1.9121928394913712
97 -1.9121928394913712
98 -1.9121928394913712
99 -1.9121928394913712
100 -1.9121928394913712
101 -1.9121928394913712
102 -1.9121928394913712
103 -1.9121928394913712
104 -1.9121928394913712
105 -1.9121928394913712
106 -1.9121928394913712
107 -1.9121928394913712
108 -1.9121928394913712
109 -1.9121928394913712
110 -1.9121928394913712
111 -1.9121928394913712
112 -1.9121928394913712
113 -1.9121928394913712
114 -1.9121928394913712
115 -1.9121928394913712
116 -1.9121928394913712
117 -1.9121928394913712
118 -1.9121928394913712
119 -1.9121928394913712
120 -1.9121928394913712
121 -1.9121928394913712
122 -1.9121928394913712
123 -1.9121928394913712
124 -1.9121928394913712
125 -1.9121928394913712
126 -1.9121928394913712
127 -1.9121928394913712
128 -1.9121928394913712
129 -1.9121928394913712
130 -1.9121928394913712
131 -1.9121928394913712
132 -1.9121928394913712
133 -1.9121928394913712
134 -1.9121928394913712
135 -1.9121928394913712
136 -1.9121928394913712
137 -1.9121928394913712
138 -1.9121928394913712
139 -1.9121928394913712
140 -1.9121928394913712
141 -1.9121928394913712
142 -1.9121928394913712
143 -1.9121928394913712
144 -1.9121928394913712
145 -1.9121928394913712
146 -1.9121928394913712
147 -1.9121928394913712
148 -1.9121928394913712
149 -1.9121928394913712
150 -1.9121928394913712
151 -1.9121928394913712
152 -1.9121928394913712
153 -1.9121928394913712
154 -1.9121928394913712
155 -1.9121928394913712
156 -1.9121928394913712
157 -1.9121928394913712
158 -1.9121928394913712
159 -1.9121928394913712
160 -1.9121928394913712
161 -1.9121928394913712
162 -1.9121928394913712
163 -1.9121928394913712
164 -1.9121928394913712
165 -1.9121928394913712
166 -1.9121928394913712
167 -1.9121928394913712
168 -1.9121928394913712
169 -1.9121928394913712
170 -1.9121928394913712
171 -1.9121928394913712
172 -1.9121928394913712
173 -1.9121928394913712
174 -1.9121928394913712
175 -1.9121928394913712
176 -1.9121928394913712
177 -1.9121928394913712
178 -1.9121928394913712
179 -1.9121928394913712
180 -1.9121928394913712
181 -1.9121928394913712
182 -1.9121928394913712
183 -1.9121928394913712
184 -1.9121928394913712
185 -1.9121928394913712
186 -1.9121928394913712
187 -1.9121928394913712
188 -1.9121928394913712
189 -1.9121928394913712
190 -1.9121928394913712
191 -1.9121928394913712
192 -1.9121928394913712
193 -1.9121928394913712
194 -1.9121928394913712
195 -1.9121928394913712
196 -1.912811528644315
197 -1.912811528644315
198 -1.912811528644315
199 -1.912811528644315
200 -1.912811528644315
201 -1.912811528644315
202 -1.912811528644315
203 -1.912811528644315
204 -1.912811528644315
205 -1.912811528644315
206 -1.912811528644315
207 -1.912811528644315
208 -1.912811528644315
209 -1.912811528644315
210 -1.912811528644315
211 -1.912811528644315
212 -1.912811528644315
213 -1.912811528644315
214 -1.912811528644315
215 -1.912811528644315
216 -1.912811528644315
217 -1.912811528644315
218 -1.912811528644315
219 -1.912811528644315
220 -1.912811528644315
221 -1.912811528644315
222 -1.912811528644315
223 -1.912811528644315
224 -1.912811528644315
225 -1.912811528644315
226 -1.912811528644315
227 -1.912811528644315
228 -1.912811528644315
229 -1.912811528644315
230 -1.912811528644315
231 -1.912811528644315
232 -1.912811528644315
233 -1.912811528644315
234 -1.912811528644315
235 -1.912811528644315
236 -1.912811528644315
237 -1.912811528644315
238 -1.912811528644315
239 -1.912811528644315
240 -1.912811528644315
241 -1.912811528644315
242 -1.912811528644315
243 -1.912811528644315
244 -1.912811528644315
245 -1.912811528644315
246 -1.912811528644315
247 -1.912811528644315
248 -1.912811528644315
249 -1.912811528644315
250 -1.912811528644315
251 -1.912811528644315
252 -1.912811528644315
253 -1.912811528644315
254 -1.912811528644315
255 -1.912811528644315
256 -1.912811528644315
257 -1.912811528644315
258 -1.912811528644315
259 -1.912811528644315
260 -1.912811528644315
261 -1.912811528644315
262 -1.912811528644315
263 -1.912811528644315
264 -1.912811528644315
265 -1.912811528644315
266 -1.912811528644315
267 -1.912811528644315
268 -1.912811528644315
269 -1.912811528644315
270 -1.912811528644315
271 -1.912811528644315
272 -1.912811528644315
273 -1.912811528644315
274 -1.912811528644315
275 -1.912811528644315
276 -1.912811528644315
277 -1.912811528644315
278 -1.912811528644315
279 -1.912811528644315
280 -1.912811528644315
281 -1.912811528644315
282 -1.912811528644315
283 -1.912811528644315
284 -1.912811528644315
285 -1.912811528644315
286 -1.912811528644315
287 -1.912811528644315
288 -1.912811528644315
289 -1.912811528644315
290 -1.912811528644315
291 -1.912811528644315
292 -1.912811528644315
293 -1.912811528644315
294 -1.912811528644315
295 -1.912811528644315
296 -1.912811528644315
297 -1.912811528644315
298 -1.912811528644315
299 -1.912811528644315
300 -1.912811528644315
301 -1.912811528644315
302 -1.912811528644315
303 -1.912811528644315
304 -1.912811528644315
305 -1.912811528644315
306 -1.912811528644315
307 -1.912811528644315
308 -1.912811528644315
309 -1.912811528644315
310 -1.912811528644315
311 -1.912811528644315
312 -1.912811528644315
313 -1.912811528644315
314 -1.912811528644315
315 -1.912811528644315
316 -1.912811528644315
317 -1.912811528644315
318 -1.912811528644315
319 -1.912811528644315
320 -1.912811528644315
321 -1.912811528644315
322 -1.912811528644315
323 -1.912811528644315
324 -1.912811528644315
325 -1.912811528644315
326 -1.912811528644315
327 -1.912811528644315
328 -1.912811528644315
329 -1.912811528644315
330 -1.912811528644315
331 -1.912811528644315
332 -1.912811528644315
333 -1.912811528644315
334 -1.912811528644315
335 -1.912811528644315
336 -1.912811528644315
337 -1.912811528644315
338 -1.912811528644315
339 -1.912811528644315
340 -1.912811528644315
341 -1.912811528644315
342 -1.912811528644315
343 -1.912811528644315
344 -1.912811528644315
345 -1.912811528644315
346 -1.912811528644315
347 -1.912811528644315
348 -1.912811528644315
349 -1.912811528644315
350 -1.912811528644315
351 -1.912811528644315
352 -1.912811528644315
353 -1.912811528644315
354 -1.912811528644315
355 -1.912811528644315
356 -1.912811528644315
357 -1.912811528644315
358 -1.912811528644315
359 -1.912811528644315
360 -1.912811528644315
361 -1.912811528644315
362 -1.912811528644315
363 -1.912811528644315
364 -1.912811528644315
365 -1.912811528644315
366 -1.912811528644315
367 -1.912811528644315
368 -1.912811528644315
369 -1.912811528644315
370 -1.912811528644315
371 -1.912811528644315
372 -1.912811528644315
373 -1.912811528644315
374 -1.912811528644315
375 -1.912811528644315
376 -1.912811528644315
377 -1.912811528644315
378 -1.912811528644315
379 -1.912811528644315
380 -1.912811528644315
381 -1.912811528644315
382 -1.912811528644315
383 -1.912811528644315
384 -1.912811528644315
385 -1.912811528644315
386 -1.912811528644315
387 -1.912811528644315
388 -1.912811528644315
389 -1.912811528644315
390 -1.912811528644315
391 -1.912811528644315
392 -1.912811528644315
393 -1.912811528644315
394 -1.912811528644315
395 -1.912811528644315
396 -1.912811528644315
397 -1.912811528644315
398 -1.912811528644315
399 -1.912811528644315
400 -1.912811528644315
401 -1.912811528644315
402 -1.912811528644315
403 -1.912811528644315
404 -1.912811528644315
405 -1.912811528644315
406 -1.912811528644315
407 -1.912811528644315
408 -1.912811528644315
409 -1.912811528644315
410 -1.912811528644315
411 -1.912811528644315
412 -1.912811528644315
413 -1.912811528644315
414 -1.912811528644315
415 -1.912811528644315
416 -1.912811528644315
417 -1.912811528644315
418 -1.912811528644315
419 -1.912811528644315
420 -1.912811528644315
421 -1.912811528644315
422 -1.912811528644315
423 -1.912811528644315
424 -1.912811528644315
425 -1.912811528644315
426 -1.912811528644315
427 -1.912811528644315
428 -1.912811528644315
429 -1.912811528644315
430 -1.912811528644315
431 -1.912811528644315
432 -1.912811528644315
433 -1.912811528644315
434 -1.912811528644315
435 -1.912811528644315
436 -1.912811528644315
437 -1.912811528644315
438 -1.912811528644315
439 -1.912811528644315
440 -1.912811528644315
441 -1.912811528644315
442 -1.912811528644315
443 -1.912811528644315
444 -1.912811528644315
445 -1.912811528644315
446 -1.912811528644315
447 -1.912811528644315
448 -1.912811528644315
449 -1.912811528644315
450 -1.912811528644315
451 -1.912811528644315
452 -1.912811528644315
453 -1.912811528644315
454 -1.9130109227741658
455 -1.9130109227741658
456 -1.9130109227741658
457 -1.9130109227741658
458 -1.9130109227741658
459 -1.9130109227741658
460 -1.9130109227741658
461 -1.9130109227741658
462 -1.9130109227741658
463 -1.9130109227741658
464 -1.9130109227741658
465 -1.9130109227741658
466 -1.9130109227741658
467 -1.9130109227741658
468 -1.9130109227741658
469 -1.9130109227741658
470 -1.9130109227741658
471 -1.9130109227741658
472 -1.9130109227741658
473 -1.9130109227741658
474 -1.9130109227741658
475 -1.9130109227741658
476 -1.9130109227741658
477 -1.9130109227741658
478 -1.9130109227741658
479 -1.9130109227741658
480 -1.9130109227741658
481 -1.9130109227741658
482 -1.9130109227741658
483 -1.9130109227741658
484 -1.9130109227741658
485 -1.9130109227741658
486 -1.9130109227741658
487 -1.9130109227741658
488 -1.9130109227741658
489 -1.9130109227741658
490 -1.9130109227741658
491 -1.9130109227741658
492 -1.9130109227741658
493 -1.9130109227741658
494 -1.9130109227741658
495 -1.9130109227741658
496 -1.9130109227741658
497 -1.9130109227741658
498 -1.9130109227741658
499 -1.9130109227741658
500 -1.9130109227741658
501 -1.9130109227741658
502 -1.9130109227741658
503 -1.9130109227741658
504 -1.9130109227741658
505 -1.9130109227741658
506 -1.9130109227741658
507 -1.9130109227741658
508 -1.9130109227741658
509 -1.9130109227741658
510 -1.9130109227741658
511 -1.9130109227741658
512 -1.9130109227741658
513 -1.9130109227741658
514 -1.9130109227741658
515 -1.9130109227741658
516 -1.9130109227741658
517 -1.9130109227741658
518 -1.9130109227741658
519 -1.9130109227741658
520 -1.9130109227741658
521 -1.9130109227741658
522 -1.9130109227741658
523 -1.9130109227741658
524 -1.9130109227741658
525 -1.9130109227741658
526 -1.9130109227741658
527 -1.9130109227741658
528 -1.9130109227741658
529 -1.9130109227741658
530 -1.9130109227741658
531 -1.9130109227741658
532 -1.9130109227741658
533 -1.9130109227741658
534 -1.9130109227741658
535 -1.9130109227741658
536 -1.9130109227741658
537 -1.9130109227741658
538 -1.9130109227741658
539 -1.9130109227741658
540 -1.9130109227741658
541 -1.9130109227741658
542 -1.9130109227741658
543 -1.9130109227741658
544 -1.9130109227741658
545 -1.9130109227741658
546 -1.9130109227741658
547 -1.9130109227741658
548 -1.9130109227741658
549 -1.9130109227741658
550 -1.9130109227741658
551 -1.9130109227741658
552 -1.9130109227741658
553 -1.9130109227741658
554 -1.9130109227741658
555 -1.9130109227741658
556 -1.9130109227741658
557 -1.9130109227741658
558 -1.9130109227741658
559 -1.9130109227741658
560 -1.9130109227741658
561 -1.9130109227741658
562 -1.9130109227741658
563 -1.9130109227741658
564 -1.9130109227741658
565 -1.9130109227741658
566 -1.9130109227741658
567 -1.9130109227741658
568 -1.9130109227741658
569 -1.9130109227741658
570 -1.9130109227741658
571 -1.9130109227741658
572 -1.9130109227741658
573 -1.9130109227741658
574 -1.9130109227741658
575 -1.9130109227741658
576 -1.9130109227741658
577 -1.9130109227741658
578 -1.9130109227741658
579 -1.9130109227741658
580 -1.9130109227741658
581 -1.9130109227741658
582 -1.9130109227741658
583 -1.9130109227741658
584 -1.9130109227741658
585 -1.9130109227741658
586 -1.9130109227741658
587 -1.9130109227741658
588 -1.9130109227741658
589 -1.9130109227741658
590 -1.9130109227741658
591 -1.9130109227741658
592 -1.9130109227741658
593 -1.9130109227741658
594 -1.9130109227741658
595 -1.9130109227741658
596 -1.9130109227741658
597 -1.9130109227741658
598 -1.9130109227741658
599 -1.9130109227741658
600 -1.9130109227741658
601 -1.9130109227741658
602 -1.9130955865992774
603 -1.9130955865992774
604 -1.9130955865992774
605 -1.9130955865992774
606 -1.9130955865992774
607 -1.9130955865992774
608 -1.9130955865992774
609 -1.9130955865992774
610 -1.9130955865992774
611 -1.9130955865992774
612 -1.9130955865992774
613 -1.9130955865992774
614 -1.9130955865992774
615 -1.9130955865992774
616 -1.9130955865992774
617 -1.9130955865992774
618 -1.9130955865992774
619 -1.9130955865992774
620 -1.9130955865992774
621 -1.9130955865992774
622 -1.9130955865992774
623 -1.9130955865992774
624 -1.9130955865992774
625 -1.9130955865992774
626 -1.9130955865992774
627 -1.9130955865992774
628 -1.9130955865992774
629 -1.9130955865992774
630 -1.9130955865992774
631 -1.9130955865992774
632 -1.9130955865992774
633 -1.9130955865992774
634 -1.9130955865992774
635 -1.9130955865992774
636 -1.9130955865992774
637 -1.9130955865992774
638 -1.9130955865992774
639 -1.9130955865992774
640 -1.9130955865992774
641 -1.9130955865992774
642 -1.9130955865992774
643 -1.9130955865992774
644 -1.9130955865992774
645 -1.9130955865992774
646 -1.9130955865992774
647 -1.9130955865992774
648 -1.9130955865992774
649 -1.9130955865992774
650 -1.9130955865992774
651 -1.9130955865992774
652 -1.9130955865992774
653 -1.9130955865992774
654 -1.9130955865992774
655 -1.9130955865992774
656 -1.9130955865992774
657 -1.9130955865992774
658 -1.9130955865992774
659 -1.9130955865992774
660 -1.9130955865992774
661 -1.9130955865992774
662 -1.9130955865992774
663 -1.9130955865992774
664 -1.9130955865992774
665 -1.9130955865992774
666 -1.9130955865992774
667 -1.9130955865992774
668 -1.9130955865992774
669 -1.9130955865992774
670 -1.9130955865992774
671 -1.9130955865992774
672 -1.9130955865992774
673 -1.9130955865992774
674 -1.9130955865992774
675 -1.9130955865992774
676 -1.9130955865992774
677 -1.9130955865992774
678 -1.9130955865992774
679 -1.9130955865992774
680 -1.9130955865992774
681 -1.9130955865992774
682 -1.9130955865992774
683 -1.9130955865992774
684 -1.9130955865992774
685 -1.9130955865992774
686 -1.9130955865992774
687 -1.9130955865992774
688 -1.9130955865992774
689 -1.9130955865992774
690 -1.9130955865992774
691 -1.9130955865992774
692 -1.9130955865992774
693 -1.9130955865992774
694 -1.9130955865992774
695 -1.9130955865992774
696 -1.9130955865992774
697 -1.9130955865992774
698 -1.9130955865992774
699 -1.9130955865992774
700 -1.9130955865992774
701 -1.9130955865992774
702 -1.9130955865992774
703 -1.9130955865992774
704 -1.9130955865992774
705 -1.9130955865992774
706 -1.9130955865992774
707 -1.9130955865992774
708 -1.9130955865992774
709 -1.9130955865992774
710 -1.9130955865992774
711 -1.9130955865992774
712 -1.9130955865992774
713 -1.9130955865992774
714 -1.9130955865992774
715 -1.9130955865992774
716 -1.9130955865992774
717 -1.9130955865992774
718 -1.9130955865992774
719 -1.9130955865992774
720 -1.9130955865992774
721 -1.9130955865992774
722 -1.9130955865992774
723 -1.9130955865992774
724 -1.9130955865992774
725 -1.9130955865992774
726 -1.9130955865992774
727 -1.9130955865992774
728 -1.9130955865992774
729 -1.9130955865992774
730 -1.9130955865992774
731 -1.9130955865992774
732 -1.9130955865992774
733 -1.9130955865992774
734 -1.9130955865992774
735 -1.9130955865992774
736 -1.9130955865992774
737 -1.9130955865992774
738 -1.9130955865992774
739 -1.9130955865992774
740 -1.9130955865992774
741 -1.9130955865992774
742 -1.9130955865992774
743 -1.9130955865992774
744 -1.9130955865992774
745 -1.9130955865992774
746 -1.9130955865992774
747 -1.9130955865992774
748 -1.9130955865992774
749 -1.9130955865992774
750 -1.9130955865992774
751 -1.9130955865992774
752 -1.9130955865992774
753 -1.9130955865992774
754 -1.9130955865992774
755 -1.9130955865992774
756 -1.9130955865992774
757 -1.9130955865992774
758 -1.9130955865992774
759 -1.9130955865992774
760 -1.9130955865992774
761 -1.9130955865992774
762 -1.9130955865992774
763 -1.9130955865992774
764 -1.9130955865992774
765 -1.9130955865992774
766 -1.9130955865992774
767 -1.9130955865992774
768 -1.9130955865992774
769 -1.9130955865992774
770 -1.9130955865992774
771 -1.9130955865992774
772 -1.9130955865992774
773 -1.9130955865992774
774 -1.9130955865992774
775 -1.9130955865992774
776 -1.9130955865992774
777 -1.9130955865992774
778 -1.9130955865992774
779 -1.9130955865992774
780 -1.9130955865992774
781 -1.9130955865992774
782 -1.9130955865992774
783 -1.9130955865992774
784 -1.9130955865992774
785 -1.9130955865992774
786 -1.9130955865992774
787 -1.9130955865992774
788 -1.9130955865992774
789 -1.9130955865992774
790 -1.9130955865992774
791 -1.9130955865992774
792 -1.9130955865992774
793 -1.9130955865992774
794 -1.9130955865992774
795 -1.9130955865992774
796 -1.9130955865992774
797 -1.9130955865992774
798 -1.9130955865992774
799 -1.9130955865992774
800 -1.9130955865992774
801 -1.9130955865992774
802 -1.9130955865992774
803 -1.9130955865992774
804 -1.9130955865992774
805 -1.9130955865992774
806 -1.9130955865992774
807 -1.9130955865992774
808 -1.9130955865992774
809 -1.9130955865992774
810 -1.9130955865992774
811 -1.9130955865992774
812 -1.9130955865992774
813 -1.9130955865992774
814 -1.9130955865992774
815 -1.9130955865992774
816 -1.9130955865992774
817 -1.9130955865992774
818 -1.9130955865992774
819 -1.9130955865992774
820 -1.9130955865992774
821 -1.9130955865992774
822 -1.9130955865992774
823 -1.9130955865992774
824 -1.9130955865992774
825 -1.9130955865992774
826 -1.9130955865992774
827 -1.9130955865992774
828 -1.9130955865992774
829 -1.9130955865992774
830 -1.9130955865992774
831 -1.9130955865992774
832 -1.9130955865992774
833 -1.9130955865992774
834 -1.9130955865992774
835 -1.9130955865992774
836 -1.9130955865992774
837 -1.9130955865992774
838 -1.9130955865992774
839 -1.9130955865992774
840 -1.9130955865992774
841 -1.9130955865992774
842 -1.9130955865992774
843 -1.9130955865992774
844 -1.9130955865992774
845 -1.9130955865992774
846 -1.9130955865992774
847 -1.9130955865992774
848 -1.9130955865992774
849 -1.9130955865992774
850 -1.9130955865992774
851 -1.9130955865992774
852 -1.9130955865992774
853 -1.9130955865992774
854 -1.9130955865992774
855 -1.9130955865992774
856 -1.9130955865992774
857 -1.9130955865992774
858 -1.9130955865992774
859 -1.9130955865992774
860 -1.9130955865992774
861 -1.9130955865992774
862 -1.9130955865992774
863 -1.9130955865992774
864 -1.9130955865992774
865 -1.9130955865992774
866 -1.9130955865992774
867 -1.9130955865992774
868 -1.9130955865992774
869 -1.9130955865992774
870 -1.9130955865992774
871 -1.9130955865992774
872 -1.9130955865992774
873 -1.9130955865992774
874 -1.9130955865992774
875 -1.9130955865992774
876 -1.9130955865992774
877 -1.9130955865992774
878 -1.9130955865992774
879 -1.9130955865992774
880 -1.9130955865992774
881 -1.9130955865992774
882 -1.9130955865992774
883 -1.9130955865992774
884 -1.9130955865992774
885 -1.9130955865992774
886 -1.9131569555363632
887 -1.9131569555363632
888 -1.9131569555363632
889 -1.9131569555363632
890 -1.9131569555363632
891 -1.9131569555363632
892 -1.9131569555363632
893 -1.9131569555363632
894 -1.9131569555363632
895 -1.9131569555363632
896 -1.9131569555363632
897 -1.9131569555363632
898 -1.9131569555363632
899 -1.9131569555363632
900 -1.9131569555363632
901 -1.9131569555363632
902 -1.9131569555363632
903 -1.9131569555363632
904 -1.9131569555363632
905 -1.9131569555363632
906 -1.9131569555363632
907 -1.9131569555363632
908 -1.9131569555363632
909 -1.9131569555363632
910 -1.9131569555363632
911 -1.9131569555363632
912 -1.9131569555363632
913 -1.9131569555363632
914 -1.9131569555363632
915 -1.9131569555363632
916 -1.9131569555363632
917 -1.9131569555363632
918 -1.9131569555363632
919 -1.9131569555363632
920 -1.9131569555363632
921 -1.9131569555363632
922 -1.9131569555363632
923 -1.9131569555363632
924 -1.9131569555363632
925 -1.9131569555363632
926 -1.9131569555363632
927 -1.9131569555363632
928 -1.9131569555363632
929 -1.9131569555363632
930 -1.9131569555363632
931 -1.9131569555363632
932 -1.9131569555363632
933 -1.9131569555363632
934 -1.9131569555363632
935 -1.9131569555363632
936 -1.9131569555363632
937 -1.9131569555363632
938 -1.9131569555363632
939 -1.9131569555363632
940 -1.9131569555363632
941 -1.9131569555363632
942 -1.9131569555363632
943 -1.9131569555363632
944 -1.9131569555363632
945 -1.9131569555363632
946 -1.9131569555363632
947 -1.9131569555363632
948 -1.9131569555363632
949 -1.9131569555363632
950 -1.9131569555363632
951 -1.9131569555363632
952 -1.9131569555363632
953 -1.9131569555363632
954 -1.9131569555363632
955 -1.9131569555363632
956 -1.9131569555363632
957 -1.9131569555363632
958 -1.9131569555363632
959 -1.9131569555363632
960 -1.9131569555363632
961 -1.9131569555363632
962 -1.9131569555363632
963 -1.9131569555363632
964 -1.9131569555363632
965 -1.9131569555363632
966 -1.9131569555363632
967 -1.9131569555363632
968 -1.9131569555363632
969 -1.9131569555363632
970 -1.9131569555363632
971 -1.9131569555363632
972 -1.9131569555363632
973 -1.9131569555363632
974 -1.9131569555363632
975 -1.9131569555363632
976 -1.9131569555363632
977 -1.9131569555363632
978 -1.9131569555363632
979 -1.9131569555363632
980 -1.9131569555363632
981 -1.9131569555363632
982 -1.9131569555363632
983 -1.9131569555363632
984 -1.9131569555363632
985 -1.9131569555363632
986 -1.9131569555363632
987 -1.9131569555363632
988 -1.9131569555363632
989 -1.9131569555363632
990 -1.9131569555363632
991 -1.9131569555363632
992 -1.9131569555363632
993 -1.9131569555363632
994 -1.9131569555363632
995 -1.9131569555363632
996 -1.9131569555363632
997 -1.9131569555363632
998 -1.9131569555363632
999 -1.9131569555363632
1000 -1.9131569555363632
