1 5.246545592076483
2 4.784874408306448
3 4.917501911616585
4 4.761834717667862
5 4.926466630179083
6 4.566387191267788
7 4.950213228719027
8 4.686704062087369
9 5.28084004516299
10 5.081942593816269
11 4.784144388006169
12 4.581409007595051
13 5.142486075814647
14 5.015995088871917
15 5.1996041473022485
16 4.590839523586695
17 4.75526520010464
18 4.569833315705972
19 5.0423759663413215
20 5.459608439166875
21 4.6006757305675885
22 5.509227936212927
23 5.301291914584495
24 4.858695843097212
25 5.073118283013949
26 4.639581254084325
27 5.8170945965119545
28 5.740004833661845
29 5.558036075000283
30 4.6895637873230855
31 5.112616949618153
32 5.0715650904938006
33 5.551172554246207
34 4.955542794088116
35 5.09575685046939
36 5.135689556456781
37 5.228618713454126
38 5.204086195104115
39 4.714552568040523
40 4.7984369668763875
41 5.393345672860597
42 4.884685218193229
43 5.471845072187282
44 4.961991524922074
45 5.093522753119516
46 4.733338256684444
47 4.899068067122952
48 4.389667277845203
49 5.03925890994061
50 5.026623430941218
51 5.18333205165615
52 5.483349099106351
53 4.9039415909823925
54 4.948234125659913
55 4.9794673322738765
56 5.303572290980256
57 5.423114565124812
58 5.647387304477724
59 4.922637311489437
60 5.361114129531424
61 4.4208499855234775
62 5.334772406209433
63 5.063241356779905
64 4.624637098355212
65 5.275741373287502
66 5.377426125350442
67 5.082279080975512
68 5.197629938250134
69 4.373757916029984
70 5.176902438448861
71 5.2429836420198015
72 5.959687973836422
73 5.130969574115227
74 5.5887475031419
75 5.573615190344662
76 5.149513349921427
77 4.786623309989398
78 5.5799051696419895
79 4.993099828111952
80 4.843139919381747
81 4.991731328874698
82 5.598214671416964
83 5.436063465787328
84 4.984736197284407
85 5.206125692684526
86 5.390137446831898
87 5.053759545291399
88 5.441706894742868
89 4.723284059415168
90 5.397003788210413
91 5.5885173384301785
92 4.7594909580150695
93 5.021384798651486
94 4.942749116515955
95 5.014585806252601
96 5.7671126914565365
97 4.963038942291028
98 4.529678527697028
99 4.944169885904718
100 5.144218102655127
101 5.580061868331837
102 5.708813662461211
103 4.90394411477482
104 5.242087746363258
105 4.901953417928942
106 4.694409359164713
107 5.191592214916902
108 4.882173137862616
109 5.225425677285798
110 5.4753819229112715
111 5.402177391001534
112 5.4196055691250224
113 5.819127237181859
114 5.573401213119565
115 5.375058474926248
116 5.29149102522496
117 4.580852020350494
118 5.221837609474851
119 5.558764281095899
120 5.326027645924278
121 5.399168813222655
122 5.43785087757134
123 5.168660994269591
124 4.7618320508409875
125 4.878151295375241
126 5.15401037232617
127 5.254604930966004
128 5.222067123702138
129 4.840117968034365
130 4.921467679828142
131 5.48040700367826
132 5.627621234122505
133 5.37718945727442
134 5.01879164128782
135 4.947657958933056
136 4.855311262218034
137 5.396040422354945
138 5.653320779131498
139 5.324595174984546
140 5.008702737222787
141 5.069885368579622
142 5.719595898853094
143 5.487917089184007
144 5.5226718191976625
145 5.290522083724097
146 5.198582932804708
147 4.819049877281279
148 5.3954812870571
149 5.540708561734551
150 5.268392163471366
151 5.195662967954854
152 5.084564878569736
153 5.343857477752007
154 5.615575464351319
155 5.230136657570087
156 5.50196108014539
157 4.6127562128309885
158 5.243290037601876
159 5.257727890767324
160 5.507956914063218
161 5.2506099806452955
162 5.55066876796378
163 5.088570895347062
164 5.294021492668353
165 5.131360501151705
166 5.344571535359495
167 5.906721365825515
168 5.185029712688477
169 5.151929829707544
170 5.07541938458269
171 5.1976354102896645
172 4.746559725791777
173 5.661985173512257
174 4.612635298153151
175 5.854979410654858
176 4.9071197097404875
177 4.795964377806318
178 5.340123505146128
179 4.95654686743957
180 5.180044667486422
181 5.35344380413893
182 4.6950282671830905
183 4.81759440609332
184 5.307330336803915
185 5.2038864510351575
186 5.632459765362925
187 5.26059236815734
188 5.108245257440065
189 5.740966690992165
190 4.910132355639702
191 5.107245273605499
192 5.217789072027417
193 5.619385951674426
194 5.062820588094138
195 5.248765579090179
196 5.292099127652035
197 5.779872238416275
198 5.293878362804161
199 5.351001516746256
200 5.197242562989996
201 5.790365093550564
202 4.986506734102808
203 4.757987022733011
204 5.2294582251604185
205 5.119481691790259
206 4.034293486333986
207 5.161897407303497
208 4.985263848004029
209 5.042710172355269
210 5.024520705387738
211 5.315614589858983
212 5.413976842553394
213 5.4029357789792805
214 5.659376472530783
215 5.480055205704151
216 5.004539620364946
217 5.077045417084885
218 5.640644585374227
219 5.0919019665458904
220 5.078400857038219
221 5.0169552338763035
222 5.509979220416976
223 5.243060800683141
224 5.082030985656265
225 4.960071154017909
226 4.929180205758078
227 4.975656633756346
228 5.422716517190409
229 5.157133977380496
230 5.335396361083377
231 4.954765184856187
232 5.847925082992675
233 5.349681342546218
234 5.318752901582179
235 4.94130942025465
236 5.159838167660611
237 5.221615674863663
238 5.286725937432984
239 5.064274758958689
240 5.105175123465304
241 5.506115665953654
242 5.411076854412182
243 5.173550732702521
244 4.859060572230107
245 5.230314786806901
246 5.065745110990817
247 5.154703978568528
248 5.2369760731156765
249 5.101390277883905
250 5.403286269152508
251 4.840630000308184
252 5.224541379745775
253 5.536642928647529
254 4.840081982158162
255 5.463476827919603
256 5.425624054349881
257 5.400982513718953
258 5.768481259803537
259 5.403337725498982
260 4.900419084024626
261 5.41162477344977
262 5.195591079899813
263 4.854480328213681
264 5.459068667383693
265 5.550313716097474
266 4.967553512586545
267 5.567291189276652
268 5.02315167754587
269 5.926573804578362
270 5.32064015924271
271 5.014739663349831
272 4.850637494946991
273 5.381654834139171
274 5.251385116291442
275 5.789166895808032
276 4.965220789632043
277 5.353220775356358
278 5.504398650993968
279 4.996958783104674
280 5.661833479138423
281 5.359359249389391
282 5.550020249191957
283 5.330539573521001
284 5.322993606535645
285 5.163004282387498
286 5.446070504819956
287 5.088498702564563
288 5.803793829586185
289 4.905903920379958
290 5.484086857411401
291 5.189241483593147
292 5.274301810821229
293 5.451090757678278
294 5.534284506642244
295 5.581170120066114
296 5.1237974417437675
297 5.002079868155217
298 5.467346582452265
299 5.182624833482317
300 5.498043671658513
301 4.632587431092877
302 5.371837646368043
303 5.023037925414015
304 4.938850264384386
305 5.189389918317185
306 5.042641012473331
307 5.655932659695903
308 5.513479830083743
309 5.352586243217082
310 4.402163728939368
311 5.079405015595424
312 4.69314227447466
313 5.089843264287395
314 5.3272146701656675
315 5.6922935311013765
316 4.912383736067769
317 5.485626164720389
318 5.587440352965297
319 5.510893332307007
320 5.148034285257076
321 4.8829786690056105
322 4.614852923550301
323 5.634850777194067
324 5.602142094119303
325 5.415710961975902
326 5.377467813558695
327 4.8286117142431895
328 5.4225267593798145
329 4.965353274645848
330 4.898004089991091
331 4.952648003027419
332 5.6521865922887935
333 5.111512573697621
334 5.759131155792359
335 5.638209027517871
336 5.571317045818268
337 5.569368527078097
338 5.532784744428003
339 4.891675019658483
340 5.575584990927952
341 5.975404407103547
342 4.92045989823237
343 5.807786658813956
344 4.598410321964334
345 5.209451126050094
346 5.029568272194633
347 5.440985854096025
348 4.620509447408726
349 5.216517984594737
350 5.028872813894122
351 4.709762144967898
352 4.90856762482359
353 5.406276224063585
354 5.494775737725757
355 5.82431893384227
356 5.257200774120396
357 5.1808064500194755
358 5.295562495758053
359 5.168052575029256
360 5.398172748590511
361 4.871966427027876
362 5.39477027883312
363 5.523418601445466
364 5.110691332848413
365 4.67605075793998
366 5.79692285382514
367 5.041064838830659
368 5.431290945608498
369 5.351711287756969
370 5.081996887572247
371 5.355727002006986
372 4.904532433613877
373 4.892476382753636
374 5.427783181191271
375 4.7747170550045945
376 5.229192482742768
377 4.968571313786844
378 5.195732936960495
379 5.297303644745382
380 5.6354121631821465
381 5.318350711856765
382 5.528620063739682
383 4.994523242052148
384 5.37785905437922
385 5.483396781486817
386 5.460508211762161
387 5.529409853986932
388 5.134962145322658
389 4.933282240913391
390 4.788774509134705
391 5.548292233077529
392 5.169216596424393
393 5.290403410852184
394 4.873439651351526
395 5.490137682224105
396 4.811961307945639
397 5.549587297435229
398 4.71069110252932
399 4.785697538857512
400 5.659698990821218
401 5.102076747482733
402 5.621747987167496
403 5.602974802085903
404 4.923401926659524
405 4.636841897022183
406 5.427718270018469
407 5.609293103158
408 5.321088663730734
409 5.602317970402831
410 6.13787146175026
411 4.969483575639374
412 5.287452137246663
413 4.799217293193665
414 5.331988115051614
415 5.309013618135974
416 5.912539794841106
417 5.231681597021139
418 5.577935303969427
419 5.278907290013453
420 5.375057001297466
421 4.872049439638083
422 5.708719422608372
423 5.335600713407558
424 5.282071027556278
425 5.059263947010448
426 5.141529048625117
427 5.366177422964374
428 5.172673376944589
429 4.861553842024203
430 5.190216472643288
431 5.210363062525234
432 5.589322527373181
433 4.697169548718864
434 5.510963143618347
435 5.400303425118345
436 5.4416423141325225
437 5.455208560464443
438 5.2112641870645025
439 5.201949566064363
440 5.528311971845155
441 4.927361450826383
442 5.220809558838079
443 5.153093453013355
444 5.516569230538006
445 4.925433297385499
446 5.389288782897653
447 4.698658023411211
448 5.247543382588979
449 4.978216445693821
450 4.997646281067458
451 5.35440799167679
452 5.182456208493481
453 5.217600903814619
454 5.858440432533015
455 4.979871393350882
456 5.940124565408293
457 5.001576706277889
458 5.876081399488184
459 5.392871486399751
460 5.5229248296944835
461 5.6332009103194585
462 5.1215479564453315
463 5.233207584676271
464 5.261774802689312
465 5.144878296674898
466 5.206322542623989
467 5.343999035131487
468 5.0676643725672
469 5.708545151528328
470 5.074037635399204
471 5.477360497058267
472 4.894447564729955
473 5.095172596627857
474 5.017556816536922
475 5.234170163850381
476 5.368963146146888
477 5.494466989832294
478 5.384283565839
479 5.160265252967022
480 5.206187817647651
481 5.667564945914562
482 4.877974704411813
483 4.910184342571296
484 5.161127062837622
485 5.150162664901874
486 5.492099841464134
487 4.553924825261694
488 4.4335934649523425
489 5.070464960480143
490 4.563612067330412
491 5.212648753233711
492 5.495940607722077
493 5.186402806074491
494 5.108567303827721
495 5.266790158402335
496 5.26720222391864
497 5.191091582828568
498 5.594998043636051
499 5.1687565506386335
500 5.541519846338233
501 5.13160434288975
502 5.741617161726575
503 5.235024639677931
504 5.410614603637098
505 4.821420707289623
506 5.4627090553076565
507 5.639372826869056
508 4.753823911968161
509 5.450631246678214
510 4.495206397752101
511 5.3539640983320025
512 5.0456806280769815
513 4.933059262661918
514 4.418633857825467
515 6.106752377412881
516 4.825590796602524
517 4.817869035553168
518 5.143897084428217
519 4.913900116684896
520 4.884315841179709
521 5.307344623769338
522 5.3624550706900855
523 5.90718818077931
524 5.461240587295718
525 4.889081139513727
526 5.718237370826902
527 5.442511589354083
528 5.2945810572155745
529 5.338226198316264
530 5.008844400232306
531 5.003077927247523
532 4.809309616610151
533 5.11094318446995
534 5.111167744316143
535 5.265557058351051
536 5.106634189051214
537 4.94173329835912
538 4.655331763747218
539 5.6476832026577455
540 5.117756430188067
541 5.517064234880516
542 5.6777322542636774
543 5.9284358841532026
544 5.2314900900920644
545 5.788343531402948
546 5.5704549095279114
547 5.211894860115847
548 5.230793585239654
549 5.394872692566435
550 5.477150881101234
551 5.150113584250413
552 5.338369224523385
553 5.314111425493935
554 5.195849611833228
555 5.200794376712924
556 5.267377966678864
557 5.576302131251427
558 5.272916978526051
559 5.07012817076299
560 4.855151884520224
561 5.574801353746632
562 5.539107161374698
563 5.261460148176368
564 5.063333390037117
565 5.063672349226039
566 5.490200197265211
567 5.328014463651109
568 5.336179603558406
569 5.166481652132458
570 5.652391152595953
571 5.349550821371243
572 5.1629248706870134
573 5.158651023556451
574 4.868851535408169
575 5.346072948531602
576 6.076698332578521
577 5.860226179521074
578 4.97014112481432
579 4.995854357223008
580 5.106277940871156
581 5.021543215232672
582 5.44152777767882
583 5.449101681002884
584 4.926981631502967
585 5.6468387980620465
586 5.686977773384187
587 5.408504284627814
588 5.043751053925392
589 4.9839204820926915
590 5.277092566785295
591 4.443740964522647
592 5.298213749057826
593 4.886833809601196
594 4.85715694768971
595 4.761358177627921
596 5.61028576103772
597 5.309283693064422
598 5.328729063030644
599 5.129052343859619
600 5.507190233169087
601 5.118698210580079
602 5.06312360997216
603 5.336930838770136
604 5.070527653677524
605 4.63914550117011
606 5.580861260169398
607 5.1399383803760825
608 4.8043485691967565
609 6.0305209603334236
610 5.167092930630721
611 5.354677188738564
612 5.431021150681549
613 5.3792524252550225
614 5.256524859524232
615 5.335261904349302
616 5.4011354655754085
617 4.944958721918248
618 4.993591894996661
619 5.543345827140154
620 5.078039212820755
621 5.251633387923943
622 4.954975327803955
623 5.637897827971669
624 5.7328529284407574
625 4.990447693323051
626 4.620278456158773
627 4.999609403196503
628 5.697939115033109
629 5.149342403879294
630 5.005968569535575
631 5.1095495034607135
632 5.373813395679245
633 4.983992205428952
634 4.510041549439744
635 5.6698323132222415
636 5.023956686476607
637 5.644315902486621
638 5.39705151377932
639 4.877489563854205
640 5.087745509493132
641 4.970890145587548
642 5.68718664476711
643 5.172723748527372
644 4.926750587236046
645 4.799905166570002
646 5.008613303974534
647 5.33428111865751
648 5.327000072044578
649 5.262291282939786
650 5.110260360198794
651 5.256867802071606
652 5.24757078640733
653 5.262266702387692
654 5.1078523532897275
655 4.9294406197719365
656 5.4597469326358885
657 5.3086570827826325
658 5.560964172112404
659 5.711983790543404
660 5.426731055539214
661 5.997711018137589
662 5.60601918356741
663 5.967429105876715
664 5.832502092424884
665 4.99449450350129
666 5.3850511643843015
667 5.787871034838519
668 5.672558190051727
669 5.135978982671675
670 5.580091338033181
671 4.522947154051053
672 5.394060712507019
673 5.198488555445255
674 5.16705386225418
675 5.136745129161859
676 4.976484868918687
677 5.018024403077155
678 5.371256955494037
679 4.816115154739805
680 5.2676859102924745
681 4.80522065560375
682 5.076814872331706
683 5.668750665841532
684 5.474612911947816
685 5.178072454786737
686 5.309372906747482
687 5.084574016691591
688 5.215946474680007
689 5.084022522573653
690 5.251718889415
691 5.017616463061488
692 5.639018120958692
693 5.173877040212425
694 5.191753994204051
695 5.025865276290318
696 5.2903791134880365
697 4.611687797380573
698 5.282443998494417
699 5.653155186418527
700 4.942722533627813
701 5.512047562465754
702 4.771701439546746
703 5.743672488591866
704 4.847000771533102
705 5.419465154410912
706 5.1213058282428285
707 4.847562744146962
708 5.451627838099543
709 5.306862408295832
710 4.962978831269838
711 5.0363380502650275
712 5.299433874838235
713 4.902073446981199
714 5.678050722274577
715 5.500306163994184
716 4.920577516229031
717 5.724457489004613
718 5.361904580733165
719 4.947202492836614
720 4.789982384914559
721 5.1393888659908376
722 5.007637733003988
723 5.193070047390886
724 5.252736881400687
725 5.254539322014508
726 4.965750981143396
727 5.626121419854744
728 5.321318157516302
729 5.229426063268426
730 5.4564510615889095
731 5.458785570693517
732 5.408312031489927
733 4.767703150173426
734 5.7210801691131365
735 4.711786248420828
736 5.3955363662616325
737 5.281500668512728
738 5.445833906051963
739 5.057754069293159
740 5.888427575902134
741 4.826788989020365
742 5.122729153945186
743 5.453551560149959
744 5.714787433524
745 5.333520888543124
746 4.93596213503448
747 5.204936350202685
748 4.7237204315905075
749 5.700561809496498
750 5.3350762797449045
751 5.371321780250871
752 4.621484910346419
753 5.628349350075485
754 5.296769525562065
755 4.906657967529494
756 4.917678741233606
757 5.7972441147473415
758 5.719129004911121
759 5.364888716076348
760 5.376423451885222
761 5.675930114019253
762 5.179169215661585
763 5.169205283452952
764 5.1679075958840155
765 4.831299117616652
766 5.108828138680806
767 5.028494571502424
768 5.196190077065855
769 5.823104809844718
770 5.555973788173409
771 5.423896572982099
772 5.352173574923513
773 4.831838090382979
774 5.5046900724676
775 5.108887401897346
776 5.69687158925275
777 4.93474425611645
778 4.914334093388234
779 4.5867611048963
780 5.730698880229446
781 5.390185946989367
782 4.833540439809697
783 6.16359669460001
784 5.2254078714492325
785 5.661878640455908
786 5.061337820677109
787 5.116111285730622
788 5.433822435940775
789 5.632806432533113
790 4.996693369637599
791 5.076770180724918
792 4.936950549763854
793 4.912130065968295
794 5.06311773227005
795 5.382616313477321
796 5.029728570316455
797 5.2117669950904535
798 5.751358535038186
799 4.761703993627594
800 5.528090274046238
801 5.722649303754587
802 5.047565441317981
803 5.195123822055153
804 5.924258165850899
805 5.252637562133877
806 5.800691061473558
807 4.777334786697206
808 4.8037733680368415
809 5.187480180696502
810 5.171587435962784
811 5.471190508819901
812 5.225012318147538
813 5.47202303550031
814 5.04992079620025
815 5.327610598646526
816 5.267095247047381
817 5.178660101157448
818 5.507742660327174
819 5.488801610941054
820 5.467074066317577
821 5.553973500842658
822 4.599708085002955
823 5.696848916577161
824 5.367137564230683
825 5.322106991354261
826 5.696788592790039
827 4.95981588162967
828 4.68040551433631
829 5.118410739462924
830 5.183816096675214
831 5.288071143119927
832 5.14082000350062
833 5.144434445398912
834 4.883601847176966
835 4.986550786925032
836 5.700771435860438
837 5.401904380321585
838 5.4444520660585125
839 5.639101094412772
840 5.253630968317492
841 5.154580284834948
842 5.688796738747219
843 5.110817851192466
844 5.3741513641157965
845 5.248812205445303
846 5.351834844786685
847 4.744668396432076
848 4.6168958416731325
849 5.494466158330026
850 5.602053241093871
851 5.633352849789244
852 5.190765601475034
853 5.72519164362732
854 5.184727612863934
855 5.256770270334111
856 5.354145174523776
857 5.1578132768793035
858 5.2998844074074825
859 5.198822984095495
860 4.709201606105775
861 5.954653430821706
862 5.499693852102938
863 5.40210918884756
864 5.080331380243965
865 5.395458099781092
866 5.412309563724549
867 5.253370846604605
868 5.710104502649013
869 5.210175340562878
870 5.095840391811688
871 5.25842487625935
872 4.604278025493302
873 5.134453816462563
874 5.157314202480015
875 5.589810537289424
876 5.176963416637861
877 5.467299221959304
878 5.0741644611767045
879 5.020806204112731
880 4.91666872223119
881 5.488376158788532
882 5.098494630187568
883 5.268998376857423
884 5.321758529509545
885 5.417711952282647
886 4.964401340220697
887 5.174766578852734
888 4.8715485676529156
889 5.346047111079158
890 5.393617142967983
891 5.561139856438951
892 4.914642323321083
893 5.610099101514476
894 5.286401028461979
895 5.791391986144913
896 5.418837290163037
897 5.3652886777969515
898 5.086647477842431
899 5.302429474186411
900 5.635211360873204
901 6.076290699340228
902 4.09916826513704
903 5.252623632635248
904 5.490036454213624
905 5.159947583759333
906 4.88196559101119
907 5.527276649900322
908 5.28285144358658
909 5.008430433284838
910 4.829153663374313
911 5.467993960054324
912 6.0461758122237645
913 5.459572678910095
914 5.707344611000834
915 5.459302052947454
916 5.779412336123316
917 4.976500150964331
918 4.553534071345657
919 5.678177145661356
920 5.140646561000619
921 5.019668056341424
922 5.361553095537
923 4.994518544762748
924 4.976690815582446
925 5.173673617861093
926 5.034784232790587
927 5.263650021723755
928 4.621310460933033
929 5.325123098042907
930 4.46156862368635
931 5.773505741367132
932 5.162476783524208
933 5.311473288738819
934 5.33063238480673
935 5.146885408298868
936 5.110554059478667
937 5.251073697095333
938 5.029252822909976
939 4.963144600721244
940 5.37425716472441
941 4.979535676969385
942 5.037459329056947
943 5.368161983990978
944 5.344469779032605
945 5.148307577473007
946 5.254746607754284
947 5.272804529008693
948 5.097587758341517
949 4.95591341305698
950 5.522191335258062
951 5.3256603374313665
952 4.790817231897722
953 5.258697668493799
954 5.723402328610057
955 5.39040315785777
956 5.248947573130358
957 5.13671486691044
958 5.414799828533957
959 5.2464498148868035
960 5.571631823709611
961 5.032786570177328
962 5.139507812026838
963 5.267842866737243
964 5.373312217760921
965 5.133731914303329
966 4.59399454980598
967 5.50319550104196
968 4.56526613395427
969 5.129803392579874
970 4.9715549024822385
971 4.932530936977528
972 5.563190156421594
973 5.0486663874788675
974 5.1925193457604735
975 5.105086804883288
976 4.954799597644222
977 5.8379135214859215
978 5.309060975844649
979 5.294217863230256
980 5.618207146747643
981 5.436629794903616
982 5.37371473866609
983 5.277885336653669
984 5.7151492030079725
985 5.346630317610418
986 4.82513466978083
987 4.844447157646324
988 4.972531884858178
989 5.388084167503906
990 5.333676559211049
991 5.504163298391683
992 5.533560534755463
993 5.52047756729169
994 4.761342038183257
995 4.916724992467431
996 5.2782760508991275
997 5.040891476221464
998 5.773440949618572
999 4.951251729054294
1000 5.462361496508108
