1 5.816316440683852
2 5.727774111031461
3 4.794736659383627
4 6.568612203823805
5 6.4130662191404575
6 5.338844663149879
7 5.432013164015968
8 6.5605005453252705
9 4.569961512442477
10 6.030284380088784
11 5.847427371572646
12 4.355939059145254
13 4.549193105173963
14 6.404859687620243
15 6.522744724968778
16 5.7168593373983345
17 6.25695523060673
18 6.505386914899845
19 6.473421370649467
20 6.626613071062807
21 5.029822943366606
22 7.478872297745059
23 5.37865456496559
24 4.298390303944957
25 4.948761900205119
26 4.9309263434556
27 5.282065236780064
28 6.583195325926243
29 6.246718628252735
30 5.5367547497047545
31 6.138556679777293
32 6.031044637621218
33 5.990709410024657
34 4.952114945249615
35 5.613412927446165
36 5.698885508781464
37 5.664425638621944
38 4.998739886978049
39 5.6509561686174905
40 5.703985888194839
41 4.238193967120612
42 5.092635881904799
43 4.890687452411582
44 5.883291870539045
45 6.231502414168804
46 6.446334633954892
47 7.651546778655086
48 5.581202127096304
49 6.5055970459939765
50 5.217616419647969
51 5.473344756173398
52 4.978313963330958
53 5.044984891541025
54 5.759105713313946
55 5.6703384459003905
56 4.819323890575285
57 4.676343813082607
58 5.449484653977017
59 5.008470308614978
60 5.983673184384921
61 5.427505931666392
62 5.287944261387178
63 3.882810756173872
64 5.5928407854860165
65 6.414729524690302
66 5.72373703032376
67 6.846140884090355
68 6.084243519553142
69 6.4869107365315894
70 6.571987190464662
71 5.685768623617773
72 5.905528238935486
73 5.0406650571803855
74 6.11825101469812
75 5.8948576894990286
76 6.04228638815148
77 5.077806653101203
78 5.574254781748709
79 5.288949878677098
80 5.613213817273395
81 6.247884297965255
82 5.773328145211074
83 5.13812379115128
84 4.988225545830471
85 5.419401949224389
86 5.0442861514822015
87 5.722843843227426
88 5.209865356330725
89 6.951889497020636
90 6.031747412359904
91 5.494767962872774
92 4.647730727430975
93 6.024272232595941
94 5.707377212519665
95 6.545068051330276
96 5.202618365245273
97 5.887918230250284
98 4.793686964835914
99 5.0453265603364486
100 4.923280295803251
101 5.24185077510197
102 7.35718535514204
103 5.622615112607427
104 5.361726300086708
105 5.714080953579155
106 5.5930602397205345
107 5.952826090424646
108 5.27363994590862
109 5.12408069994311
110 4.950114292547252
111 5.254626790312862
112 5.737874333865907
113 4.601133388593517
114 5.0007504902579365
115 5.683548392788569
116 5.397878488439119
117 4.559003602572078
118 6.669201568929264
119 6.110418043454041
120 5.701036706953671
121 7.058807109876211
122 7.5083238065377484
123 6.0598804684693315
124 5.530092635350976
125 7.15266155045414
126 6.160341486439693
127 5.407128645436541
128 6.207445631276677
129 5.697448653009002
130 5.365895513672954
131 5.324082512836645
132 5.715135232172713
133 6.383455510551148
134 6.135247331250553
135 4.472964366480356
136 6.212938175657569
137 4.7646608324239645
138 5.329715116946224
139 4.941092817654744
140 6.387135379411931
141 6.071503274188058
142 6.0928147403781665
143 5.266001699834683
144 5.8261961150909345
145 6.293470579312309
146 5.571639206232254
147 5.5516749652778365
148 5.475215413146501
149 4.891395639742594
150 5.453918488780544
151 4.858409918273505
152 4.672632905112622
153 5.31184935126614
154 5.893893168978103
155 6.3547073230834
156 6.286225278209689
157 5.693594391153455
158 6.094944253310604
159 4.931476636280101
160 4.2904772888842215
161 5.021248094754675
162 5.550512354276424
163 5.874987784535511
164 4.809782374259076
165 5.583120341410049
166 5.306936976239566
167 6.438422845310107
168 4.5322470269591335
169 7.381191283393597
170 5.886667981904691
171 5.954539591385587
172 4.790426174500219
173 6.317283167074746
174 5.424028962244176
175 5.297706494946225
176 5.450017200800796
177 5.747509547606472
178 5.433063823536408
179 5.572705504724946
180 5.667489051567661
181 6.110214315039984
182 5.366723831771979
183 4.925388393497508
184 6.011047289113152
185 6.959413859867986
186 6.841706207386704
187 5.711886609750551
188 6.259812491689523
189 5.00105462232844
190 6.365581159666652
191 5.846899429015141
192 5.475167058860723
193 5.92360981372613
194 5.2721627723116375
195 6.342492175093738
196 6.544494823309407
197 6.762035805231863
198 6.16210146044217
199 5.97081586175315
200 5.936744796623175
201 5.043113789849565
202 5.925605225008346
203 4.623820923366283
204 4.703569146422691
205 4.167644226645253
206 5.866104481876468
207 6.291286197926188
208 6.320561330573064
209 6.593464247641622
210 6.584705147100392
211 5.614384105186604
212 5.735749391024646
213 5.0642901343837785
214 4.689039747491128
215 6.106229618462283
216 6.7038663220771575
217 5.28964717239673
218 5.545878507303512
219 6.0397705277654055
220 4.580090305382759
221 6.181352039541467
222 5.1724295322066
223 5.670530992991611
224 5.272332616936706
225 5.527304232113395
226 5.338884792632885
227 5.671082967811546
228 5.593542688667775
229 4.387156964437353
230 4.238880133425723
231 6.709636665659868
232 5.336328617127164
233 5.250104885061957
234 5.261394768504171
235 5.300038087941655
236 6.166870819630179
237 4.787096680882368
238 4.510226849093802
239 5.538310748744263
240 6.495223426559916
241 5.3649993548526185
242 4.671370291096763
243 6.909338361563647
244 4.850163908454831
245 7.048169978252405
246 6.0707089487654455
247 6.395793156908938
248 5.434246985933703
249 4.701248589867355
250 5.398821001782564
251 5.113121864112706
252 5.743104116479075
253 6.106136323025052
254 4.691671779087635
255 7.2402768204371295
256 6.173667520149802
257 6.806478750346218
258 6.311328289032986
259 6.519727672339287
260 5.460260908690084
261 5.258548632922409
262 4.8629189585821715
263 5.363236655326603
264 6.805878117332814
265 5.839347556363583
266 4.6898448743634775
267 4.858178203061255
268 6.791246425677555
269 5.283539481474183
270 5.24087888448318
271 6.652760825755069
272 4.537891654510993
273 5.035284741301773
274 7.0345559696127555
275 6.737043371028115
276 5.819108244475002
277 6.16468091265798
278 5.790049124624755
279 5.21180012635807
280 5.1981379343376615
281 6.620510720983738
282 5.850567367354538
283 6.6021220428255765
284 6.010551592026112
285 5.551541447607621
286 6.505233428470154
287 5.0866527857835715
288 5.3531619150048835
289 6.049923262225296
290 5.608515164281823
291 5.852569941785259
292 5.528309261999445
293 5.2074756721617375
294 5.2634512278230545
295 3.7578552155975227
296 4.908074185456446
297 5.628823971338679
298 5.1807393768268675
299 5.837822886052741
300 4.972643620274696
301 5.519088846827568
302 6.104005773034897
303 6.798569138332477
304 5.558534117123654
305 5.989863274312418
306 4.609777609318673
307 5.694338856829671
308 5.031716044269406
309 5.501044645897312
310 4.880593653960184
311 5.826144168536664
312 4.599347665494555
313 4.374941616118105
314 5.277993093731599
315 5.748480484890116
316 5.343844668469726
317 5.580300928958196
318 6.9479045780381785
319 4.990095754487876
320 5.447478293552959
321 5.289737794816281
322 6.10096508102002
323 5.784138324693979
324 5.927353621346664
325 6.263739459196203
326 5.388699503695407
327 5.377472882556157
328 6.630174067137753
329 5.009562785150855
330 6.177088151541178
331 4.895202923219837
332 5.097202692848768
333 4.615078701131634
334 4.844945690650692
335 5.673216868584466
336 5.695689215033981
337 4.961891422568982
338 6.805935462241081
339 5.336695923769729
340 6.206316457271935
341 5.817392949959201
342 4.871328427261401
343 5.970823961416504
344 5.075132825910777
345 5.220762265287959
346 5.157412951638902
347 4.870662422585076
348 4.112655892443157
349 6.013417558491252
350 6.570008795395231
351 5.6104020842728834
352 7.325935969597156
353 4.921681034979939
354 6.159086465846823
355 5.975802486939826
356 4.14938680518685
357 4.955333659375339
358 5.803049834047163
359 5.388085869566171
360 5.897783479130769
361 5.750931148956314
362 5.908655784615428
363 6.8654019721499076
364 5.497560320248076
365 6.102563291683731
366 5.157515460052682
367 6.3215717761095105
368 6.488267019500601
369 6.069820682561008
370 5.265946113789259
371 6.082412034037621
372 6.787284547573949
373 6.953427185066979
374 6.906874590759509
375 7.999027082540117
376 5.167666745396182
377 4.734853740802218
378 6.208377614276036
379 6.043321976039951
380 4.836323812722364
381 7.097255301251879
382 6.326580335152388
383 5.471411831722336
384 5.229678161905305
385 4.891492050814781
386 5.12289499466937
387 5.330750014488651
388 5.290148128876448
389 5.795648899767261
390 6.889017504706386
391 5.918724632821974
392 4.322337957118725
393 6.345923974265303
394 6.11230669305545
395 5.508949353268988
396 5.522269360469564
397 6.77600784112254
398 6.555236165906227
399 5.4504976216100465
400 6.593932020403951
401 4.228511177696456
402 5.92847890253868
403 6.340280969446772
404 4.942885742685174
405 4.955732321982044
406 6.170969150067951
407 5.469459402046576
408 4.604192550199465
409 7.1323530067987395
410 5.821352942832985
411 6.835777869382744
412 5.75272650485217
413 5.152137971922342
414 4.149695483006655
415 5.486755062998985
416 4.309916369365357
417 5.621772114344582
418 5.51894550771287
419 5.206695958044686
420 5.182609108439566
421 6.6648691954856805
422 6.1467554494325665
423 5.55936779660064
424 4.630148750971742
425 5.791066517278218
426 5.403041475647384
427 6.511333772108787
428 6.308483893370009
429 5.407960150925631
430 5.079808061101284
431 5.447664254654975
432 5.420260891615429
433 5.920394776431856
434 5.168463983166089
435 5.193584488246432
436 5.435683828036831
437 5.315810742685833
438 4.883306630236009
439 6.497231995142519
440 6.106858791890014
441 4.939367972244109
442 4.796628469265373
443 5.091345936348263
444 5.863800300259222
445 5.172762965509857
446 6.00027901342652
447 5.266259292975283
448 5.664050784282483
449 6.16750581945374
450 4.664095311475437
451 5.616540054192984
452 5.8287473195754504
453 5.6424187805152535
454 4.568870598799566
455 5.0274906532152634
456 4.846948352351599
457 6.267278932788755
458 6.2037776593009655
459 6.372785159186841
460 7.423842555756473
461 7.737397309293422
462 5.706487262194434
463 7.00321770560527
464 6.455281551527214
465 5.487682121189112
466 5.545118968668143
467 4.9768599540365015
468 5.449458420938157
469 5.5316520407924905
470 6.431902978171297
471 5.9801155664468455
472 5.041098376413391
473 6.381719915825616
474 5.951632735512366
475 4.868047545439849
476 4.524623149803326
477 4.918677091683974
478 5.4947675780966385
479 5.904661605490196
480 5.968104070099739
481 6.3505941572029165
482 4.7669143820503646
483 6.128712208067542
484 5.708522390301739
485 5.618421824545465
486 4.974189558910367
487 6.358645595286487
488 5.205834966004486
489 4.719952626142303
490 6.017094056223851
491 4.325447183337083
492 4.600226233667481
493 5.54166033824033
494 4.893883552270226
495 5.087169423326209
496 7.117041370645925
497 4.871639278916419
498 5.402495318698149
499 5.452586259145825
500 4.741869554903926
501 5.0434865547582595
502 5.457280096164572
503 5.456688121349425
504 4.880381028524639
505 5.011690903950312
506 6.193800315598257
507 5.7268363584790904
508 5.207929983336807
509 6.018396640921735
510 5.888967471321889
511 5.6127475868427
512 4.764461240628944
513 5.751604415485465
514 6.383823349455542
515 4.937219121973817
516 6.816368355219189
517 5.582004894482382
518 5.958518325716264
519 6.230243349798177
520 5.548022011085839
521 4.687683164000538
522 4.7801796736940645
523 5.103580213759816
524 5.809375673984351
525 5.605868435936649
526 6.749993959642058
527 5.923493433905088
528 6.1616125770768475
529 5.41158168774427
530 6.77550431225144
531 5.080738924745771
532 6.213244377374343
533 6.935579175263682
534 6.158397722268146
535 6.0029226916056215
536 4.237489650858171
537 5.921709579004311
538 5.587364447948158
539 5.888731677034051
540 5.528359402676448
541 5.360928513322816
542 6.240086369302868
543 4.229783428850251
544 4.967286200943188
545 5.197080007659979
546 6.162152625218981
547 3.914397873202379
548 5.934566871021566
549 5.703661150794112
550 6.132903186226901
551 6.003950877953746
552 6.551097324675741
553 5.270598260835388
554 5.255634897709965
555 4.97916323637271
556 5.239749507494024
557 7.020799695212404
558 6.010589324198605
559 4.804194105856219
560 6.149109907944599
561 5.597204332851004
562 5.1810300873385895
563 4.234666977459321
564 5.98682498631019
565 5.669761133258261
566 4.999305567529634
567 5.27169361092228
568 5.393831704541636
569 4.769316525033737
570 5.253773844910309
571 6.190779715942896
572 6.28630508496082
573 5.456864167840882
574 6.609899350178438
575 4.725521175149336
576 5.567323761284203
577 5.455849595948378
578 6.099606461759179
579 7.149653744254357
580 5.187124546607525
581 6.375827083315998
582 6.298943840609432
583 6.457382855759148
584 5.6800530814561805
585 5.736616291514498
586 6.085691906746479
587 6.3025593572540295
588 5.195888274592963
589 4.547597617864954
590 4.51256545643085
591 4.430024578330271
592 5.348691773857866
593 6.5853406584600895
594 4.929522922609601
595 4.384189439161194
596 6.121632512467523
597 3.9124461135035036
598 5.143449885936692
599 5.48905830831188
600 5.018740476905294
601 5.479765107875647
602 5.200440454296694
603 6.5963901318375795
604 4.855741306517035
605 4.294176085403108
606 6.854462514726433
607 4.622958128657114
608 5.213158171863852
609 6.162678234688615
610 6.199206308853543
611 4.415362318513051
612 6.214190094813127
613 4.918339295211533
614 5.787044822981196
615 4.839393383619717
616 6.3377474901656505
617 6.245610059857355
618 5.4064281877124305
619 6.270886182177671
620 7.288915913949409
621 4.8287814109548215
622 5.835023129644347
623 5.643095366862707
624 6.392064709282563
625 5.642961662818334
626 4.267068606146433
627 4.998382075614879
628 5.131242802482209
629 5.14542899010185
630 5.267215420899974
631 5.120088195251334
632 5.988713768067507
633 6.265444447365638
634 6.073975137128614
635 6.416560698291451
636 5.063957920746853
637 5.048639226957427
638 5.783921597351544
639 5.8705323126980895
640 6.058915897154468
641 5.642458229902905
642 6.660665938911984
643 7.009519748050687
644 5.404763722437596
645 4.270093313751502
646 5.919111266496126
647 5.055004412792421
648 5.231457362558595
649 6.470832889746305
650 5.873254029417971
651 5.500117732690516
652 6.372195195097371
653 5.3744148615687655
654 5.584440366792575
655 4.769519057751398
656 6.400995775734686
657 4.776654766295003
658 7.237347772172966
659 4.606486118865163
660 4.251538601780667
661 7.407139198769022
662 5.394035153364741
663 5.14315849802346
664 6.4504098702664985
665 5.227625445840138
666 4.720933776782346
667 5.096594333858713
668 5.270061396216163
669 4.855191358800697
670 4.805550537258995
671 5.8093453264836405
672 4.378053702960455
673 5.228881464017125
674 6.10869528161868
675 6.106645718807813
676 5.68864048069051
677 4.463393526337002
678 6.104505802541736
679 6.568850206195948
680 7.171432424515159
681 6.624178639074692
682 6.108558291895934
683 6.561845178779514
684 4.837091739695848
685 5.5814704805662405
686 5.300415432999626
687 4.937697747629012
688 6.224055871688535
689 6.629669089857869
690 5.398901789801637
691 6.8092625488959415
692 3.6559777744645765
693 5.258377216120172
694 7.255066060803183
695 6.396180500162648
696 5.400550542713712
697 5.814452565643222
698 4.919384785145837
699 5.381074210034657
700 6.181060692990208
701 5.762225749145972
702 5.622741558441481
703 5.360335818394674
704 5.855643535746737
705 6.29078201440966
706 5.006779882766173
707 6.467794812844634
708 5.909828119743883
709 5.754245096467256
710 5.27591885125716
711 6.121948204722298
712 5.968030687194792
713 4.586939172529588
714 5.2970369050306605
715 5.419972014090864
716 5.364501885963154
717 5.026332790060236
718 5.973347720296923
719 4.510834537146231
720 5.712848803023998
721 4.901129183160506
722 5.87248478145033
723 4.499486206034876
724 5.173000269684845
725 6.00621832601809
726 3.351196808411954
727 5.092584717638128
728 4.857019284584048
729 6.287034941346426
730 6.420420591358206
731 6.122701324186994
732 4.650818522734025
733 5.222827252274152
734 6.057727256519563
735 5.562636574076772
736 6.345314793921375
737 5.544270978503225
738 5.741908535109348
739 4.967823596520864
740 6.036584387284055
741 5.535796959968381
742 6.89084993766254
743 5.212554026288192
744 5.744973598148707
745 4.40310124449728
746 4.588200865883222
747 5.9000592186664145
748 5.501303175748493
749 6.5151033253425386
750 5.815834121515597
751 6.431452809711693
752 5.619688662580343
753 5.979529925105246
754 5.098082149566173
755 5.362223898673457
756 5.455049499043065
757 6.0685509238135955
758 6.314598516981947
759 7.690706753192762
760 5.89958053426472
761 5.589980204086405
762 5.004506520932735
763 5.472199166598821
764 6.0057347208568
765 5.520863098308318
766 5.2226544032713695
767 4.575124954322042
768 4.842548365624856
769 4.960472715608473
770 5.811021782747499
771 4.503044772982246
772 6.304212948574244
773 5.933088970197479
774 5.8318718299360635
775 6.354310681308714
776 5.159201784013504
777 4.962464629081238
778 5.0154007319030995
779 5.444703298181568
780 6.2733352906102535
781 4.966435991130684
782 5.614274500380441
783 6.086560557164595
784 6.499836627053355
785 5.463068964899346
786 5.199138536642997
787 5.643094698014141
788 5.793906709722065
789 5.623866798784217
790 5.630430095023047
791 5.522660404454339
792 6.046827080980566
793 6.285263273063135
794 4.529410739164593
795 5.013729698123855
796 5.872587641529061
797 6.6498908749440595
798 6.457548386718907
799 4.57514225361956
800 7.9726541993457545
801 6.170343808364893
802 5.945843627926357
803 4.956304162655198
804 4.5521328819199205
805 5.875078554708543
806 5.737208675242719
807 4.941303334461551
808 5.720821152623004
809 5.930503091465576
810 4.56382454437091
811 5.098981277712268
812 5.676353004433861
813 5.882593378312241
814 6.519186554227748
815 4.520801333486998
816 3.9663918971882577
817 4.595654541973049
818 5.359121038339062
819 5.746716086898783
820 4.768967007909979
821 4.946235211263784
822 5.681414152148132
823 4.8230594467042085
824 6.650243290297211
825 6.425334495921373
826 4.797663165378591
827 5.011887928381761
828 4.250299326506363
829 5.31890904142465
830 5.535184943288366
831 4.662583193842695
832 4.941762637676104
833 5.331920206167252
834 6.766277787730254
835 5.587359477479517
836 3.670302874901298
837 5.842830377514871
838 5.774470945147388
839 6.111380139839566
840 6.498603383608681
841 6.722962017549104
842 6.319673783558212
843 5.5609470369180585
844 4.720001297249986
845 5.373768710080712
846 5.114080266878486
847 4.394027327070085
848 5.94001639065101
849 4.042230403059997
850 5.773848005115594
851 5.689560878768897
852 6.165577001417039
853 5.0132950699249
854 5.14135912851192
855 5.502263892847874
856 4.686289259839004
857 6.758307694267105
858 5.546539900834342
859 6.198349861843208
860 4.932321167431721
861 5.690384436121768
862 5.859827190143328
863 6.577387410758302
864 5.947155458826188
865 5.261529906964331
866 6.411074257792295
867 5.287273352357871
868 5.65618897533773
869 5.160847889236011
870 4.970861309755384
871 5.705481349216686
872 5.85375151181407
873 6.000316700831255
874 6.688108697757009
875 6.422381872206388
876 4.742371282088217
877 5.1361481988225695
878 5.9684926696737275
879 6.13808413159255
880 5.504721027827438
881 6.172280706599735
882 4.9859557912098875
883 6.388230389660457
884 5.619964632899386
885 6.259722530737726
886 6.019810136902818
887 5.68038750023173
888 4.77314478236678
889 5.117512908785804
890 5.401843793874415
891 6.104311621957386
892 5.9201441290073795
893 5.585723462998707
894 5.731417414867857
895 4.7476893547850745
896 5.664084872733015
897 6.522226880824397
898 4.651523100578417
899 5.194488781506622
900 6.156532636821319
901 6.113928785343598
902 6.359851769730146
903 5.629828977614611
904 6.256545699789732
905 6.3545781806939
906 5.141426628749575
907 4.453751668623814
908 5.6488164392739
909 5.650150446262532
910 6.03511619807514
911 5.479813475324562
912 5.524385303007133
913 5.153260405289347
914 4.89438155236808
915 5.010385010569399
916 6.453552158245792
917 5.8800286338380054
918 6.121162721383071
919 4.952540182724096
920 5.575443152786058
921 4.756412069365011
922 5.139533949072906
923 6.6367598120057
924 6.3667332190621435
925 4.886321952974436
926 6.0621882712122375
927 4.8425152913178495
928 4.729420074679314
929 4.994744782964082
930 5.772069979057959
931 5.762726905708137
932 5.396384277909968
933 5.189003342752133
934 5.495239148497273
935 5.578165163863432
936 5.933921366677082
937 5.768702265428378
938 7.724216433529955
939 7.1542533220172
940 4.745174415390116
941 5.284658140474062
942 6.284033044089581
943 5.478643770950887
944 4.085798669456475
945 4.911877841799447
946 5.600883379809489
947 5.5800306573625935
948 6.341246898036108
949 5.3445242960331845
950 5.91226480073379
951 6.8133983627489645
952 4.666676098366562
953 5.7291789028047795
954 5.325024158410043
955 5.860637702969678
956 6.043430467904943
957 5.287274518945934
958 5.382941273330724
959 5.678998397420777
960 5.689944762376079
961 6.354827941291468
962 7.248879947577711
963 5.784940884247991
964 6.544447718245988
965 5.396688382098091
966 5.609198219076637
967 4.599478064869969
968 5.538132996514148
969 5.20215393005209
970 5.835281284489998
971 5.128248770411617
972 4.130054058904632
973 5.4469559885142305
974 5.152654546657131
975 5.747622185897171
976 6.281285707594899
977 5.804120507038341
978 4.859672620951659
979 6.909879775923603
980 4.671567472723445
981 6.1848550909797995
982 6.235624287683988
983 6.625046236333966
984 7.506896477645175
985 4.999963244012445
986 5.653840099582454
987 5.629722939364862
988 5.6731191512980415
989 5.128304351593123
990 5.850307967932157
991 5.438660293720327
992 5.961222664227137
993 5.788732631978439
994 6.319806652767187
995 5.581810329735553
996 6.065049410515683
997 5.151751132770508
998 4.813598508898657
999 4.973962048689499
1000 6.167821689655499
