1 -1.9017032605088766
2 -1.9017032605088766
3 -1.9017032605088766
4 -1.9017032605088766
5 -1.9035567044000357
6 -1.9035567044000357
7 -1.9035567044000357
8 -1.9035567044000357
9 -1.9035567044000357
10 -1.9035567044000357
11 -1.9035567044000357
12 -1.9035567044000357
13 -1.9120655781587241
14 -1.9120655781587241
15 -1.9120655781587241
16 -1.9120655781587241
17 -1.9120655781587241
18 -1.9120655781587241
19 -1.9120655781587241
20 -1.9120655781587241
21 -1.9120655781587241
22 -1.9120655781587241
23 -1.9120655781587241
24 -1.9120655781587241
25 -1.9120655781587241
26 -1.9120655781587241
27 -1.9120655781587241
28 -1.9120655781587241
29 -1.9120655781587241
30 -1.9120655781587241
31 -1.9120655781587241
32 -1.9120655781587241
33 -1.9120655781587241
34 -1.9120655781587241
35 -1.9120655781587241
36 -1.9120655781587241
37 -1.9120655781587241
38 -1.9120655781587241
39 -1.9120655781587241
40 -1.9120655781587241
41 -1.9120655781587241
42 -1.9120655781587241
43 -1.9120655781587241
44 -1.9120655781587241
45 -1.9120655781587241
46 -1.9120655781587241
47 -1.9120655781587241
48 -1.9120655781587241
49 -1.9120655781587241
50 -1.9120655781587241
51 -1.9120655781587241
52 -1.9120655781587241
53 -1.9120655781587241
54 -1.9120655781587241
55 -1.9120655781587241
56 -1.9120655781587241
57 -1.9120655781587241
58 -1.9120655781587241
59 -1.9120655781587241
60 -1.9120655781587241
61 -1.9120655781587241
62 -1.9120655781587241
63 -1.9120655781587241
64 -1.9120655781587241
65 -1.9120655781587241
66 -1.9120655781587241
67 -1.9120655781587241
68 -1.9120655781587241
69 -1.9120655781587241
70 -1.9120655781587241
71 -1.9120655781587241
72 -1.9120655781587241
73 -1.9120655781587241
74 -1.9120655781587241
75 -1.9120655781587241
76 -1.9120655781587241
77 -1.9120655781587241
78 -1.9120655781587241
79 -1.9120655781587241
80 -1.9120655781587241
81 -1.9120655781587241
82 -1.9120655781587241
83 -1.9120655781587241
84 -1.9120655781587241
85 -1.9120655781587241
86 -1.9120655781587241
87 -1.9120655781587241
88 -1.9120655781587241
89 -1.9120655781587241
90 -1.9120655781587241
91 -1.9120655781587241
92 -1.9120655781587241
93 -1.9120655781587241
94 -1.9120655781587241
95 -1.9120655781587241
96 -1.9120655781587241
97 -1.9120655781587241
98 -1.9120655781587241
99 -1.9120655781587241
100 -1.9120655781587241
101 -1.9120655781587241
102 -1.9120655781587241
103 -1.9120655781587241
104 -1.9120655781587241
105 -1.9120655781587241
106 -1.9120655781587241
107 -1.9120655781587241
108 -1.9120655781587241
109 -1.9120655781587241
110 -1.9120655781587241
111 -1.9120655781587241
112 -1.9120655781587241
113 -1.9120655781587241
114 -1.9120655781587241
115 -1.9120655781587241
116 -1.9120655781587241
117 -1.9120655781587241
118 -1.9120655781587241
119 -1.9120655781587241
120 -1.9120655781587241
121 -1.9120655781587241
122 -1.9120655781587241
123 -1.9120655781587241
124 -1.9120655781587241
125 -1.9120655781587241
126 -1.9120655781587241
127 -1.9120655781587241
128 -1.9120655781587241
129 -1.9120655781587241
130 -1.9120655781587241
131 -1.9120655781587241
132 -1.9120655781587241
133 -1.9120655781587241
134 -1.9120655781587241
135 -1.9120655781587241
136 -1.9120655781587241
137 -1.9120655781587241
138 -1.9120655781587241
139 -1.9120655781587241
140 -1.9120655781587241
141 -1.9120655781587241
142 -1.9120655781587241
143 -1.9120655781587241
144 -1.9120655781587241
145 -1.9120655781587241
146 -1.9120655781587241
147 -1.9120655781587241
148 -1.9120655781587241
149 -1.9120655781587241
150 -1.9120655781587241
151 -1.9120655781587241
152 -1.9120655781587241
153 -1.9120655781587241
154 -1.9120655781587241
155 -1.9120655781587241
156 -1.9120655781587241
157 -1.9120655781587241
158 -1.9120655781587241
159 -1.9120655781587241
160 -1.9120655781587241
161 -1.9120655781587241
162 -1.9120655781587241
163 -1.9120655781587241
164 -1.9120655781587241
165 -1.9120655781587241
166 -1.9120655781587241
167 -1.9120655781587241
168 -1.9120655781587241
169 -1.9120655781587241
170 -1.9120655781587241
171 -1.9120655781587241
172 -1.9120655781587241
173 -1.9120655781587241
174 -1.9120655781587241
175 -1.9120655781587241
176 -1.9120655781587241
177 -1.9120655781587241
178 -1.9120655781587241
179 -1.9120655781587241
180 -1.9120655781587241
181 -1.9120655781587241
182 -1.9120655781587241
183 -1.9120655781587241
184 -1.9120655781587241
185 -1.9120655781587241
186 -1.9120655781587241
187 -1.9120655781587241
188 -1.9120655781587241
189 -1.9120655781587241
190 -1.9120655781587241
191 -1.9120655781587241
192 -1.9120655781587241
193 -1.9120655781587241
194 -1.9120655781587241
195 -1.9120655781587241
196 -1.9120655781587241
197 -1.9120655781587241
198 -1.9120655781587241
199 -1.9120655781587241
200 -1.9120655781587241
201 -1.9120655781587241
202 -1.9120655781587241
203 -1.9120655781587241
204 -1.9120655781587241
205 -1.9120655781587241
206 -1.9120655781587241
207 -1.9120655781587241
208 -1.9120655781587241
209 -1.9120655781587241
210 -1.9120655781587241
211 -1.9120655781587241
212 -1.9120655781587241
213 -1.9120655781587241
214 -1.9120655781587241
215 -1.9120655781587241
216 -1.9120655781587241
217 -1.9120655781587241
218 -1.9120941098508024
219 -1.9120941098508024
220 -1.9120941098508024
221 -1.9120941098508024
222 -1.9120941098508024
223 -1.9120941098508024
224 -1.9120941098508024
225 -1.9120941098508024
226 -1.9120941098508024
227 -1.9120941098508024
228 -1.9120941098508024
229 -1.9120941098508024
230 -1.9120941098508024
231 -1.9120941098508024
232 -1.9120941098508024
233 -1.9120941098508024
234 -1.9120941098508024
235 -1.9120941098508024
236 -1.9120941098508024
237 -1.9120941098508024
238 -1.9120941098508024
239 -1.9120941098508024
240 -1.9120941098508024
241 -1.9120941098508024
242 -1.9120941098508024
243 -1.9120941098508024
244 -1.9120941098508024
245 -1.9120941098508024
246 -1.9120941098508024
247 -1.9120941098508024
248 -1.9120941098508024
249 -1.9120941098508024
250 -1.9120941098508024
251 -1.9120941098508024
252 -1.9120941098508024
253 -1.9120941098508024
254 -1.9120941098508024
255 -1.9120941098508024
256 -1.9120941098508024
257 -1.9120941098508024
258 -1.9120941098508024
259 -1.9120941098508024
260 -1.9120941098508024
261 -1.9120941098508024
262 -1.9120941098508024
263 -1.9120941098508024
264 -1.9120941098508024
265 -1.9120941098508024
266 -1.9120941098508024
267 -1.9120941098508024
268 -1.9120941098508024
269 -1.9120941098508024
270 -1.9120941098508024
271 -1.9121012307933531
272 -1.9121012307933531
273 -1.9121012307933531
274 -1.9121012307933531
275 -1.9121012307933531
276 -1.9121012307933531
277 -1.9121012307933531
278 -1.9121012307933531
279 -1.9121012307933531
280 -1.9121012307933531
281 -1.9121012307933531
282 -1.9121012307933531
283 -1.9121012307933531
284 -1.9121012307933531
285 -1.9121012307933531
286 -1.9121012307933531
287 -1.9121012307933531
288 -1.9121012307933531
289 -1.9121012307933531
290 -1.9121012307933531
291 -1.9121012307933531
292 -1.9121012307933531
293 -1.9121012307933531
294 -1.9121012307933531
295 -1.9121012307933531
296 -1.9121012307933531
297 -1.9121012307933531
298 -1.9121012307933531
299 -1.9121012307933531
300 -1.912127024985426
301 -1.912127024985426
302 -1.912127024985426
303 -1.912127024985426
304 -1.912127024985426
305 -1.912127024985426
306 -1.912127024985426
307 -1.912127024985426
308 -1.912127024985426
309 -1.912127024985426
310 -1.912127024985426
311 -1.912127024985426
312 -1.912127024985426
313 -1.912127024985426
314 -1.912127024985426
315 -1.912127024985426
316 -1.912127024985426
317 -1.912127024985426
318 -1.912127024985426
319 -1.912127024985426
320 -1.912127024985426
321 -1.912127024985426
322 -1.912127024985426
323 -1.912127024985426
324 -1.912127024985426
325 -1.912127024985426
326 -1.912127024985426
327 -1.912127024985426
328 -1.912127024985426
329 -1.912127024985426
330 -1.912127024985426
331 -1.912127024985426
332 -1.912127024985426
333 -1.912127024985426
334 -1.912127024985426
335 -1.912127024985426
336 -1.912127024985426
337 -1.912127024985426
338 -1.912127024985426
339 -1.912127024985426
340 -1.912127024985426
341 -1.912127024985426
342 -1.912127024985426
343 -1.912127024985426
344 -1.912127024985426
345 -1.912127024985426
346 -1.912127024985426
347 -1.912127024985426
348 -1.912127024985426
349 -1.912127024985426
350 -1.912127024985426
351 -1.912127024985426
352 -1.912127024985426
353 -1.912127024985426
354 -1.912127024985426
355 -1.912127024985426
356 -1.912127024985426
357 -1.912127024985426
358 -1.912127024985426
359 -1.912127024985426
360 -1.912127024985426
361 -1.912127024985426
362 -1.912127024985426
363 -1.912127024985426
364 -1.912127024985426
365 -1.912127024985426
366 -1.912127024985426
367 -1.912127024985426
368 -1.912127024985426
369 -1.912127024985426
370 -1.912127024985426
371 -1.912127024985426
372 -1.912127024985426
373 -1.912127024985426
374 -1.912127024985426
375 -1.912127024985426
376 -1.912127024985426
377 -1.912127024985426
378 -1.912127024985426
379 -1.912127024985426
380 -1.912127024985426
381 -1.912127024985426
382 -1.912127024985426
383 -1.912127024985426
384 -1.912127024985426
385 -1.912127024985426
386 -1.912127024985426
387 -1.912127024985426
388 -1.912127024985426
389 -1.912127024985426
390 -1.912127024985426
391 -1.912127024985426
392 -1.912127024985426
393 -1.912127024985426
394 -1.912127024985426
395 -1.912127024985426
396 -1.912127024985426
397 -1.912127024985426
398 -1.912127024985426
399 -1.912127024985426
400 -1.912127024985426
401 -1.912127024985426
402 -1.912127024985426
403 -1.912127024985426
404 -1.912127024985426
405 -1.912127024985426
406 -1.912127024985426
407 -1.912127024985426
408 -1.912127024985426
409 -1.912127024985426
410 -1.912127024985426
411 -1.912127024985426
412 -1.912127024985426
413 -1.912127024985426
414 -1.912127024985426
415 -1.912127024985426
416 -1.912127024985426
417 -1.9121270773417294
418 -1.9121274949903384
419 -1.9121274949903384
420 -1.9121274949903384
421 -1.9121274949903384
422 -1.9121274949903384
423 -1.9121274949903384
424 -1.9121274949903384
425 -1.9121274949903384
426 -1.9121274949903384
427 -1.9121275532126227
428 -1.9121275532126227
429 -1.9121275532126227
430 -1.9121275532126227
431 -1.912127874396906
432 -1.912127874396906
433 -1.912127874396906
434 -1.912127874396906
435 -1.912127874396906
436 -1.912127874396906
437 -1.912128022816479
438 -1.9121282333475307
439 -1.9121282333475307
440 -1.9121282333475307
441 -1.9121282333475307
442 -1.9121286831427478
443 -1.9121286831427478
444 -1.9121286831427478
445 -1.9121286831427478
446 -1.9121286831427478
447 -1.9121286831427478
448 -1.9121286831427478
449 -1.9121286831427478
450 -1.9121286831427478
451 -1.9121286831427478
452 -1.9121286831427478
453 -1.912128725023707
454 -1.9121288052338392
455 -1.9121288052338392
456 -1.9121288052338392
457 -1.9121288052338392
458 -1.9121288052338392
459 -1.9121288052338392
460 -1.9121288052338392
461 -1.9121288052338392
462 -1.9121288052338392
463 -1.9121288052338392
464 -1.9121288052338392
465 -1.9121289756332942
466 -1.9121289756332942
467 -1.9121289756332942
468 -1.9121289756332942
469 -1.9121289756332942
470 -1.9121289756332942
471 -1.9121289756332942
472 -1.9121289756332942
473 -1.9121289756332942
474 -1.9121289756332942
475 -1.9121289756332942
476 -1.9121289756332942
477 -1.9121289756332942
478 -1.9121290582153678
479 -1.9121290582153678
480 -1.9121290582153678
481 -1.9121290582153678
482 -1.912129104479706
483 -1.912129104479706
484 -1.912129357133174
485 -1.912129357133174
486 -1.912129357133174
487 -1.912129357133174
488 -1.912129357133174
489 -1.912129357133174
490 -1.912129357133174
491 -1.912129357133174
492 -1.912129357133174
493 -1.912129357133174
494 -1.912129368051672
495 -1.9121293950976441
496 -1.9121293950976441
497 -1.9121298752922073
498 -1.9121298752922073
499 -1.9121298752922073
500 -1.9121301797509243
501 -1.9121301797509243
502 -1.912130447728527
503 -1.912130447728527
504 -1.912130447728527
505 -1.912130447728527
506 -1.912130447728527
507 -1.9121305362022687
508 -1.9121305362022687
509 -1.9121305362022687
510 -1.9121305362022687
511 -1.9121311982911653
512 -1.9121311982911653
513 -1.9121311982911653
514 -1.9121311982911653
515 -1.9121311982911653
516 -1.9121311982911653
517 -1.9121311982911653
518 -1.9121311982911653
519 -1.9121311982911653
520 -1.9121312728719837
521 -1.912132722785731
522 -1.912132722785731
523 -1.912132722785731
524 -1.912132722785731
525 -1.912132722785731
526 -1.9121338213832928
527 -1.9121338213832928
528 -1.9121338213832928
529 -1.9121338213832928
530 -1.9121338213832928
531 -1.9121338213832928
532 -1.9121338213832928
533 -1.9121338213832928
534 -1.912134519445714
535 -1.912134519445714
536 -1.912134987110977
537 -1.912134987110977
538 -1.912134987110977
539 -1.912134987110977
540 -1.912134987110977
541 -1.912134987110977
542 -1.912134987110977
543 -1.912134987110977
544 -1.9121350506042192
545 -1.9121351598024328
546 -1.9121351598024328
547 -1.9121352651843067
548 -1.9121352651843067
549 -1.9121352651843067
550 -1.9121352651843067
551 -1.9121352651843067
552 -1.9121352651843067
553 -1.9121352651843067
554 -1.9121354160987396
555 -1.9121354160987396
556 -1.9121354160987396
557 -1.9121380014255789
558 -1.9121380014255789
559 -1.9121396104346249
560 -1.9121396104346249
561 -1.9121396104346249
562 -1.9121396104346249
563 -1.9121396104346249
564 -1.9121396104346249
565 -1.9121396104346249
566 -1.9121396104346249
567 -1.9121396104346249
568 -1.9121396104346249
569 -1.9121396104346249
570 -1.9121396104346249
571 -1.9121396104346249
572 -1.9121396104346249
573 -1.9121396104346249
574 -1.9121396104346249
575 -1.9121396104346249
576 -1.9121396104346249
577 -1.9121396104346249
578 -1.9121396104346249
579 -1.9121396104346249
580 -1.9121398938765983
581 -1.9121405293641578
582 -1.9121405293641578
583 -1.9121405293641578
584 -1.9121405293641578
585 -1.9121405293641578
586 -1.9121405293641578
587 -1.9121405293641578
588 -1.9121405293641578
589 -1.9121405293641578
590 -1.9121405293641578
591 -1.9121405293641578
592 -1.9121405293641578
593 -1.9121405293641578
594 -1.9121405293641578
595 -1.9121405293641578
596 -1.9121405293641578
597 -1.9121405293641578
598 -1.912140660496513
599 -1.912140660496513
600 -1.912140660496513
601 -1.912140660496513
602 -1.912140660496513
603 -1.9121585596809525
604 -1.9121585596809525
605 -1.9121585596809525
606 -1.9121585596809525
607 -1.9121585596809525
608 -1.9121585596809525
609 -1.9121585596809525
610 -1.9121585596809525
611 -1.9121585596809525
612 -1.9121585596809525
613 -1.9121585596809525
614 -1.9121585596809525
615 -1.9129291097657068
616 -1.9129291097657068
617 -1.9129291097657068
618 -1.9129291097657068
619 -1.9129291097657068
620 -1.9129291097657068
621 -1.9129291097657068
622 -1.9129291097657068
623 -1.9129291097657068
624 -1.9129291097657068
625 -1.9129291097657068
626 -1.9129291097657068
627 -1.9129291097657068
628 -1.9129291097657068
629 -1.9129291097657068
630 -1.9129291097657068
631 -1.9129291097657068
632 -1.9129291097657068
633 -1.9129291097657068
634 -1.9129291097657068
635 -1.9129291097657068
636 -1.9129291097657068
637 -1.9129291097657068
638 -1.9129291097657068
639 -1.9129291097657068
640 -1.9129291097657068
641 -1.9129291097657068
642 -1.9129291097657068
643 -1.9129291097657068
644 -1.9129291097657068
645 -1.9129291097657068
646 -1.9129291097657068
647 -1.9129291097657068
648 -1.9129291097657068
649 -1.9129291097657068
650 -1.9129291097657068
651 -1.9129291097657068
652 -1.9129291097657068
653 -1.9129291097657068
654 -1.9129291097657068
655 -1.9129291097657068
656 -1.9129291097657068
657 -1.9129291097657068
658 -1.9129291097657068
659 -1.9129291097657068
660 -1.9129291097657068
661 -1.9129291097657068
662 -1.9129291097657068
663 -1.9129291097657068
664 -1.9129291097657068
665 -1.9129291097657068
666 -1.9129291097657068
667 -1.9129291097657068
668 -1.9129291097657068
669 -1.9129291097657068
670 -1.9129291097657068
671 -1.9129291097657068
672 -1.9129291097657068
673 -1.9129291097657068
674 -1.9129291097657068
675 -1.9129291097657068
676 -1.9129291097657068
677 -1.9129291097657068
678 -1.9129291097657068
679 -1.9129291097657068
680 -1.9129291097657068
681 -1.9129291097657068
682 -1.9129291097657068
683 -1.9129291097657068
684 -1.9129291097657068
685 -1.9129291097657068
686 -1.9129291097657068
687 -1.9129291097657068
688 -1.9129291097657068
689 -1.9129291097657068
690 -1.9129291097657068
691 -1.9129291097657068
692 -1.9129291097657068
693 -1.9129291097657068
694 -1.9129291097657068
695 -1.9129291097657068
696 -1.9129291097657068
697 -1.9129291097657068
698 -1.9129291097657068
699 -1.9129291097657068
700 -1.9129291097657068
701 -1.9129291097657068
702 -1.9129291097657068
703 -1.9129291097657068
704 -1.9129291097657068
705 -1.9129291097657068
706 -1.9129291097657068
707 -1.9129291097657068
708 -1.9129291097657068
709 -1.9129291097657068
710 -1.9129291097657068
711 -1.9129291097657068
712 -1.9129291097657068
713 -1.9129291097657068
714 -1.9129291097657068
715 -1.9129291097657068
716 -1.9129291097657068
717 -1.9129291097657068
718 -1.9129291097657068
719 -1.9129291097657068
720 -1.9129291097657068
721 -1.9129291097657068
722 -1.9129291097657068
723 -1.9129291097657068
724 -1.9129291097657068
725 -1.9129291097657068
726 -1.9129291097657068
727 -1.9129291097657068
728 -1.9129291097657068
729 -1.9129291097657068
730 -1.9129291097657068
731 -1.9129291097657068
732 -1.9129291097657068
733 -1.9129291097657068
734 -1.9129291097657068
735 -1.9129291097657068
736 -1.9129291097657068
737 -1.9129291097657068
738 -1.9129291097657068
739 -1.9129291097657068
740 -1.9129291097657068
741 -1.9129291097657068
742 -1.9129291097657068
743 -1.9129291097657068
744 -1.9129291097657068
745 -1.9129291097657068
746 -1.9129291097657068
747 -1.9129291097657068
748 -1.9129291097657068
749 -1.9129291097657068
750 -1.9129291097657068
751 -1.9129291097657068
752 -1.9129291097657068
753 -1.9129291097657068
754 -1.9129291097657068
755 -1.9129291097657068
756 -1.9129291097657068
757 -1.9129291097657068
758 -1.9129291097657068
759 -1.9129291097657068
760 -1.9129291097657068
761 -1.9129291097657068
762 -1.9129291097657068
763 -1.9129291097657068
764 -1.9129291097657068
765 -1.9129291097657068
766 -1.9129291097657068
767 -1.9129291097657068
768 -1.9129291097657068
769 -1.9129291097657068
770 -1.9129291097657068
771 -1.9129291097657068
772 -1.9129291097657068
773 -1.9129291097657068
774 -1.9129291097657068
775 -1.9129291097657068
776 -1.9129291097657068
777 -1.9129291097657068
778 -1.9129291097657068
779 -1.9129291097657068
780 -1.9129291097657068
781 -1.9129291097657068
782 -1.9129291097657068
783 -1.9129291097657068
784 -1.9129291097657068
785 -1.9129291097657068
786 -1.9129291097657068
787 -1.9129291097657068
788 -1.9129291097657068
789 -1.9129291097657068
790 -1.9129291097657068
791 -1.9129291097657068
792 -1.9129291097657068
793 -1.9129291097657068
794 -1.9129291097657068
795 -1.9129291097657068
796 -1.9129291097657068
797 -1.9129291097657068
798 -1.9129291097657068
799 -1.9129291097657068
800 -1.9129291097657068
801 -1.9129291097657068
802 -1.9129291097657068
803 -1.9129291097657068
804 -1.9129291097657068
805 -1.9129291097657068
806 -1.9129291097657068
807 -1.9129291097657068
808 -1.9129291097657068
809 -1.9129291097657068
810 -1.9129291097657068
811 -1.9129291097657068
812 -1.9129291097657068
813 -1.9129291097657068
814 -1.9129291097657068
815 -1.9129291097657068
816 -1.9129291097657068
817 -1.9129291097657068
818 -1.9129291097657068
819 -1.9129291097657068
820 -1.9129291097657068
821 -1.9129291097657068
822 -1.9129291097657068
823 -1.9129291097657068
824 -1.9129291097657068
825 -1.9129291097657068
826 -1.9129291097657068
827 -1.9129291097657068
828 -1.9129291097657068
829 -1.9129291097657068
830 -1.9129291097657068
831 -1.9129291097657068
832 -1.9129291097657068
833 -1.9129291097657068
834 -1.9129291097657068
835 -1.9129291097657068
836 -1.9129291097657068
837 -1.9129291097657068
838 -1.9129291097657068
839 -1.9129291097657068
840 -1.9129291097657068
841 -1.9129291097657068
842 -1.9129291097657068
843 -1.9129291097657068
844 -1.9129291097657068
845 -1.9129291097657068
846 -1.9129291097657068
847 -1.9129291097657068
848 -1.9129291097657068
849 -1.9129291097657068
850 -1.9129291097657068
851 -1.9129291097657068
852 -1.9129291097657068
853 -1.9129291097657068
854 -1.9129291097657068
855 -1.9129291097657068
856 -1.9129291097657068
857 -1.9129291097657068
858 -1.9129291097657068
859 -1.9129291097657068
860 -1.9129291097657068
861 -1.9129291097657068
862 -1.9129291097657068
863 -1.9129291097657068
864 -1.9129291097657068
865 -1.9129291097657068
866 -1.9129291097657068
867 -1.9129291097657068
868 -1.9129291097657068
869 -1.9129291097657068
870 -1.9129291097657068
871 -1.9129291097657068
872 -1.9129291097657068
873 -1.9129291097657068
874 -1.9129291097657068
875 -1.9129291097657068
876 -1.9129291097657068
877 -1.9129291097657068
878 -1.9129291097657068
879 -1.9129291097657068
880 -1.9129291097657068
881 -1.9129291097657068
882 -1.9129291097657068
883 -1.9129291097657068
884 -1.9129291097657068
885 -1.9129291097657068
886 -1.9129291097657068
887 -1.9129291097657068
888 -1.9129291097657068
889 -1.9129291097657068
890 -1.9129291097657068
891 -1.9129291097657068
892 -1.9129291097657068
893 -1.9129291097657068
894 -1.9129291097657068
895 -1.9129291097657068
896 -1.9129291097657068
897 -1.9129291097657068
898 -1.9129291097657068
899 -1.9129291097657068
900 -1.9129291097657068
901 -1.9129291097657068
902 -1.9129291097657068
903 -1.9129291097657068
904 -1.9129291097657068
905 -1.9129291097657068
906 -1.9129291097657068
907 -1.9129291097657068
908 -1.9129291097657068
909 -1.9129291097657068
910 -1.9129291097657068
911 -1.9129291097657068
912 -1.9129291097657068
913 -1.9129291097657068
914 -1.9129291097657068
915 -1.9129291097657068
916 -1.9129291097657068
917 -1.9129291097657068
918 -1.9129291097657068
919 -1.9129291097657068
920 -1.9129291097657068
921 -1.9129291097657068
922 -1.9129291097657068
923 -1.9129291097657068
924 -1.9129291097657068
925 -1.9129291097657068
926 -1.9129291097657068
927 -1.9129291097657068
928 -1.9129291097657068
929 -1.9129291097657068
930 -1.9129291097657068
931 -1.9129291097657068
932 -1.9129291097657068
933 -1.9129291097657068
934 -1.9129291097657068
935 -1.9129291097657068
936 -1.9129291097657068
937 -1.9129291097657068
938 -1.9129291097657068
939 -1.9129291097657068
940 -1.9129291097657068
941 -1.9129291097657068
942 -1.9129291097657068
943 -1.9129291097657068
944 -1.9129291097657068
945 -1.9129291097657068
946 -1.9129291097657068
947 -1.9129291097657068
948 -1.9129291097657068
949 -1.9129291097657068
950 -1.9129291097657068
951 -1.9129291097657068
952 -1.9129291097657068
953 -1.9129291097657068
954 -1.9129291097657068
955 -1.9129291097657068
956 -1.9129291097657068
957 -1.9129291097657068
958 -1.9129291097657068
959 -1.9129291097657068
960 -1.9129291097657068
961 -1.9129291097657068
962 -1.9129291097657068
963 -1.9129291097657068
964 -1.9129291097657068
965 -1.9129291097657068
966 -1.9129291097657068
967 -1.9129291097657068
968 -1.9129291097657068
969 -1.9129291097657068
970 -1.9129291097657068
971 -1.9129291097657068
972 -1.9129291097657068
973 -1.9129291097657068
974 -1.9129291097657068
975 -1.9129291097657068
976 -1.9129291097657068
977 -1.9129291097657068
978 -1.9129291097657068
979 -1.9129291097657068
980 -1.9129291097657068
981 -1.9129291097657068
982 -1.9129291097657068
983 -1.9129291097657068
984 -1.9129291097657068
985 -1.9129291097657068
986 -1.9129291097657068
987 -1.9129291097657068
988 -1.9129291097657068
989 -1.9129291097657068
990 -1.9129291097657068
991 -1.9129291097657068
992 -1.9129291097657068
993 -1.9129291097657068
994 -1.9129291097657068
995 -1.9129291097657068
996 -1.9129291097657068
997 -1.9129291097657068
998 -1.9129291097657068
999 -1.9129291097657068
1000 -1.9129291097657068
