1 8.614078807259435
2 7.550563786252951
3 7.685324528760052
4 7.690621571783526
5 9.145282533457094
6 8.063146713492834
7 8.004837255680902
8 9.227950096355075
9 7.181701252764019
10 8.26763548815088
11 8.42043974613714
12 6.671938684820625
13 7.39488257978819
14 8.890106684371327
15 8.614874596350448
16 8.097722242686526
17 8.827210786762908
18 8.138863141756131
19 8.491743857873978
20 9.8080501639634
21 7.220364755964654
22 10.657715149241227
23 7.76059175509042
24 7.724403225026257
25 7.519612373148863
26 7.558645077256542
27 7.8214728849734
28 9.274021243722617
29 8.501535137469173
30 7.5564864749919
31 8.696255054010075
32 7.986606564066082
33 8.236689643827784
34 7.029927553122742
35 8.134960146875192
36 8.619257611723462
37 8.439941797047064
38 7.302412628674681
39 7.48494340788605
40 7.1977312316228925
41 6.152911849670506
42 7.880283269232186
43 7.923910857457369
44 8.154040712145786
45 8.552143533395473
46 8.484196011978911
47 10.100584965932715
48 8.28572725743182
49 9.292086124225944
50 8.335445514008175
51 8.615572835664716
52 7.662254702753595
53 6.999159108821714
54 8.227882355727555
55 7.9232934816975416
56 7.264263392321641
57 8.192955204194805
58 7.711854200975386
59 8.314297042601753
60 9.127595935603381
61 7.779433293006032
62 7.126342945941843
63 6.9317304850754695
64 7.8030038279830976
65 9.022132622176986
66 8.053088161210603
67 9.605802624129414
68 8.58808449158219
69 8.464143433342759
70 9.848142220464638
71 8.501274249960032
72 7.600546795767754
73 7.136505429630568
74 7.648145364005869
75 8.300278482153287
76 9.08588759887447
77 7.415884948000543
78 8.62810397178576
79 7.535146507082606
80 7.578232036269251
81 8.582194224708623
82 8.518528376537896
83 7.357955216057841
84 7.511219622140872
85 8.50623256652677
86 7.234643354475318
87 7.981161977662645
88 7.485705919498228
89 9.467422504896065
90 8.79648079376825
91 7.814785340365432
92 6.6796360065352625
93 8.132391783717345
94 8.593725868561872
95 9.375354334517239
96 8.045540312625292
97 8.401834995252745
98 6.829546197155476
99 7.01925301660128
100 7.273376488466939
101 7.220008619876377
102 10.09009268534257
103 8.045766005753418
104 7.8052014479796465
105 8.919737198069326
106 7.682734969446997
107 8.998650623382526
108 7.682048827524801
109 8.099473021962021
110 8.0569767435819
111 8.170952294377896
112 8.651280840366121
113 6.918847065441701
114 8.213922392461726
115 8.677674380120532
116 7.291595367645679
117 6.425535193076801
118 8.841135589025525
119 8.958284835897295
120 7.838728786876325
121 9.435016958118052
122 9.620208645616
123 9.296183710031126
124 7.727717926912499
125 9.11879972177746
126 8.996715408754708
127 7.72465321373999
128 8.435641095527489
129 7.116335119596542
130 8.693953386948559
131 8.367215216180519
132 7.230036012796603
133 9.015024557768674
134 7.79553638749492
135 7.711038965282719
136 8.747330923267322
137 6.435376562358521
138 7.618382711500818
139 7.318075382071144
140 8.688218485458641
141 8.748390933088233
142 9.057907062532147
143 6.933912549695416
144 8.043758799530895
145 8.338608481338467
146 8.003171753781455
147 7.380998431346395
148 7.393695494592529
149 7.557347394773771
150 7.6781246511526815
151 7.187795313805664
152 7.773980901616352
153 7.615538924549256
154 8.386615391875754
155 9.078107061712657
156 8.215625688892832
157 8.216040887312857
158 8.856436515945122
159 7.776634934859418
160 6.91803685528371
161 7.326674639896476
162 7.834433492972242
163 8.728813878143121
164 7.3755889979640825
165 7.94442960865359
166 7.6743665815587
167 9.193831927878156
168 6.639768444486708
169 10.606224177786375
170 9.18803969243016
171 9.16785456972946
172 6.502678248688628
173 8.352763276177885
174 7.926635644038835
175 8.16841927792106
176 7.9718994491217074
177 8.53903200044341
178 7.8744262639268925
179 9.30114849974683
180 7.953590377263715
181 8.521179339729873
182 8.524575688488337
183 6.955842781420304
184 8.512955331096638
185 8.717729635550171
186 8.4756294509451
187 7.976875756861737
188 8.586584824712073
189 7.746847105714286
190 8.40210724243363
191 8.072386714355563
192 7.870469033211947
193 7.140716744422201
194 8.244669645090708
195 9.034056417747937
196 9.03452417983794
197 10.15061489546077
198 8.921846806226355
199 8.967602988461358
200 8.51263625620071
201 7.340561243085921
202 8.51386844472616
203 7.135688597717311
204 7.674835066915265
205 6.204734552157091
206 8.31012198807753
207 8.112972236987344
208 8.529026102794482
209 8.6457040166788
210 8.871371559904672
211 7.395221273049425
212 8.955731764407528
213 7.557365594426942
214 6.122480653304889
215 8.419466803030714
216 9.462821944817625
217 8.32199000606747
218 8.287824269086169
219 7.920050199544041
220 6.9828226055876845
221 7.947362084126467
222 7.916374856162719
223 8.248044452016165
224 8.13856318467548
225 8.052500890550796
226 7.424090948359311
227 8.279847513352435
228 7.8537790730155015
229 6.95846450457367
230 6.544843180718758
231 9.352234929493392
232 6.723143630062155
233 8.268214388786545
234 8.953838004047725
235 8.021892465748548
236 8.805415102632816
237 7.616302334272987
238 7.224921988232492
239 7.836398582171842
240 8.879258315993862
241 7.542180461888476
242 8.937263189894942
243 9.438252361755401
244 7.10413673943188
245 10.0615252773443
246 8.5582994973285
247 8.500108278547437
248 8.20465255323228
249 7.5625803133440845
250 7.775781180839557
251 7.1089419391694255
252 7.8393387424089065
253 8.44425417331868
254 7.1578861097344575
255 10.73376482699397
256 8.997817307554032
257 8.762038926342294
258 8.33676221793472
259 9.430277886782443
260 8.155134523429494
261 8.055269437933159
262 8.177020232892396
263 7.800324207814465
264 9.472052395425223
265 8.822664993593783
266 6.334588721940967
267 7.496183912577813
268 8.723115154439204
269 8.203059479186686
270 8.170498497207406
271 9.701481060319118
272 7.144726086797414
273 8.297919107580508
274 9.09453180599317
275 9.252429895175547
276 8.707253395904125
277 8.665871142393105
278 8.480157705312473
279 8.31492780726979
280 6.961868862045198
281 8.80950843313436
282 9.14881939961375
283 8.621279910073973
284 7.873636445837599
285 7.968202993176743
286 8.205960715856092
287 7.777047727513768
288 8.018282587536
289 8.594572283725684
290 7.773638098551705
291 8.525269319515285
292 8.38984389542294
293 7.99019811020434
294 8.170069762529794
295 6.549227748577484
296 7.751928209218686
297 8.662317387455202
298 8.508454045026946
299 7.86413507514282
300 7.504152560724228
301 8.31970010890683
302 7.933469819117845
303 9.434193921007676
304 8.45895554259102
305 8.961066542077901
306 7.563473906342007
307 7.862467737280283
308 7.298704242253541
309 8.605449033975557
310 7.356827440541269
311 7.559775792651699
312 7.212519877536107
313 6.810795388128899
314 8.238999078587362
315 7.9353988186780375
316 7.225888266375415
317 8.559922905795275
318 8.880046445568047
319 7.715963185190398
320 7.574414955005702
321 8.200090193092333
322 7.928187810856464
323 7.552944718136419
324 8.511861591389641
325 8.441029630343348
326 8.566257279008067
327 8.215890103202021
328 9.657961894809096
329 6.452328223484039
330 8.811462360603178
331 7.887673892853924
332 6.815555058873904
333 7.3472522064598715
334 7.197550937406794
335 7.4128476608818294
336 8.007730377083268
337 8.007401238471106
338 9.599359302216845
339 8.176346497868897
340 8.143478626790273
341 8.24298686190064
342 7.120681642181869
343 8.44665802988913
344 7.4272330976373055
345 7.821263155788919
346 7.921503302831196
347 7.514523957046183
348 6.180300776051985
349 8.428184453742864
350 9.098354979270594
351 8.33198038049029
352 9.219672793259752
353 7.667847953373056
354 8.812975832348886
355 8.91371006784335
356 6.893781379532307
357 8.187846115822008
358 7.9775635017087145
359 8.637637624216415
360 8.10949104483095
361 8.110000753939635
362 8.058075470286663
363 9.607679108318148
364 8.17726581265515
365 8.850040791375152
366 7.010397867759833
367 8.884349062096241
368 9.213260844894208
369 8.260174540947192
370 8.74453873172058
371 8.54682029216716
372 9.246907671342155
373 9.798777088234859
374 9.04311515977375
375 10.118652224458613
376 7.530291834864203
377 7.6052008266548405
378 9.630406826373774
379 8.305651338720455
380 7.9249715174679665
381 9.832874709534902
382 7.949204513636244
383 7.076870556188573
384 8.253199762665687
385 7.1632616545700305
386 7.740590751792975
387 7.823134777709914
388 7.496508186341182
389 8.508857254033947
390 9.20649421972959
391 8.367355241066912
392 6.9039783663425744
393 8.568450153150376
394 8.769566279140573
395 8.300826849092468
396 8.867585653393133
397 8.797645021887838
398 8.961453337361077
399 7.860505896987534
400 8.992239226329175
401 6.336756054823826
402 8.017419421054042
403 8.771283223484291
404 7.73746730497504
405 7.2407419572526175
406 8.500358439310103
407 8.084389036373627
408 7.080023347286552
409 9.587718269434069
410 8.357896500044808
411 8.68954391967434
412 7.579264571482189
413 7.053227172932371
414 5.963596294895722
415 7.832467413484961
416 7.272371385618265
417 8.798213699637818
418 7.6228727910135365
419 8.346071511624151
420 7.765616882124129
421 9.254224156581827
422 8.41745263220027
423 8.832657546147551
424 7.422161591546263
425 8.69356190829946
426 7.905779371599613
427 9.184342181206862
428 9.457893843060118
429 7.671588097888239
430 8.421639221104439
431 9.247896824255745
432 7.46593467012048
433 8.428514237840217
434 7.743237515562914
435 8.017235688456577
436 8.123268901342874
437 8.64449805249197
438 6.411293993523431
439 9.036952503439151
440 9.06024137871852
441 7.140145593526148
442 7.066163352642335
443 7.675262568654074
444 7.8214314472608475
445 7.599241367956399
446 8.282145876828894
447 8.621452347671912
448 8.553439586720962
449 9.311420326866081
450 7.224307323385261
451 8.730710716016771
452 8.432939992956422
453 8.661883748064897
454 7.888017582957923
455 8.20104889173097
456 7.079215380776241
457 8.710361826622517
458 8.808760762488138
459 8.909930069408349
460 9.582225144888767
461 9.23875139996474
462 8.181955948098569
463 9.283006820120134
464 9.317185025784834
465 7.290119567351135
466 9.17074288988543
467 7.646153764721471
468 8.846028301250424
469 8.152714892668255
470 8.40683902144677
471 9.237068928062364
472 6.668478727833007
473 7.957132382725071
474 8.616250717018545
475 7.450381801489171
476 6.886633327776776
477 7.45077068085011
478 8.493336417524493
479 8.411865939127557
480 9.14695329480492
481 8.251198416544899
482 7.124198545760772
483 8.905581669950493
484 7.480833859347914
485 8.716346202801027
486 7.311548205694873
487 8.739737308541557
488 7.592499174118167
489 6.937705414743698
490 9.334873704696196
491 7.030663311185605
492 8.158697071762182
493 8.041728049942593
494 8.658913020137893
495 7.991965991851969
496 9.567087621825435
497 7.851753223415504
498 7.803447266571974
499 7.780767712446793
500 7.020560611832196
501 6.961025838577851
502 7.739564804910546
503 8.308969141049166
504 7.616630754207573
505 7.268946984421243
506 7.4966026797603424
507 7.259465115832001
508 7.160254973207466
509 8.697997691137765
510 8.865933189963483
511 8.273014004098894
512 7.212126546778989
513 8.53053759117264
514 9.284356681094113
515 7.844368802957658
516 9.812844758015776
517 7.878640296237311
518 8.643858835563014
519 8.588879534485308
520 7.837205727709698
521 7.672657699496037
522 7.881473041229518
523 7.532772245807235
524 8.440119665762621
525 8.338856419374407
526 9.964251720068633
527 7.718934539175734
528 8.645591959862552
529 8.449343338193502
530 9.953761131258947
531 7.950540397705939
532 8.323059009510294
533 10.506245231949793
534 8.331981795698795
535 8.679751420356512
536 7.300530518262889
537 8.536777394236514
538 8.378462596013756
539 8.254416576096
540 8.246773192086616
541 7.903796046560686
542 8.96383119162366
543 6.230249784583931
544 7.429823176825994
545 7.630347931604946
546 8.447547742057376
547 6.850754404420706
548 7.821944741256319
549 8.520760479834331
550 8.536019942713645
551 8.402136380297412
552 8.206868370789135
553 7.018446429039008
554 7.852961981847146
555 7.7441713312114775
556 7.589409116303819
557 9.44254818388625
558 8.479598314450165
559 8.06803088503776
560 8.817319842222435
561 8.361589238250216
562 7.842654654178416
563 6.791129147627277
564 8.768374776801567
565 8.59836148311233
566 7.361118698127792
567 7.460635313594233
568 8.086206866124442
569 7.186106257721543
570 8.270320030167367
571 8.982719323080635
572 9.613058199831476
573 9.093668122287905
574 8.336570288909485
575 7.337902844166094
576 8.639450489619911
577 8.997151780138704
578 8.394214933310455
579 9.251060258704406
580 8.080926677139443
581 9.529697244363094
582 9.196450987502937
583 9.312812735422387
584 8.051608311228822
585 8.449596028001025
586 9.061828351523852
587 9.445716817666623
588 7.627045973701636
589 7.863296033761062
590 6.86416939871838
591 7.304025689267042
592 7.419668848028796
593 9.307734106832491
594 7.9999186955027195
595 7.171482173568195
596 8.795987402988237
597 5.67677971556273
598 7.6696814727604155
599 8.086672920638653
600 7.642972738966625
601 8.475343547335545
602 7.714922717955346
603 9.107607646041648
604 6.648348959145035
605 6.627770632950371
606 9.492540732435348
607 8.059748312637504
608 7.040331524191966
609 8.952139920957155
610 8.703240827504795
611 7.28588888929106
612 8.617079418249997
613 7.382797806673437
614 8.700769222864698
615 6.568522932514861
616 8.876792102099198
617 8.743879157433964
618 8.318188160941327
619 8.926354551938015
620 9.40531177134739
621 7.450680514991115
622 8.28598043347527
623 7.955478947255849
624 8.78297611984519
625 8.045892173372938
626 7.096850073013453
627 7.8810948587504175
628 8.53375175259411
629 6.992292860497182
630 7.70176833935183
631 7.076465422359403
632 8.965749735495038
633 8.157392480902722
634 9.060518260532994
635 8.871605500977077
636 7.473396462356794
637 7.193617025055404
638 8.397802094694615
639 8.336967567765665
640 9.928032889910508
641 8.705432950431872
642 9.190393008698878
643 9.533519179663838
644 8.210377603283378
645 6.5386246628991
646 8.784084078512455
647 8.448044424976866
648 6.856485625601368
649 9.163292170328955
650 7.9569826536456425
651 8.561335836134617
652 8.25434734238275
653 7.162644814266815
654 7.9630010534676705
655 7.1655484945900305
656 9.022436798105735
657 6.558614235572241
658 10.295934608111233
659 6.76925637301815
660 6.748446390553623
661 10.144351323040251
662 7.820253085966439
663 7.73696793046652
664 9.872825274710655
665 8.197910444751706
666 7.805346167541997
667 6.860144819826654
668 7.964608305521435
669 7.764788247031754
670 6.666965539813965
671 8.33216586604992
672 7.6942831894348425
673 7.34322493616913
674 7.842614164064331
675 8.503340591286683
676 8.199093268774252
677 6.87528626963183
678 8.97443029368579
679 9.705356495313657
680 9.543526892548156
681 8.547919436837704
682 8.934588163542866
683 9.200213720409801
684 7.69908510636784
685 7.723308082788168
686 8.115177855891721
687 7.771274663620299
688 7.989786010006959
689 8.73719141755053
690 8.64714814932477
691 9.37115609793341
692 5.857941625434539
693 7.758420451079695
694 9.712365877438561
695 8.874241172975006
696 8.39086212982363
697 7.70578884331481
698 8.479433135511991
699 6.939016626674958
700 8.466861119399889
701 8.14741651529627
702 8.495656663830419
703 7.92084799967763
704 8.035826347388566
705 8.386484379901153
706 8.26930123681921
707 9.375153166950193
708 8.567949970793842
709 7.5516505575326365
710 7.978334390904194
711 8.755072860044793
712 8.717588925514718
713 7.28726315618719
714 8.52470581256056
715 7.64143258628591
716 8.3500719127386
717 7.526587484937875
718 8.605189123732044
719 7.335577503331884
720 7.8565224875940824
721 7.809226042259476
722 8.39128369498993
723 6.5360328339594
724 7.486356234717707
725 7.889991231475036
726 6.380760006680361
727 8.661784578141942
728 7.286947057955452
729 8.770895666150581
730 9.208885309023882
731 9.073455524627763
732 8.356116107046558
733 8.022778022856613
734 8.159044090397481
735 6.989234041770941
736 9.024191441468368
737 8.169003780701823
738 8.257938720878794
739 7.736130697099758
740 7.818792142110025
741 6.875382860269136
742 9.809220520972936
743 7.941101997295518
744 7.4069622263112
745 6.770418889936888
746 7.060435494011949
747 7.937949504096338
748 8.742850763228228
749 9.380072910446202
750 7.307981048851633
751 9.501169251205793
752 7.768388670506118
753 8.669278127491145
754 7.721252115948722
755 8.591715924697391
756 8.309148331138376
757 8.643038288529658
758 8.972783330694275
759 10.83669149692772
760 9.450814938607392
761 8.158589517326398
762 7.4707452818833175
763 8.98952549848919
764 8.32167586427772
765 7.813247849777914
766 7.4510232590250585
767 6.535132411254543
768 7.574614013144719
769 7.2324436741158
770 8.650605509751104
771 5.5621048289116715
772 8.43238957727088
773 8.753848059344815
774 8.381208803805867
775 8.075265018406931
776 7.650444817173635
777 7.759125965997864
778 7.125216591316655
779 7.163363465135292
780 8.498000927065652
781 7.380076715568961
782 8.191455306902856
783 7.963785235327304
784 8.643134819026123
785 8.77080598376818
786 8.942756527833964
787 7.674965628759612
788 9.172103511841165
789 8.436833710920588
790 7.977324440297659
791 8.287995578130444
792 9.222105739077884
793 9.068492290119746
794 7.57897127046696
795 7.74612041876542
796 7.446314421975007
797 9.264676265078801
798 8.316520665636423
799 6.3935506287076835
800 11.066766746895755
801 7.37841187798638
802 8.162025168812876
803 7.219296530444213
804 6.895034663649292
805 8.24910323534122
806 7.7898409331214395
807 7.644910656878697
808 9.143707627276438
809 9.327877153849203
810 7.296674466355068
811 8.288341696245967
812 8.671852876417951
813 8.569052430773212
814 8.587634866264427
815 7.4064301499059155
816 7.1301538973441065
817 6.92169266430951
818 9.054740682919489
819 7.995290745074622
820 7.3019438137570125
821 7.303866990498
822 7.9731303216500775
823 6.916739284780121
824 8.833525757658037
825 8.621767055903883
826 7.204483015088498
827 7.201977311220695
828 7.359282366654617
829 7.663067101470638
830 7.954227774784368
831 7.543433542814086
832 7.478577103784074
833 7.350559669425743
834 9.577953723489221
835 8.266716289157396
836 6.3775667413247055
837 8.903269469203336
838 7.735366180098128
839 8.493833526633194
840 10.068002392178055
841 9.016689401249613
842 9.449003217884949
843 7.816993556536695
844 6.837139772472441
845 8.066862218353519
846 7.9753577088261105
847 6.436669580927314
848 8.427186665670837
849 6.5912380522884355
850 8.321944763910132
851 7.969267741619912
852 8.089776266543963
853 8.072551839551814
854 7.765790960955228
855 7.962699931482989
856 6.955443416751987
857 9.7636201741717
858 8.316449825008633
859 8.5300662136161
860 7.467120769885415
861 7.848828363729354
862 8.79851159503496
863 9.344162859134142
864 8.201016243724235
865 7.648373931899199
866 8.862547799942822
867 9.331846524776122
868 7.960184263260573
869 6.730940746501124
870 7.411341256891446
871 8.650747023407263
872 7.854486034252874
873 8.247636164961415
874 8.815403864513998
875 8.462485601190401
876 8.07747821731
877 7.804764313914072
878 8.225710807153048
879 8.838147474713256
880 8.325717544516127
881 9.12156763721665
882 7.676308103580778
883 8.17378621820753
884 7.003445650771244
885 7.944319356188586
886 7.879915026338017
887 8.303467555072364
888 6.823558316156055
889 7.653373848258664
890 8.082803786799255
891 8.076671860933953
892 7.729043457533336
893 7.486647982726629
894 7.7305698009243144
895 7.213035264398964
896 7.875065474223126
897 8.941110184793324
898 6.878975467810829
899 8.447364884210844
900 8.238231749442027
901 8.502015343719796
902 9.305452789998816
903 9.413875230323848
904 9.103489361715603
905 8.457408637095016
906 6.924292924093201
907 7.527897665307925
908 7.47565005847106
909 7.387782861658594
910 8.272856985080894
911 7.9335990372628595
912 8.564903455323616
913 7.658713310992388
914 8.061409976328761
915 7.457904024677137
916 9.4449833977059
917 7.365255334640538
918 8.284973657738925
919 6.5925074068362814
920 7.539840058448529
921 7.100069282346993
922 7.237152975002927
923 8.838237338943323
924 8.822602569553483
925 7.295386560593689
926 8.726542279561864
927 8.138047513746113
928 7.336803896823692
929 7.888170610408633
930 8.787812324548105
931 8.682170715345412
932 7.575069121960404
933 7.4678587860277315
934 7.771403180925372
935 7.648041900731298
936 8.957185515115198
937 8.556204021007753
938 10.16007706046888
939 9.12574541842586
940 7.099149980797523
941 8.201454559248047
942 8.905902074474227
943 8.137695741695461
944 6.334565437945138
945 7.413642530446972
946 9.256200855229977
947 7.993410883953849
948 8.780387872509499
949 8.394849716222303
950 9.684121664133054
951 9.22916156828785
952 7.7071448780401
953 7.671120545914965
954 9.060368758175654
955 8.735476697564408
956 8.985375445453633
957 8.394509300152452
958 7.911364844467982
959 8.536748859624522
960 8.928155473841345
961 9.110940672635616
962 9.002772493701693
963 8.033452100707464
964 9.111380969099411
965 8.62309596954255
966 8.661962005232034
967 6.794221752316647
968 7.601746448056837
969 7.270847909171089
970 8.496848381804067
971 7.5108147811733295
972 5.977901238566658
973 7.3243522854732435
974 7.318681617099598
975 8.090176558354585
976 9.582877562834721
977 8.974853745211622
978 6.958238727671334
979 9.071430561676221
980 7.179264149317511
981 8.83029445399537
982 9.59566384230538
983 8.777763317096325
984 9.995993164250653
985 7.823209089808155
986 7.386359439514751
987 8.363009774966114
988 8.113416236422557
989 8.616770966453084
990 8.613537332861043
991 7.8727073228409825
992 8.250579065453858
993 8.596010403442792
994 8.387124476895782
995 7.601489874959779
996 9.098431729538987
997 8.385695367002615
998 7.930749527349403
999 7.8205064755771545
1000 8.745430102758567
