1 5.682027893541378
2 6.2141245748298
3 7.714509416703116
4 6.5331895311107555
5 6.0004435420712445
6 5.83396435933563
7 5.716672886755183
8 7.383442057302982
9 5.359793215402026
10 7.895339399436715
11 5.453685153284304
12 5.561605273589781
13 6.292637724176891
14 5.922234859197773
15 7.050356109080096
16 6.2176814145315795
17 5.631479569358828
18 7.23697637683002
19 6.0358340530829
20 6.6488294066328395
21 7.185256356770408
22 6.334633138348647
23 7.803363137435065
24 7.431283574866107
25 6.093914015932654
26 5.578455252800021
27 6.3654398324625525
28 6.778499174410695
29 7.4827146303511824
30 7.966687523301464
31 6.585311795109723
32 6.848239596432487
33 6.05427434237621
34 7.064065317300602
35 6.632741800840988
36 5.1437588544593575
37 6.510172583872362
38 4.809484705055276
39 5.349320095527128
40 6.633278146430595
41 6.783290204617171
42 7.281947100578184
43 4.860450462946598
44 6.873843100281673
45 7.188037298003751
46 6.37236166162832
47 6.1534722906556
48 6.019607217178086
49 6.085368122198333
50 6.670195809993564
51 5.93229589814332
52 7.3666242902067225
53 7.770437942939627
54 7.922979970166648
55 5.452871372890175
56 8.600933568632605
57 7.176309636262345
58 5.695147833831636
59 5.718868195841786
60 6.618029644054827
61 6.37190410888992
62 7.639904297260817
63 6.7700074812816
64 5.33048606992866
65 6.672615876130157
66 6.022124426109816
67 7.868639017521498
68 7.6444842306622345
69 6.462453764883377
70 6.57136764029353
71 7.645371883244253
72 7.516190497240265
73 5.953959770907338
74 5.961969426968331
75 7.015358274093563
76 6.710560500666193
77 7.274070915915271
78 6.137740889199647
79 7.1113439763996515
80 7.810272843924944
81 6.276375393087097
82 6.432437563801647
83 5.888685742193956
84 6.304289101014645
85 5.839492435439667
86 6.884311767272428
87 5.767873669239156
88 6.411860606704533
89 7.5070565792659405
90 7.1228669419139194
91 4.912169693901572
92 6.5327521831009365
93 6.7998275201964224
94 5.920217887976911
95 6.190108950622953
96 6.927662337483955
97 6.679668725561405
98 7.107583657957238
99 6.13308714695218
100 5.78847613225851
101 5.376017610527434
102 7.034749809016821
103 7.397847868725398
104 6.088786928972562
105 5.318614905340677
106 6.7720993912343
107 6.848398528849413
108 5.370680995561076
109 6.293963599057966
110 5.816478096883633
111 8.379420250420864
112 5.302358755737446
113 7.409925429956913
114 6.786468498502147
115 7.39877058637547
116 8.192366165417742
117 6.2560280816383855
118 4.753053540098526
119 6.388298471522484
120 4.471911762319953
121 5.874285481476315
122 6.139438730505917
123 6.789801244379198
124 7.678346697738572
125 7.769935527333434
126 6.2979298742255185
127 6.440988297895639
128 6.289107543008551
129 7.171979247750862
130 5.198410055830508
131 6.713601451109022
132 6.24469388719255
133 6.985970638027892
134 6.873823248626565
135 6.752101332341623
136 5.664644973268148
137 7.264823606215847
138 6.008260053849746
139 5.290410208232726
140 6.818647067762966
141 7.389054030687407
142 6.551200290082058
143 5.9970266291245355
144 6.477540145592822
145 7.091606971065334
146 5.917768144116845
147 7.468237270395561
148 7.422157074703956
149 7.301014062228728
150 6.9510130309035585
151 5.959224530127069
152 8.084402923708216
153 7.120292556919444
154 7.129064130579414
155 7.560381476693118
156 5.657379870884186
157 5.597623924944804
158 5.783687604399074
159 6.777614461003328
160 7.104481578489299
161 6.48901964403473
162 5.27319541295146
163 7.3832191130598055
164 7.313712417555527
165 5.489918106741509
166 5.829940667722918
167 7.025064333673522
168 6.876261268317016
169 7.186269257668119
170 6.340685523178893
171 7.501572862121913
172 6.622603940117536
173 7.083193180049251
174 5.7986089081599586
175 5.485588817723134
176 6.594645086230653
177 6.775552682430548
178 5.093813174611168
179 6.074753210155552
180 5.966777254345663
181 6.538880635569194
182 6.212366689652567
183 6.59471937139518
184 5.69400193331655
185 6.069186966641377
186 5.771412187152588
187 6.046734655021948
188 5.0837785203961285
189 6.548530215467041
190 6.493239119792164
191 5.991597757916955
192 6.170698866803158
193 6.224774528754049
194 6.070836431640353
195 5.334072387494968
196 6.137629743936831
197 5.172903501878016
198 7.364922451915968
199 6.427897250040316
200 6.243391957407924
201 6.026562798494508
202 5.988920412290551
203 6.431483293140816
204 6.930472120447396
205 5.4295601719329305
206 6.651692503946317
207 5.475037913038237
208 6.152650913040605
209 5.165765778917547
210 6.437923639566489
211 6.172339096374047
212 6.715631357068963
213 7.283382803624859
214 8.533609547063726
215 5.725078728084037
216 6.366313837843678
217 7.410486486783395
218 5.2778060622727185
219 7.498677154418562
220 6.708456258689088
221 6.278316052597886
222 8.134377126938949
223 6.822693634581631
224 6.028279229386243
225 7.098775012241338
226 7.655312385699517
227 6.431419276385026
228 6.1229406569744995
229 7.998266478686215
230 7.5316506240998535
231 5.993026418398452
232 5.725674008515064
233 7.040870967060592
234 6.117939884530099
235 8.145557574782279
236 7.633982072220744
237 5.4336567215221985
238 6.1928181463632335
239 6.486572535708372
240 6.21971234402983
241 5.719918774894719
242 7.440256467664839
243 6.743210487285036
244 6.981923489991666
245 7.172415441766957
246 6.2299081977459005
247 5.757515127235685
248 6.940278302962512
249 6.407873788071466
250 7.216802645949659
251 6.62849036951567
252 6.3211509749661055
253 5.4583244760248375
254 6.715049251980385
255 5.976889270293555
256 7.404102308634009
257 6.293837538237817
258 6.018646075256449
259 6.093043788443423
260 5.619855668485007
261 6.534385899175645
262 5.899896622113573
263 5.277688723416634
264 7.159238858604694
265 6.154142875809323
266 8.906653793842105
267 7.387439409278466
268 5.739303053785058
269 5.357019379612626
270 5.995009763901788
271 5.951266960060873
272 6.5179844316431765
273 6.916719270451077
274 6.590070395891692
275 6.209773451503227
276 6.997916764771997
277 8.536546023683535
278 6.701008516130154
279 8.394745296578305
280 6.806773356622327
281 6.084772387132403
282 6.03007650753273
283 8.28282730396361
284 5.924104885144793
285 6.053182016651611
286 5.803551417135429
287 5.814391690528442
288 6.323639048823717
289 6.17341210325444
290 7.362074244750658
291 7.15602072818122
292 8.429038265874913
293 7.9058086921919974
294 5.8278054701415964
295 7.016365461299627
296 6.220734233831847
297 6.534322006572893
298 6.840070608191637
299 4.777550342780638
300 6.771991959732531
301 5.830736775391182
302 8.059177118844017
303 8.232913893030641
304 6.421185475698334
305 5.597119282726653
306 5.717183042907452
307 5.441959129778278
308 6.310020862189279
309 8.045914663446709
310 6.74829400392561
311 7.504763200601802
312 5.8995639074531265
313 4.66663616480605
314 6.119846742663184
315 6.991611815719693
316 6.6268276652272595
317 5.657337383792014
318 6.182810220399938
319 6.10170322975774
320 7.441487734611493
321 6.461695393549031
322 5.889389935162213
323 6.586397369267929
324 6.9879815376449415
325 4.834988582477265
326 7.258766746478111
327 7.469836562468714
328 6.285140290823876
329 7.507738014257415
330 5.96535384404882
331 6.543259473095901
332 4.813111689921657
333 6.767006905678269
334 5.992025397155361
335 5.283472860954633
336 6.464548600881933
337 6.667425517023161
338 6.121661308125991
339 5.768218809482673
340 7.214690860142409
341 8.248160459939145
342 5.866041298743924
343 5.490300137300721
344 6.4697625270569015
345 5.430048011018882
346 6.733476056767942
347 6.933218117879317
348 6.894944109193933
349 6.791698578265197
350 5.6208407361831485
351 5.381076179952941
352 6.635908302289166
353 6.216457505753669
354 5.775102588962245
355 6.528622606351692
356 7.1943924624254985
357 5.727413306242109
358 7.144867109952015
359 6.900997968275971
360 6.578428889800194
361 6.645031212182123
362 7.962870126222547
363 5.983792572015139
364 5.914970668145214
365 5.777892918743675
366 7.687407040908756
367 6.481389039839497
368 7.272042024794935
369 7.436091503759989
370 7.051186604583895
371 6.356975888645585
372 6.643630037153554
373 5.93417834589294
374 5.525621232701984
375 6.932637706778614
376 6.068681360893309
377 6.84119811407624
378 6.471579750109148
379 5.789835604899488
380 6.65860435847415
381 5.67863254602031
382 5.807068957444576
383 5.044731163577864
384 7.113529785601261
385 6.138414396631094
386 6.2298371962817445
387 6.675386254997352
388 8.11963879167453
389 6.2217914242456605
390 6.278082194387228
391 8.179972940903609
392 8.045503355536065
393 5.65930738143788
394 5.6942256099907596
395 7.400367674266417
396 6.654863204588751
397 7.501663767402886
398 7.142343781912311
399 5.999642951113893
400 6.921111199883281
401 5.578935915881818
402 6.2180805627124665
403 7.684862415532138
404 8.438667773009348
405 7.3809740126917225
406 7.1808598743460985
407 5.845284142840763
408 6.58014587409893
409 6.638390585275621
410 7.4852423170738565
411 4.83243004471384
412 5.14033570569115
413 6.04258064834762
414 6.695069763793722
415 7.447867673282238
416 5.966539871740136
417 7.755222798733402
418 6.622760060489023
419 6.864443900010721
420 6.1328973577206
421 6.499136954642887
422 6.78907840559869
423 5.3875334966128285
424 8.162714386360944
425 5.346947122356483
426 5.342144959507547
427 6.407171535764745
428 5.016335942225893
429 6.4647804786367296
430 6.036783033985655
431 5.57349693858826
432 6.280792872082447
433 7.839330022844272
434 7.084047315495274
435 7.746840041614563
436 6.836099284714822
437 5.8688930251156135
438 7.175044523897117
439 6.680430603849337
440 6.287782436497367
441 6.263404367369857
442 6.9707171808370525
443 7.877918560208293
444 6.307190712035158
445 6.484829260960787
446 6.317107079187656
447 6.418951329618816
448 5.760860812645587
449 5.88803531112637
450 6.195170805615082
451 7.412857471723994
452 6.24111225891392
453 5.550334293047672
454 6.0103592693663215
455 7.941342092738783
456 7.328275835043088
457 6.634735413927118
458 6.9451668251381395
459 5.095633115994495
460 8.150824396264282
461 6.145493752237425
462 6.354317944813296
463 6.730861522337764
464 5.32607608491185
465 8.892402356649766
466 6.236429410399321
467 6.166189479911418
468 5.552865368416342
469 5.8329337109017345
470 6.15149392153127
471 5.526198869405662
472 8.309484032634293
473 6.334634956120493
474 8.313345718736661
475 8.676260885243492
476 5.515304012607698
477 6.24485864235612
478 6.4668083854495935
479 6.197685045172891
480 6.833190635275948
481 6.9723956409701895
482 5.838398314953996
483 6.87550454211801
484 5.203894513910418
485 7.081561837835264
486 6.862302274214373
487 6.924373202255701
488 5.596014397267282
489 5.884819800626465
490 7.247307713559272
491 7.566145224048775
492 5.8687736221133715
493 6.449437178300054
494 6.368786976590152
495 5.857320877329373
496 6.10257175938021
497 8.981652209940439
498 6.685804461478285
499 7.387134512489956
500 6.458574375650687
501 6.249709626611433
502 6.450195546780925
503 7.373164703631662
504 6.411558339950395
505 7.891105448656531
506 5.604932447792985
507 6.204732230607265
508 6.843802756910083
509 6.093738218547803
510 6.710149235297877
511 5.861207064076202
512 7.193877124782636
513 6.919829063139604
514 5.54084054801385
515 5.960799338890803
516 6.5285272242804515
517 6.0406368023284385
518 7.3197728006096625
519 5.560444749102662
520 7.4004163966191845
521 6.184841448372912
522 6.309303472308958
523 6.6191710835573545
524 7.467838688800921
525 6.244149948857503
526 5.552095513873955
527 6.015575390173365
528 7.534092419207151
529 6.393851527300814
530 6.933535854132067
531 6.9408985974945425
532 6.734308144723482
533 7.600859579788324
534 7.654584337526582
535 7.133024095905925
536 7.823362273630135
537 7.1729722297183915
538 7.824446770483599
539 6.147624091605196
540 5.541707935120396
541 6.958874008228727
542 5.995106149585001
543 6.230277578937842
544 8.042903056935101
545 7.15586616008652
546 6.448383369592108
547 5.626027585211977
548 6.688637111127326
549 6.697220605650133
550 5.7189847032055585
551 7.5139009266659675
552 6.484252837587039
553 5.582164272449728
554 5.869632695797731
555 7.234715976183818
556 5.374464004704164
557 6.005756806528568
558 6.745995619783625
559 6.712233824857091
560 5.4436968671061505
561 7.188539101680211
562 7.903758865730707
563 6.158576032627853
564 7.891448377008476
565 5.714244221272394
566 6.003359700307807
567 7.0513104580449655
568 6.162808695185721
569 7.041382762430431
570 7.58691780493749
571 7.140932530937895
572 5.999466630850581
573 6.005278371994321
574 6.868659904940297
575 5.4975797717470405
576 8.297453135677676
577 6.640617852862928
578 6.834927206654802
579 6.641930435359849
580 6.110980632123277
581 7.422976674636335
582 6.899990525346966
583 6.815124458250732
584 5.938738354157145
585 5.998968329428249
586 6.089558692071796
587 5.4374504430128745
588 8.195585194321929
589 6.73512691072894
590 6.024245153061261
591 5.086107227536101
592 6.394628250457982
593 6.5559822578634215
594 6.280287066120614
595 5.711184853816435
596 7.021143825926871
597 6.937837986852512
598 7.084320067347563
599 7.558680376643133
600 7.521038897766383
601 7.264967185473183
602 5.545838317117482
603 7.285283505214824
604 6.8000093104176536
605 7.46090118065466
606 6.19208591192752
607 7.391700057745419
608 6.793577674817068
609 8.635789219832636
610 5.608060953060548
611 5.9694867282053705
612 6.582210468085966
613 6.3203623493108525
614 6.981308127157819
615 6.657848634367359
616 5.060757305658752
617 6.75216529084997
618 6.373593276713468
619 6.896781234436206
620 6.8374124064629145
621 7.4580342894302385
622 6.512366058186039
623 6.627704944902864
624 6.0865513361159245
625 5.639141992831969
626 7.714731797513308
627 6.908412169985164
628 6.420896842528004
629 7.485670981233675
630 8.238469362049894
631 6.782426540470125
632 6.513018899604614
633 5.665020022242788
634 4.910459960209542
635 6.363756764199028
636 8.224860460979862
637 6.181365636623362
638 5.852086182919418
639 6.447303512180327
640 7.157372391137966
641 5.385984041498171
642 6.532740688792363
643 7.270317345495312
644 6.87623588411704
645 6.181154469394317
646 5.636185816536335
647 8.528640560939476
648 5.8633449698752065
649 6.938817279894567
650 5.66371255998366
651 6.6025132722603175
652 6.430864742060505
653 7.463768963617546
654 7.294508422768738
655 7.135028881220209
656 5.840860868973472
657 6.024685656125872
658 7.836864412849123
659 7.638532230419387
660 6.855098451157736
661 6.368723913841473
662 6.9743424294542224
663 5.4421844644880855
664 5.079897926894493
665 7.347950516859307
666 6.050957530332488
667 6.772592318254527
668 6.561868519103509
669 5.926649801382244
670 6.164099828829837
671 7.312545992134631
672 7.115547217755005
673 6.268339489134653
674 6.235951113973621
675 4.892865089047358
676 6.975904049511366
677 6.1075391701017745
678 7.483961449736667
679 6.791857650354245
680 6.72184535842056
681 6.120740672841567
682 7.982177144990333
683 6.938943231863894
684 5.783028177033419
685 7.8175895166438965
686 7.873885687944489
687 6.995174892360207
688 6.040243198080349
689 5.950843388470278
690 6.146812675579642
691 6.80359162464081
692 6.691855265018514
693 6.465941992316625
694 7.547408384085446
695 6.657186723902912
696 6.028593612428239
697 6.999680261864032
698 6.2474106338466076
699 6.281495399616806
700 6.70446225807711
701 7.8554756368354415
702 6.80701500606138
703 6.537687392332126
704 6.382125926953414
705 7.218767594586716
706 7.42542849890803
707 7.850259759561339
708 7.607526040832551
709 5.476800417267303
710 4.424004169625098
711 7.852569976454759
712 6.704158392777137
713 6.633462004691702
714 5.870449992777476
715 8.059777082555565
716 6.537579548187081
717 6.989766050627802
718 6.0225847462367685
719 7.043590055752211
720 5.367380362795367
721 5.459963600280856
722 7.590378080643326
723 5.433726479024974
724 5.537438699112519
725 5.758245723381005
726 7.125019308584084
727 7.0137591982611305
728 6.534162795858177
729 6.376086006644296
730 7.577890628964513
731 7.666373480911278
732 6.865689033482505
733 6.99145121894571
734 6.543424757049295
735 5.600350396181328
736 6.596306995036123
737 6.692460215992429
738 6.744417343036271
739 6.032642887302547
740 7.063317216696489
741 5.627470538518855
742 5.673077252974029
743 7.681470144439511
744 8.308133771794349
745 5.545066068651809
746 5.726099482768855
747 5.9342419438621
748 7.662933135748646
749 6.083812970551093
750 6.716233277096067
751 6.181202894217429
752 6.594433494950155
753 5.767530682129275
754 5.957714995920096
755 6.323195312164818
756 6.088473823846499
757 6.1105846795115255
758 7.063782076230506
759 6.5985647574730315
760 7.355491076921395
761 6.64491624092854
762 5.60983946678127
763 7.213602575998248
764 6.614158446522675
765 5.932480275600452
766 7.659938025683456
767 6.986770859389382
768 6.172705595294631
769 5.884688592936198
770 8.343640507820819
771 7.843720918720088
772 5.432095028372998
773 6.042266362860541
774 7.893046292992372
775 5.799456057093953
776 6.389598474145289
777 7.1721201344524586
778 7.368707484534854
779 6.50904589209419
780 7.017944976350369
781 6.8110171851210275
782 7.379019745107701
783 6.33478400803049
784 6.270989019563076
785 6.410745026902954
786 8.783897746630725
787 6.292102735122484
788 5.854501529127151
789 7.141590585417003
790 5.501490200452171
791 5.884370186442176
792 7.088579938520745
793 7.619567893969883
794 5.732703411655418
795 5.352670231309094
796 7.550831346518333
797 7.126822535391234
798 6.68762295737088
799 6.335724180710625
800 6.788124713052581
801 7.273834800193721
802 6.158640169084935
803 6.22688007619421
804 6.856186591439872
805 5.387044846613818
806 7.650788575961228
807 5.890833350598794
808 7.112057510240316
809 7.830793780839354
810 5.907544377452237
811 5.0323610729521455
812 6.746294726034491
813 6.00277862045371
814 6.142246755580751
815 6.491441483387956
816 6.269338664761794
817 6.915896671018946
818 5.592330863655828
819 7.502033508633064
820 6.982971498805007
821 7.642709306374787
822 4.669264006275503
823 6.197720732728825
824 7.773250214039465
825 6.6582117701176164
826 7.716133631154552
827 7.523972418215729
828 6.009766357003925
829 6.226299289461926
830 6.236124931154905
831 5.821218359886799
832 6.412107443654936
833 6.495994698223444
834 6.9538611376824075
835 6.198765427628933
836 7.2972226098370845
837 6.200953346938414
838 6.727864376976035
839 6.474247398549095
840 6.366306229783767
841 5.418421469959555
842 6.772088879999051
843 6.355442411364192
844 4.637749412069039
845 6.4097696031155715
846 7.8355508807482375
847 6.283847450114262
848 6.351468494587532
849 7.332578302029013
850 6.408126540216128
851 5.4550212444718
852 5.400197675549706
853 6.465993197686006
854 6.993500979934074
855 6.891348287850683
856 6.757320956589998
857 5.736239987843501
858 7.3370812002763355
859 6.3560326273630805
860 8.306058876065904
861 6.275648067432201
862 6.1378942754749275
863 6.964964237284505
864 6.561418358865414
865 6.719658302725501
866 6.728474295792718
867 7.127362507159996
868 6.498607382382331
869 6.390504565497525
870 7.215662321224991
871 6.163061233769184
872 6.05128543161505
873 7.708592580756833
874 6.719542953474115
875 9.599785081093104
876 7.765065323614071
877 6.498103198421293
878 6.934120774487517
879 6.8226672277695375
880 6.0016139776925295
881 6.9609792127185095
882 7.134267849366412
883 6.776489417144377
884 6.620833787158831
885 7.800662273316638
886 5.411457638986665
887 5.641866920893338
888 5.351409214796629
889 6.5596152221942825
890 7.432628933801336
891 6.15519466482707
892 5.9739221073019735
893 6.748161903534229
894 6.9238318451943295
895 5.6195430975717455
896 7.259184934271239
897 6.047399424016008
898 6.729079172063247
899 6.729800055277684
900 6.2820911883425525
901 6.80188245024965
902 5.936688118375758
903 7.388980245372645
904 5.190847799035011
905 6.411017104106626
906 6.557388419594117
907 6.376472917562073
908 7.546647512127672
909 6.712520617234165
910 7.369594379213606
911 5.905968928602224
912 6.705020425005881
913 6.2342751223448625
914 7.317943110179027
915 4.401681585091651
916 5.662349493130158
917 5.9446138595194915
918 6.315289974317363
919 6.262437433217096
920 5.8356272129009055
921 6.389177419589085
922 7.034771704006248
923 6.937271643027599
924 8.293064617452252
925 5.48955542789221
926 6.6669967441669495
927 5.9392887665762375
928 7.894690352315147
929 5.534012977207758
930 5.642811403867776
931 4.820983847849772
932 5.2893038092554105
933 6.2755858726069595
934 7.421670103749612
935 5.877102316194918
936 7.2703723783895375
937 6.629274648431975
938 6.537864521887982
939 7.862947871850264
940 6.606311869387403
941 7.364698975178758
942 6.428530906723725
943 6.835812236857224
944 7.146700450450136
945 5.913765994678383
946 7.223993709167576
947 6.080485215031811
948 6.8902281692525005
949 6.536958880146944
950 7.742047515867602
951 5.369082589790749
952 7.159139521290099
953 6.361541540988239
954 6.244881869375829
955 6.358661477176169
956 7.222736047143957
957 7.161869844972959
958 7.211873806995138
959 6.948790145794595
960 6.289563463964217
961 6.044074309196836
962 5.848332548084846
963 6.609332537352877
964 6.079635635587358
965 8.564023228810596
966 6.291926748241792
967 5.802545998811121
968 7.248127818711037
969 6.5174268357801735
970 5.988226737123642
971 7.258108185386253
972 5.846488954147402
973 5.957698826909678
974 7.6491094761899
975 6.736284722121889
976 6.258513190565491
977 6.395624814633066
978 6.205073572005153
979 7.42055250335546
980 5.937811592895879
981 5.954922654484997
982 6.841086571924177
983 6.050086054420182
984 5.1230449600911445
985 7.027120533722076
986 7.18277813196317
987 6.987057840768351
988 5.459108119458341
989 5.842419682800767
990 5.446961747926871
991 5.142431844725772
992 6.852500898933306
993 6.52264046221723
994 6.717700516013988
995 5.71273219178116
996 6.579019847141235
997 6.554836010215747
998 7.3905855373218525
999 5.984101035501138
1000 7.682057250998054
