1 -1.6942025944204726
2 -1.7417690401946326
3 -1.8274055192547487
4 -1.8274055192547487
5 -1.8274055192547487
6 -1.8788585653058658
7 -1.8788585653058658
8 -1.8788585653058658
9 -1.8937639578636123
10 -1.8937639578636123
11 -1.8937639578636123
12 -1.8937639578636123
13 -1.8937639578636123
14 -1.8937639578636123
15 -1.8937639578636123
16 -1.8937639578636123
17 -1.8937639578636123
18 -1.8937639578636123
19 -1.8937639578636123
20 -1.8937639578636123
21 -1.8937639578636123
22 -1.8937639578636123
23 -1.8937639578636123
24 -1.8937639578636123
25 -1.8937639578636123
26 -1.8937639578636123
27 -1.8937639578636123
28 -1.9095715511935851
29 -1.9095715511935851
30 -1.9095715511935851
31 -1.9095715511935851
32 -1.9095715511935851
33 -1.9095715511935851
34 -1.9095715511935851
35 -1.9095715511935851
36 -1.9095715511935851
37 -1.9095715511935851
38 -1.9095715511935851
39 -1.9095715511935851
40 -1.9095715511935851
41 -1.9095715511935851
42 -1.9095715511935851
43 -1.9095715511935851
44 -1.9095715511935851
45 -1.9095715511935851
46 -1.9095715511935851
47 -1.9095715511935851
48 -1.9095715511935851
49 -1.9095715511935851
50 -1.9095715511935851
51 -1.9095715511935851
52 -1.9095715511935851
53 -1.9095715511935851
54 -1.9103919531842264
55 -1.9103919531842264
56 -1.9103919531842264
57 -1.9103919531842264
58 -1.9103919531842264
59 -1.9103919531842264
60 -1.9103919531842264
61 -1.9103919531842264
62 -1.9103919531842264
63 -1.9103919531842264
64 -1.9103919531842264
65 -1.9103919531842264
66 -1.9103919531842264
67 -1.9103919531842264
68 -1.9103919531842264
69 -1.9103919531842264
70 -1.9103919531842264
71 -1.9103919531842264
72 -1.9103919531842264
73 -1.9103919531842264
74 -1.9103919531842264
75 -1.9103919531842264
76 -1.9103919531842264
77 -1.9103919531842264
78 -1.9103919531842264
79 -1.9103919531842264
80 -1.9103919531842264
81 -1.9103919531842264
82 -1.9103919531842264
83 -1.9103919531842264
84 -1.9103919531842264
85 -1.9103919531842264
86 -1.9103919531842264
87 -1.9103919531842264
88 -1.9103919531842264
89 -1.9103919531842264
90 -1.9103919531842264
91 -1.9103919531842264
92 -1.9103919531842264
93 -1.9103919531842264
94 -1.9103919531842264
95 -1.9103919531842264
96 -1.9103919531842264
97 -1.9103919531842264
98 -1.9103919531842264
99 -1.9103919531842264
100 -1.9103919531842264
101 -1.9103919531842264
102 -1.9103919531842264
103 -1.9103919531842264
104 -1.9103919531842264
105 -1.9103919531842264
106 -1.9103919531842264
107 -1.9103919531842264
108 -1.9103919531842264
109 -1.9103919531842264
110 -1.9103919531842264
111 -1.9103919531842264
112 -1.9103919531842264
113 -1.9103919531842264
114 -1.9103919531842264
115 -1.9103919531842264
116 -1.9103919531842264
117 -1.9103919531842264
118 -1.9103919531842264
119 -1.9103919531842264
120 -1.9103919531842264
121 -1.9103919531842264
122 -1.9103919531842264
123 -1.9103919531842264
124 -1.9103919531842264
125 -1.9103919531842264
126 -1.9103919531842264
127 -1.9103919531842264
128 -1.9103919531842264
129 -1.9103919531842264
130 -1.9103919531842264
131 -1.9103919531842264
132 -1.9103919531842264
133 -1.9103919531842264
134 -1.9103919531842264
135 -1.9103919531842264
136 -1.9103919531842264
137 -1.9103919531842264
138 -1.9103919531842264
139 -1.9103919531842264
140 -1.9103919531842264
141 -1.9103919531842264
142 -1.9103919531842264
143 -1.9103919531842264
144 -1.9103919531842264
145 -1.9103919531842264
146 -1.9103919531842264
147 -1.9103919531842264
148 -1.9103919531842264
149 -1.9103919531842264
150 -1.9103919531842264
151 -1.9103919531842264
152 -1.9103919531842264
153 -1.9103919531842264
154 -1.9103919531842264
155 -1.9103919531842264
156 -1.9103919531842264
157 -1.9103919531842264
158 -1.9103919531842264
159 -1.9103919531842264
160 -1.9103919531842264
161 -1.9103919531842264
162 -1.9103919531842264
163 -1.9103919531842264
164 -1.9103919531842264
165 -1.9103919531842264
166 -1.9103919531842264
167 -1.9103919531842264
168 -1.9103919531842264
169 -1.9103919531842264
170 -1.9103919531842264
171 -1.9103919531842264
172 -1.9103919531842264
173 -1.9103919531842264
174 -1.9103919531842264
175 -1.9103919531842264
176 -1.9103919531842264
177 -1.9103919531842264
178 -1.910406689713108
179 -1.910406689713108
180 -1.910406689713108
181 -1.910406689713108
182 -1.910406689713108
183 -1.910406689713108
184 -1.910406689713108
185 -1.910406689713108
186 -1.910406689713108
187 -1.910406689713108
188 -1.910406689713108
189 -1.910406689713108
190 -1.910406689713108
191 -1.910406689713108
192 -1.910406689713108
193 -1.9104084167694242
194 -1.9104084167694242
195 -1.9104084167694242
196 -1.9104084167694242
197 -1.9104084167694242
198 -1.9104084167694242
199 -1.9104084167694242
200 -1.9104084167694242
201 -1.9104084167694242
202 -1.9104084167694242
203 -1.9104084167694242
204 -1.9104084167694242
205 -1.9104084167694242
206 -1.91040980334401
207 -1.91040980334401
208 -1.91040980334401
209 -1.910410581523497
210 -1.9104114962264465
211 -1.910413510343886
212 -1.910413510343886
213 -1.910413510343886
214 -1.9104136850101359
215 -1.9104136850101359
216 -1.9104136850101359
217 -1.91041440136983
218 -1.91041440136983
219 -1.91041440136983
220 -1.91041440136983
221 -1.9104146122830832
222 -1.9104155139928274
223 -1.9104155139928274
224 -1.9104155139928274
225 -1.9104155139928274
226 -1.9104155139928274
227 -1.9109160831435816
228 -1.9109160831435816
229 -1.9109160831435816
230 -1.9109160831435816
231 -1.9109160831435816
232 -1.9109160831435816
233 -1.9109160831435816
234 -1.9109160831435816
235 -1.9109160831435816
236 -1.9109160831435816
237 -1.9109160831435816
238 -1.9109160831435816
239 -1.9109160831435816
240 -1.9109160831435816
241 -1.9109160831435816
242 -1.9109160831435816
243 -1.9109160831435816
244 -1.9109160831435816
245 -1.9109160831435816
246 -1.9109160831435816
247 -1.9109160831435816
248 -1.9109160831435816
249 -1.9109160831435816
250 -1.9109160831435816
251 -1.9109160831435816
252 -1.9109160831435816
253 -1.9109160831435816
254 -1.9109160831435816
255 -1.9109160831435816
256 -1.9109160831435816
257 -1.9109160831435816
258 -1.9109160831435816
259 -1.9109160831435816
260 -1.9109160831435816
261 -1.9109160831435816
262 -1.9109160831435816
263 -1.9109160831435816
264 -1.9109160831435816
265 -1.9109160831435816
266 -1.9109160831435816
267 -1.9109160831435816
268 -1.9109160831435816
269 -1.9109160831435816
270 -1.9109160831435816
271 -1.9109160831435816
272 -1.9109160831435816
273 -1.9109160831435816
274 -1.9109160831435816
275 -1.9109160831435816
276 -1.9109160831435816
277 -1.9109160831435816
278 -1.9109160831435816
279 -1.9109160831435816
280 -1.9109160831435816
281 -1.9109160831435816
282 -1.9109160831435816
283 -1.9109160831435816
284 -1.9109160831435816
285 -1.9109160831435816
286 -1.9109160831435816
287 -1.9109160831435816
288 -1.9109160831435816
289 -1.9109160831435816
290 -1.9109160831435816
291 -1.9109160831435816
292 -1.9109160831435816
293 -1.9109160831435816
294 -1.9109160831435816
295 -1.9109160831435816
296 -1.9109160831435816
297 -1.9109160831435816
298 -1.9109160831435816
299 -1.9109160831435816
300 -1.9109160831435816
301 -1.9109160831435816
302 -1.9109160831435816
303 -1.9109160831435816
304 -1.9109160831435816
305 -1.9109160831435816
306 -1.9109160831435816
307 -1.9109160831435816
308 -1.9109160831435816
309 -1.9109160831435816
310 -1.9109160831435816
311 -1.9109160831435816
312 -1.9109160831435816
313 -1.9109160831435816
314 -1.9109160831435816
315 -1.9109160831435816
316 -1.9109160831435816
317 -1.9109160831435816
318 -1.9109160831435816
319 -1.9109160831435816
320 -1.9109160831435816
321 -1.9109160831435816
322 -1.9109160831435816
323 -1.9109160831435816
324 -1.9109160831435816
325 -1.9109160831435816
326 -1.9109160831435816
327 -1.9109160831435816
328 -1.9109160831435816
329 -1.9109160831435816
330 -1.9109160831435816
331 -1.9109160831435816
332 -1.9109160831435816
333 -1.9109160831435816
334 -1.9109160831435816
335 -1.9109160831435816
336 -1.9109160831435816
337 -1.9109160831435816
338 -1.9109160831435816
339 -1.9109160831435816
340 -1.9109160831435816
341 -1.9109160831435816
342 -1.9109160831435816
343 -1.9109160831435816
344 -1.9109160831435816
345 -1.9109160831435816
346 -1.9109160831435816
347 -1.9109160831435816
348 -1.9109160831435816
349 -1.9109160831435816
350 -1.9109160831435816
351 -1.9109160831435816
352 -1.9109160831435816
353 -1.9109160831435816
354 -1.9109160831435816
355 -1.9109160831435816
356 -1.9109160831435816
357 -1.9109160831435816
358 -1.9109160831435816
359 -1.9109160831435816
360 -1.9109160831435816
361 -1.9109160831435816
362 -1.9109160831435816
363 -1.9109160831435816
364 -1.9109160831435816
365 -1.9109160831435816
366 -1.9109160831435816
367 -1.9109160831435816
368 -1.9109160831435816
369 -1.9109160831435816
370 -1.9109160831435816
371 -1.9109160831435816
372 -1.9109160831435816
373 -1.9109160831435816
374 -1.9109160831435816
375 -1.9109160831435816
376 -1.9109160831435816
377 -1.9127301173393443
378 -1.9127301173393443
379 -1.9127301173393443
380 -1.9127301173393443
381 -1.9127301173393443
382 -1.9127301173393443
383 -1.9127301173393443
384 -1.9127301173393443
385 -1.9127301173393443
386 -1.9127301173393443
387 -1.9127301173393443
388 -1.9127301173393443
389 -1.9127301173393443
390 -1.9127301173393443
391 -1.9127301173393443
392 -1.9127301173393443
393 -1.9127301173393443
394 -1.9127301173393443
395 -1.9127301173393443
396 -1.9127301173393443
397 -1.9127301173393443
398 -1.9127301173393443
399 -1.9127301173393443
400 -1.9127301173393443
401 -1.9127301173393443
402 -1.9127301173393443
403 -1.9127301173393443
404 -1.9127301173393443
405 -1.9127301173393443
406 -1.9127301173393443
407 -1.9127301173393443
408 -1.9127301173393443
409 -1.9127301173393443
410 -1.9127301173393443
411 -1.9127301173393443
412 -1.9127301173393443
413 -1.9127301173393443
414 -1.9127301173393443
415 -1.9127301173393443
416 -1.9127301173393443
417 -1.9127301173393443
418 -1.9127301173393443
419 -1.9127301173393443
420 -1.9127301173393443
421 -1.9127301173393443
422 -1.9127301173393443
423 -1.9127301173393443
424 -1.9127301173393443
425 -1.9127301173393443
426 -1.9127301173393443
427 -1.9127301173393443
428 -1.9127301173393443
429 -1.9127301173393443
430 -1.9127301173393443
431 -1.9127301173393443
432 -1.9127301173393443
433 -1.9127301173393443
434 -1.9127301173393443
435 -1.9127301173393443
436 -1.9127301173393443
437 -1.9127301173393443
438 -1.9127301173393443
439 -1.9127301173393443
440 -1.9127301173393443
441 -1.9127301173393443
442 -1.9127301173393443
443 -1.9127301173393443
444 -1.9127301173393443
445 -1.9127301173393443
446 -1.9127301173393443
447 -1.9127301173393443
448 -1.9127301173393443
449 -1.9127301173393443
450 -1.9127301173393443
451 -1.9127301173393443
452 -1.9127301173393443
453 -1.9127301173393443
454 -1.9127301173393443
455 -1.9127301173393443
456 -1.9127301173393443
457 -1.9127301173393443
458 -1.9127301173393443
459 -1.9127301173393443
460 -1.9127301173393443
461 -1.9127301173393443
462 -1.9127301173393443
463 -1.9127301173393443
464 -1.9127301173393443
465 -1.9127301173393443
466 -1.9127301173393443
467 -1.9127301173393443
468 -1.9127301173393443
469 -1.9127301173393443
470 -1.9127301173393443
471 -1.9127301173393443
472 -1.9127301173393443
473 -1.9127301173393443
474 -1.9127301173393443
475 -1.9127301173393443
476 -1.9127301173393443
477 -1.9127301173393443
478 -1.9127301173393443
479 -1.9127301173393443
480 -1.9127301173393443
481 -1.9127301173393443
482 -1.9127301173393443
483 -1.9127301173393443
484 -1.9127301173393443
485 -1.9127301173393443
486 -1.9127301173393443
487 -1.9127301173393443
488 -1.9127301173393443
489 -1.9127301173393443
490 -1.9127301173393443
491 -1.9127301173393443
492 -1.9127301173393443
493 -1.9127301173393443
494 -1.9127301173393443
495 -1.9127301173393443
496 -1.9127301173393443
497 -1.9127301173393443
498 -1.9127301173393443
499 -1.9127301173393443
500 -1.9127301173393443
501 -1.9127301173393443
502 -1.9127301173393443
503 -1.9127301173393443
504 -1.9127301173393443
505 -1.9127301173393443
506 -1.9127301173393443
507 -1.9127301173393443
508 -1.9127301173393443
509 -1.9127301173393443
510 -1.9127301173393443
511 -1.9127301173393443
512 -1.9127301173393443
513 -1.9127301173393443
514 -1.9127301173393443
515 -1.9127301173393443
516 -1.9127301173393443
517 -1.9127301173393443
518 -1.9127301173393443
519 -1.9127301173393443
520 -1.9127301173393443
521 -1.9127301173393443
522 -1.9127301173393443
523 -1.9127301173393443
524 -1.9127301173393443
525 -1.9127301173393443
526 -1.9127301173393443
527 -1.9127301173393443
528 -1.9127301173393443
529 -1.9127301173393443
530 -1.9127301173393443
531 -1.9127301173393443
532 -1.9127301173393443
533 -1.9127301173393443
534 -1.9127301173393443
535 -1.9127301173393443
536 -1.9127301173393443
537 -1.9127301173393443
538 -1.9127301173393443
539 -1.9127301173393443
540 -1.9127301173393443
541 -1.9127301173393443
542 -1.9127301173393443
543 -1.9127301173393443
544 -1.9127301173393443
545 -1.9127301173393443
546 -1.9127301173393443
547 -1.9127301173393443
548 -1.9127301173393443
549 -1.9127301173393443
550 -1.9127301173393443
551 -1.9127301173393443
552 -1.9127301173393443
553 -1.9127301173393443
554 -1.9127301173393443
555 -1.9127301173393443
556 -1.9127301173393443
557 -1.9127301173393443
558 -1.9127301173393443
559 -1.9127301173393443
560 -1.9127301173393443
561 -1.9127301173393443
562 -1.9127301173393443
563 -1.9127301173393443
564 -1.9127301173393443
565 -1.9127301173393443
566 -1.9127301173393443
567 -1.9127301173393443
568 -1.9127301173393443
569 -1.9127301173393443
570 -1.9127301173393443
571 -1.9127301173393443
572 -1.9127301173393443
573 -1.9127301173393443
574 -1.9127301173393443
575 -1.9127301173393443
576 -1.9127301173393443
577 -1.9127301173393443
578 -1.9127301173393443
579 -1.9127301173393443
580 -1.9127301173393443
581 -1.9127301173393443
582 -1.9127301173393443
583 -1.9127301173393443
584 -1.9127301173393443
585 -1.9127301173393443
586 -1.9127301173393443
587 -1.9127301173393443
588 -1.9127301173393443
589 -1.9127301173393443
590 -1.9127301173393443
591 -1.9127301173393443
592 -1.9127301173393443
593 -1.9127301173393443
594 -1.9127301173393443
595 -1.9127301173393443
596 -1.9127301173393443
597 -1.9127301173393443
598 -1.9127301173393443
599 -1.9127301173393443
600 -1.9127301173393443
601 -1.9127301173393443
602 -1.9127301173393443
603 -1.9127301173393443
604 -1.9127301173393443
605 -1.9127301173393443
606 -1.9127301173393443
607 -1.9127301173393443
608 -1.9127301173393443
609 -1.9127301173393443
610 -1.9127301173393443
611 -1.9127301173393443
612 -1.9127301173393443
613 -1.9127301173393443
614 -1.9127301173393443
615 -1.9127301173393443
616 -1.9127301173393443
617 -1.9127301173393443
618 -1.9127301173393443
619 -1.9127301173393443
620 -1.9127301173393443
621 -1.9127301173393443
622 -1.9127301173393443
623 -1.9127301173393443
624 -1.9127301173393443
625 -1.9127301173393443
626 -1.9127301173393443
627 -1.9127301173393443
628 -1.9127301173393443
629 -1.9127301173393443
630 -1.9127301173393443
631 -1.9127301173393443
632 -1.9127301173393443
633 -1.9127301173393443
634 -1.9127301173393443
635 -1.9127301173393443
636 -1.9127301173393443
637 -1.9127301173393443
638 -1.9127301173393443
639 -1.9127301173393443
640 -1.9127301173393443
641 -1.9127301173393443
642 -1.9127301173393443
643 -1.9127301173393443
644 -1.9127301173393443
645 -1.9127301173393443
646 -1.9127301173393443
647 -1.9127301173393443
648 -1.9127301173393443
649 -1.9127301173393443
650 -1.9127301173393443
651 -1.9127301173393443
652 -1.9127301173393443
653 -1.9127301173393443
654 -1.9127301173393443
655 -1.9127301173393443
656 -1.9127301173393443
657 -1.9127301173393443
658 -1.9127301173393443
659 -1.9127301173393443
660 -1.9127301173393443
661 -1.9127301173393443
662 -1.9127301173393443
663 -1.9127301173393443
664 -1.9127301173393443
665 -1.9127301173393443
666 -1.9127301173393443
667 -1.9127301173393443
668 -1.9127301173393443
669 -1.9127301173393443
670 -1.9127301173393443
671 -1.9127301173393443
672 -1.9127301173393443
673 -1.9127301173393443
674 -1.9127301173393443
675 -1.9127301173393443
676 -1.9127301173393443
677 -1.9127301173393443
678 -1.9127301173393443
679 -1.9127301173393443
680 -1.9127301173393443
681 -1.9127301173393443
682 -1.9127301173393443
683 -1.9127301173393443
684 -1.9127301173393443
685 -1.9127301173393443
686 -1.9127301173393443
687 -1.9127301173393443
688 -1.9127301173393443
689 -1.9127301173393443
690 -1.9127301173393443
691 -1.9127301173393443
692 -1.9127301173393443
693 -1.9127301173393443
694 -1.9127301173393443
695 -1.9127301173393443
696 -1.9127301173393443
697 -1.9127301173393443
698 -1.9127301173393443
699 -1.9127301173393443
700 -1.9127301173393443
701 -1.9127301173393443
702 -1.9127301173393443
703 -1.9127301173393443
704 -1.9127301173393443
705 -1.9127301173393443
706 -1.9127301173393443
707 -1.9127301173393443
708 -1.9127301173393443
709 -1.9127301173393443
710 -1.9127301173393443
711 -1.9127301173393443
712 -1.9127301173393443
713 -1.9127301173393443
714 -1.9127301173393443
715 -1.9127301173393443
716 -1.9127301173393443
717 -1.9127301173393443
718 -1.9127301173393443
719 -1.9127301173393443
720 -1.9127301173393443
721 -1.9127301173393443
722 -1.9127301173393443
723 -1.9127301173393443
724 -1.9127301173393443
725 -1.9127301173393443
726 -1.9127301173393443
727 -1.9127301173393443
728 -1.9127301173393443
729 -1.9127301173393443
730 -1.9127301173393443
731 -1.9127301173393443
732 -1.9127301173393443
733 -1.9127301173393443
734 -1.9127301173393443
735 -1.9127301173393443
736 -1.9127301173393443
737 -1.9127301173393443
738 -1.9127301173393443
739 -1.9127301173393443
740 -1.9127301173393443
741 -1.9127301173393443
742 -1.9127301173393443
743 -1.9127301173393443
744 -1.9127301173393443
745 -1.9127301173393443
746 -1.9127301173393443
747 -1.9127301173393443
748 -1.9127301173393443
749 -1.9127301173393443
750 -1.9127301173393443
751 -1.9127301173393443
752 -1.9127301173393443
753 -1.9127301173393443
754 -1.9127301173393443
755 -1.9127301173393443
756 -1.9127301173393443
757 -1.9127301173393443
758 -1.9127301173393443
759 -1.9127301173393443
760 -1.9127301173393443
761 -1.9127301173393443
762 -1.9127301173393443
763 -1.9127301173393443
764 -1.9127301173393443
765 -1.9127301173393443
766 -1.9127301173393443
767 -1.9127301173393443
768 -1.9127301173393443
769 -1.9127301173393443
770 -1.9127301173393443
771 -1.9127301173393443
772 -1.9127301173393443
773 -1.9127301173393443
774 -1.9127301173393443
775 -1.9127301173393443
776 -1.9127301173393443
777 -1.9127301173393443
778 -1.9127301173393443
779 -1.9127301173393443
780 -1.9127301173393443
781 -1.9127301173393443
782 -1.9127301173393443
783 -1.9127301173393443
784 -1.9127301173393443
785 -1.9127301173393443
786 -1.9127301173393443
787 -1.9127301173393443
788 -1.9127301173393443
789 -1.9127301173393443
790 -1.9127301173393443
791 -1.9127301173393443
792 -1.9127301173393443
793 -1.9127301173393443
794 -1.9127301173393443
795 -1.9127301173393443
796 -1.9127301173393443
797 -1.9127301173393443
798 -1.9127301173393443
799 -1.9127301173393443
800 -1.9127301173393443
801 -1.9127301173393443
802 -1.9127301173393443
803 -1.9127301173393443
804 -1.9127301173393443
805 -1.9127301173393443
806 -1.9127301173393443
807 -1.9127301173393443
808 -1.9127301173393443
809 -1.9127301173393443
810 -1.9127301173393443
811 -1.9127301173393443
812 -1.9127301173393443
813 -1.9127301173393443
814 -1.9127301173393443
815 -1.9127301173393443
816 -1.9127301173393443
817 -1.9127301173393443
818 -1.9127301173393443
819 -1.9127301173393443
820 -1.9127301173393443
821 -1.9127301173393443
822 -1.9127301173393443
823 -1.9127301173393443
824 -1.9127301173393443
825 -1.9127301173393443
826 -1.9127301173393443
827 -1.9127301173393443
828 -1.9127301173393443
829 -1.9127301173393443
830 -1.9127301173393443
831 -1.9127301173393443
832 -1.9127301173393443
833 -1.9127301173393443
834 -1.9127301173393443
835 -1.9127301173393443
836 -1.9127301173393443
837 -1.9127301173393443
838 -1.9127301173393443
839 -1.9127301173393443
840 -1.9127301173393443
841 -1.9127301173393443
842 -1.9127301173393443
843 -1.9127301173393443
844 -1.9127301173393443
845 -1.9127301173393443
846 -1.9127301173393443
847 -1.9127301173393443
848 -1.9127301173393443
849 -1.9127301173393443
850 -1.9127301173393443
851 -1.9127301173393443
852 -1.9127301173393443
853 -1.9127301173393443
854 -1.9127301173393443
855 -1.9127301173393443
856 -1.9127301173393443
857 -1.9127301173393443
858 -1.9127301173393443
859 -1.9127301173393443
860 -1.9127301173393443
861 -1.9127301173393443
862 -1.9127301173393443
863 -1.9127301173393443
864 -1.9127301173393443
865 -1.9127301173393443
866 -1.9127301173393443
867 -1.9127301173393443
868 -1.9127301173393443
869 -1.9127301173393443
870 -1.9127301173393443
871 -1.9127301173393443
872 -1.9127301173393443
873 -1.9127301173393443
874 -1.9127301173393443
875 -1.9127301173393443
876 -1.9127301173393443
877 -1.9127301173393443
878 -1.9127301173393443
879 -1.913012490842664
880 -1.913012490842664
881 -1.913012490842664
882 -1.913012490842664
883 -1.913012490842664
884 -1.913012490842664
885 -1.913012490842664
886 -1.913012490842664
887 -1.913012490842664
888 -1.913012490842664
889 -1.913012490842664
890 -1.913012490842664
891 -1.913012490842664
892 -1.913012490842664
893 -1.913012490842664
894 -1.913012490842664
895 -1.913012490842664
896 -1.913012490842664
897 -1.913012490842664
898 -1.913012490842664
899 -1.913012490842664
900 -1.913012490842664
901 -1.913012490842664
902 -1.913012490842664
903 -1.913012490842664
904 -1.913012490842664
905 -1.913012490842664
906 -1.913012490842664
907 -1.913012490842664
908 -1.913012490842664
909 -1.913012490842664
910 -1.913012490842664
911 -1.913012490842664
912 -1.913012490842664
913 -1.913012490842664
914 -1.913012490842664
915 -1.913012490842664
916 -1.913012490842664
917 -1.913012490842664
918 -1.913012490842664
919 -1.913012490842664
920 -1.913012490842664
921 -1.913012490842664
922 -1.913012490842664
923 -1.913012490842664
924 -1.913012490842664
925 -1.913012490842664
926 -1.913012490842664
927 -1.913012490842664
928 -1.913012490842664
929 -1.913012490842664
930 -1.913012490842664
931 -1.913012490842664
932 -1.913012490842664
933 -1.913012490842664
934 -1.913012490842664
935 -1.913012490842664
936 -1.913012490842664
937 -1.913012490842664
938 -1.913012490842664
939 -1.913012490842664
940 -1.913012490842664
941 -1.913012490842664
942 -1.913012490842664
943 -1.913012490842664
944 -1.913012490842664
945 -1.913012490842664
946 -1.913012490842664
947 -1.913012490842664
948 -1.913012490842664
949 -1.913012490842664
950 -1.913012490842664
951 -1.913012490842664
952 -1.913012490842664
953 -1.913012490842664
954 -1.913012490842664
955 -1.913012490842664
956 -1.913012490842664
957 -1.913012490842664
958 -1.913012490842664
959 -1.913012490842664
960 -1.913012490842664
961 -1.913012490842664
962 -1.913012490842664
963 -1.913012490842664
964 -1.913012490842664
965 -1.913012490842664
966 -1.913012490842664
967 -1.913012490842664
968 -1.913012490842664
969 -1.913012490842664
970 -1.913012490842664
971 -1.913012490842664
972 -1.913012490842664
973 -1.913012490842664
974 -1.913012490842664
975 -1.913012490842664
976 -1.913012490842664
977 -1.913012490842664
978 -1.913012490842664
979 -1.913012490842664
980 -1.913012490842664
981 -1.913012490842664
982 -1.913012490842664
983 -1.913012490842664
984 -1.913012490842664
985 -1.913012490842664
986 -1.913012490842664
987 -1.913012490842664
988 -1.913012490842664
989 -1.913012490842664
990 -1.913012490842664
991 -1.913012490842664
992 -1.913012490842664
993 -1.913012490842664
994 -1.913012490842664
995 -1.913012490842664
996 -1.913012490842664
997 -1.913012490842664
998 -1.913012490842664
999 -1.913012490842664
1000 -1.913012490842664
