1 7.130380974349751
2 8.365218193539317
3 8.121894861159593
4 6.99050731250946
5 7.2188619723815615
6 7.437911837290281
7 6.669884150366294
8 9.329705643461558
9 7.219313156804242
10 9.508181918161464
11 6.942140120056004
12 7.36160457344764
13 7.848590433209299
14 8.360638624964782
15 8.563197091047206
16 6.586637349199119
17 7.2639208226165906
18 8.172901798601517
19 8.013204075055256
20 7.422853293116529
21 9.006828648000237
22 8.040163675880004
23 10.310336672734339
24 8.492355517283768
25 7.349332288422911
26 6.883542571678115
27 7.515515210147922
28 8.49399528664852
29 8.129188562955209
30 9.55428807859424
31 8.284530334247648
32 8.065128318322014
33 7.694815269778714
34 7.841568106167763
35 8.401383994304284
36 6.644420612824002
37 7.710552327114718
38 7.476216588603214
39 6.594203567813679
40 8.849043440824111
41 8.534906647635577
42 8.989982459693005
43 6.763484717776412
44 8.805689937654694
45 9.180153298440594
46 7.793333815397328
47 8.056305677322229
48 7.348561794976613
49 7.6058130535369814
50 8.230743815436497
51 7.051033381572391
52 8.804950151352857
53 8.598641328648158
54 9.175363265053658
55 7.511923949977596
56 9.973562437843784
57 7.8909654870425
58 8.523897395391066
59 7.364293800325312
60 8.328479064996154
61 7.4494521198609025
62 9.113667740212131
63 8.950512695147808
64 6.433905117283515
65 8.73072662173525
66 8.302586482305452
67 9.021775255303771
68 9.412816509302814
69 8.613528169206287
70 8.276125133574627
71 8.790469197425105
72 8.994916610662218
73 8.030094264720866
74 8.557224023851697
75 8.721926725444877
76 8.334537802167622
77 8.763274713528345
78 8.305057883104439
79 9.149371651501252
80 9.620676784724179
81 7.805578708503034
82 7.726250072226706
83 8.356689496704611
84 8.438012802830539
85 7.0978280549778
86 8.20160038867273
87 8.419685325108977
88 7.603124039184727
89 8.865983508389537
90 9.639484173068668
91 6.7010200980474774
92 8.649991467976527
93 9.130147205285228
94 7.853009974199419
95 8.330260661770863
96 8.29499858476941
97 9.11688645864433
98 8.818414009997714
99 7.4286294654021505
100 8.484739499508503
101 7.457001187568122
102 7.791683471805108
103 8.626164794953704
104 8.885292052036828
105 7.395813422576947
106 8.91477068810202
107 8.821950093198744
108 7.385736483906987
109 7.997716352729899
110 8.04490520334724
111 9.54501245229052
112 6.656884862102718
113 9.49232631309513
114 8.880383358720437
115 8.095211979088305
116 9.157554212430382
117 7.747642674360178
118 7.759455003716749
119 8.774678831742113
120 6.655754250875819
121 7.261784952999683
122 7.2201531672733
123 8.55554949329034
124 8.7994528131599
125 8.770689211888358
126 7.863165527033856
127 7.620618710240915
128 9.235667332536106
129 8.968130579533327
130 7.361075339751317
131 8.783559304433943
132 7.665769951893606
133 8.888834920220532
134 8.322704555014548
135 8.853685343725452
136 7.395528794303471
137 9.653636978154069
138 7.09434640812954
139 7.511159920495006
140 7.687821706459584
141 8.995067396272068
142 8.248958746148654
143 7.382001374632577
144 7.850974321753378
145 8.874706967214834
146 7.817769506829032
147 8.740884027492118
148 10.194295609847881
149 8.1839133398627
150 7.918121643341363
151 7.507544592224752
152 9.708738475235913
153 9.113337645258484
154 9.181667277486008
155 9.414791657609603
156 7.052821425218129
157 7.398227475491228
158 7.578715152907567
159 7.782061680349655
160 8.715775697398545
161 8.552246681061886
162 6.890913881038022
163 9.232288359557044
164 8.77952964108298
165 7.733479869459053
166 7.779978502622231
167 9.719918437732273
168 9.349624455005417
169 8.646963993630974
170 7.975076716781222
171 8.820426121454261
172 8.43915441091001
173 8.682718362219079
174 7.240652902855415
175 7.101429868867416
176 8.337034239699744
177 8.278233335095114
178 6.245421871907347
179 8.509999345444063
180 7.311538193238483
181 7.872567909864853
182 7.9548512269089615
183 8.015619173756637
184 7.182635813886536
185 7.917038378180214
186 7.742862323943322
187 7.626034512384096
188 7.124205012399338
189 7.828814087000083
190 9.064604616618166
191 7.012477475068038
192 8.84140583330005
193 7.798063085666877
194 7.8856016152341795
195 6.856003791738886
196 8.126217225374516
197 6.5502768291519375
198 8.921621833717833
199 8.49028482810102
200 8.058915150246717
201 7.883249193724285
202 7.877714842867707
203 9.172098722039214
204 9.195194892829102
205 6.923922874968166
206 7.770432163843833
207 7.180821675628839
208 8.264135177502418
209 6.144914360057923
210 8.323944405919573
211 7.387107846935458
212 8.0017882796587
213 8.957557614643402
214 9.821582509156936
215 7.145067939949515
216 7.612607873459744
217 8.271830269436704
218 7.156762975315703
219 9.779567522857768
220 8.535703276289459
221 7.470338694324008
222 9.715720220781975
223 8.75932457556438
224 7.058427887178881
225 8.595185698160716
226 9.444436786718606
227 7.971232534435242
228 6.635883264662345
229 9.345955038102774
230 9.129611472658148
231 8.0647834194978
232 8.214744777269443
233 8.388108242795585
234 7.8433443454721665
235 8.471356409900887
236 9.225315658296589
237 7.802804098408388
238 8.295806704181965
239 7.520044101947658
240 7.20312926734587
241 6.693172618562359
242 9.307238540875575
243 8.817025964760957
244 9.478629761727404
245 8.486065722078049
246 7.423480568557547
247 8.106377329902594
248 8.17528321154698
249 8.177258457920528
250 8.618163100423914
251 7.442308835333843
252 8.256213218157948
253 8.213784445973072
254 8.181364622796975
255 7.330764798029032
256 8.551785155118642
257 7.934255577380069
258 7.584924258651588
259 8.423145983547206
260 6.809370787100633
261 8.21946019495021
262 7.572848581012257
263 6.834051010229517
264 7.619224816731378
265 7.186511571032047
266 10.075359378584814
267 8.495821958080926
268 7.77432049259551
269 6.626411095590543
270 8.212211307618134
271 7.805916515331205
272 9.276068151319151
273 8.740392286289643
274 8.576510715862238
275 7.484175599385332
276 8.398496129024052
277 9.65034149719573
278 8.75494019545552
279 9.519570853754303
280 8.144927306752017
281 7.657627907698976
282 8.098900301105218
283 10.073571068992637
284 8.139375741335085
285 7.417800164499729
286 8.110526259221567
287 7.4180809818069715
288 8.888388212759352
289 7.3465967011176065
290 9.597674707111553
291 7.971613259011197
292 9.840181438876455
293 9.157267826885077
294 8.26713929716451
295 9.474481241056257
296 7.3507608439392165
297 9.217939635256682
298 8.702722059238718
299 7.229473793128641
300 9.09922355099853
301 7.471574030565298
302 9.407621339923523
303 9.19502996870848
304 7.749816760074069
305 7.244333714875829
306 7.950032844892711
307 6.572739165312071
308 7.468384120441342
309 10.008838573035048
310 8.564512642589005
311 9.155193602148941
312 6.893175283915744
313 6.384275284925799
314 7.953543497608492
315 8.620516557305393
316 8.181056169579843
317 6.256949769661469
318 7.650164392403386
319 8.033682459161016
320 9.8998158853239
321 8.592355421628907
322 7.371359217821557
323 8.319019046365186
324 8.183716823612222
325 6.186930731690185
326 9.147063817707085
327 7.969597760484917
328 7.5907617310873015
329 9.591020456773958
330 7.733634873351033
331 7.921510337955766
332 6.652952711982231
333 8.20569946945523
334 7.250720506079664
335 6.988413742484495
336 7.412459068713567
337 9.00881055178296
338 7.292216354859421
339 6.704111225116891
340 9.214411564319176
341 9.820224680980449
342 7.454736004668029
343 6.997110345713608
344 8.040106664247462
345 8.099216077364932
346 7.511381831030055
347 9.289361390154967
348 8.906737939330608
349 8.008394049919092
350 7.49500969899501
351 6.301037176726431
352 8.254283903653869
353 8.186433698963512
354 8.29140222852771
355 8.147774335713917
356 8.997400381764223
357 7.957066322572725
358 8.539661075839492
359 8.455533057131593
360 8.066485707899504
361 8.896450492484862
362 9.344781181247283
363 7.180167089343663
364 7.637292376302506
365 7.943196713212078
366 9.172213991508743
367 7.391923584405629
368 8.741087786652516
369 9.275418942690411
370 7.6285919168322955
371 7.864007696894707
372 7.701982825372853
373 7.218964047609329
374 7.128986564166735
375 8.499524498046425
376 7.569502804632677
377 7.902966354026921
378 7.592918534166756
379 7.534882079499905
380 7.433014092186124
381 7.618367765830821
382 6.877433710926707
383 6.765604284067278
384 7.9257670341921225
385 6.966927243910703
386 8.617911052782478
387 7.866303005658008
388 9.79381660323822
389 8.670874323893885
390 8.082985456212976
391 9.849155951322137
392 8.894290752398868
393 7.859319997009135
394 7.361970454208295
395 8.17162260233623
396 8.422426656556137
397 9.614309881230477
398 8.832065723760303
399 7.148009564047349
400 9.160277401321105
401 7.740745658730084
402 8.25703204019898
403 8.832782159264978
404 9.604702988592097
405 9.424944618537722
406 9.604727257451499
407 8.058402717081727
408 7.246348652221143
409 8.943715945677635
410 8.589989175975786
411 6.2632676251916255
412 7.23551664709667
413 7.336720638531347
414 7.715110624838018
415 8.706053690665334
416 7.397488950422187
417 10.413194078352928
418 8.668255953931014
419 8.419089695132545
420 7.7876808103910955
421 7.639832923436431
422 7.722895042479805
423 7.836600643026066
424 10.459783361791029
425 7.274415203695308
426 7.530716881531015
427 8.602119164747922
428 6.912608444106663
429 8.223220156722364
430 6.883372802556285
431 7.0142472885963
432 7.857806682471152
433 9.246896159419618
434 8.651001889942828
435 9.022980729918055
436 9.012154181525624
437 7.478044689796475
438 8.913768610229729
439 8.824906882151703
440 7.574046246002678
441 7.817379232739043
442 8.887508729507815
443 8.988932334263074
444 8.088962332549318
445 7.599482925482715
446 7.5903443020500925
447 8.231100674237856
448 7.428551699046209
449 7.685181897132568
450 8.575655114612541
451 8.650627678376628
452 8.564408854059927
453 7.848311159551952
454 7.297607041554055
455 8.712785438766065
456 9.235444262101227
457 7.776590748723392
458 8.005568465194312
459 7.8418302946894585
460 9.618619961701697
461 8.036390499380994
462 8.459909119562402
463 9.047282836647945
464 7.218352194099827
465 10.226581676458725
466 7.982968278049763
467 7.881285342405881
468 6.997245430299342
469 7.581878104235254
470 7.304306934446078
471 7.150072005699287
472 9.771673562063365
473 8.0771580016791
474 8.293221058831183
475 8.870701956882357
476 7.013280333061726
477 8.12061486273214
478 8.273552467524132
479 7.8541041980372945
480 8.973205966208276
481 8.368493451487966
482 7.0093624872344344
483 9.138859356850306
484 6.409685551280963
485 9.007032057739016
486 8.009226624303519
487 8.781392854017833
488 8.105139640605564
489 7.76137998661065
490 8.842151676148916
491 8.18117119623619
492 7.676766644278283
493 7.402475587550372
494 8.076235096779929
495 7.971647417633455
496 7.8511256763711925
497 9.423547771478857
498 8.239645560840168
499 7.780288771883265
500 8.391595101498996
501 7.7511306810272655
502 8.006403562537288
503 8.651486076040868
504 7.531607540338489
505 9.22321528327445
506 6.808169552926216
507 8.85361899236521
508 8.32467551686035
509 7.874726380800008
510 7.937982126166169
511 7.617707003052107
512 7.981013372152849
513 8.576096176722151
514 6.699322399089243
515 7.725153774437455
516 8.427270902752232
517 8.0351203106915
518 8.713732924602178
519 7.861550523675651
520 8.731832940858965
521 7.727555573790909
522 8.295457750386054
523 8.60752887251356
524 9.029527525243237
525 8.332057691004685
526 6.467372569290209
527 8.00222757266426
528 8.773770000410185
529 8.320485656647898
530 8.522697620261772
531 8.376335046220044
532 8.175499634334823
533 9.336532170706894
534 8.115361063142908
535 8.494155781390843
536 10.286071350730127
537 8.617161443863742
538 9.74992162757013
539 8.303636716830507
540 7.657403689730266
541 7.839554704750058
542 8.430257160117309
543 8.214143766259026
544 9.161535431639482
545 8.99590487451573
546 7.949880462399727
547 7.871140253919405
548 8.688632234971148
549 7.548101074588438
550 7.12486232432443
551 9.75827250994027
552 8.02133743744784
553 7.537240586943538
554 9.121339230181132
555 8.188317030028168
556 8.104438385459137
557 7.945059232558605
558 7.865638223273144
559 8.005985457335912
560 6.924750408982868
561 8.848906331127674
562 8.919937245398502
563 8.302278683749913
564 9.004068480699775
565 7.052442588187029
566 7.169754830136214
567 8.76167688225981
568 8.110547710703813
569 8.04497411602374
570 8.573121365907234
571 7.949881417878035
572 7.877170224918979
573 8.173314422379862
574 8.118192581471785
575 7.154183356347833
576 9.068445936779835
577 8.20343418579687
578 8.94658838750006
579 7.902403477289918
580 7.864967152319338
581 8.182326057214341
582 8.027273962002138
583 7.4727195827454755
584 7.792439989416774
585 7.679277837634689
586 8.012250369189049
587 6.847050735333028
588 9.905474513880225
589 8.387413155355736
590 8.40924726138427
591 6.996232398656843
592 8.841090956366392
593 8.129614525287813
594 7.11052570555221
595 7.659219397481673
596 9.485594053999023
597 8.738485854598215
598 9.416446309748116
599 9.5969850721602
600 8.461523702681557
601 8.485480274342677
602 7.444168352290022
603 9.13806512315883
604 7.829324216777136
605 8.807074387047672
606 7.996628551390765
607 8.252544562059844
608 7.7275787413868695
609 9.574216691148592
610 7.83093839275256
611 7.197481739162083
612 9.041110938136372
613 8.713327516307217
614 8.808370700922412
615 8.325518444922825
616 6.546155025884829
617 8.106408490724606
618 7.696373622632011
619 9.160018077102098
620 8.346247431154326
621 9.46855685381007
622 8.280335014929214
623 8.417059134010909
624 7.670260140758853
625 7.745454582890479
626 9.517654045719809
627 7.517246609782948
628 8.108324358944403
629 9.068029272645237
630 8.795554685592228
631 7.8628004056131715
632 7.772763748505873
633 7.400987242582004
634 6.463788433746233
635 6.89142721146583
636 9.316386994854769
637 8.215280418949035
638 8.092674639249287
639 8.120394044751187
640 8.57390874157744
641 6.925065401628192
642 8.007385739203302
643 8.629863454484937
644 7.945271907515309
645 7.74440982022314
646 7.089305635963562
647 10.74129341414539
648 7.807342441418185
649 8.053254618837729
650 7.532267806184015
651 8.331900289213173
652 8.009419987320006
653 9.148227270507402
654 8.879983615062104
655 8.260263808185197
656 7.170008439116448
657 7.842545417220525
658 8.678948555153127
659 8.664956998626197
660 7.948093381072154
661 8.645955226186247
662 8.638141143092277
663 7.362275286948471
664 7.063071509907488
665 8.260268516927313
666 7.435367732217388
667 8.317194825367654
668 8.773964830085612
669 7.380012178328168
670 8.214739817511965
671 8.201036269594047
672 9.420126802861859
673 9.217000914126734
674 7.892044755614377
675 6.692675668779898
676 8.30751761265944
677 7.905226900606963
678 8.723239846025145
679 8.86491177149187
680 8.85421292407503
681 8.068479294055754
682 9.18957736445068
683 8.536031851286918
684 7.731072119851933
685 9.893718336697487
686 8.825187736808015
687 8.808412911360245
688 7.755097452206101
689 7.055783533806225
690 8.38358822016002
691 7.696473758924261
692 8.208695814216016
693 8.281244720188909
694 8.761447999895822
695 8.996049147469149
696 7.810226932525525
697 8.079941649602846
698 8.59370623395396
699 7.701901921007942
700 9.324497516239601
701 8.77563521475083
702 7.694537374423839
703 8.1029346771213
704 7.016703369930352
705 9.000947840915765
706 8.61786497899835
707 8.917513410301186
708 9.435163849818501
709 7.32897559410478
710 7.077022840464071
711 8.439167524614742
712 7.804686417716295
713 7.64179047573589
714 7.668522864282066
715 9.067991391810116
716 8.188400998041933
717 8.87092712841711
718 7.917226628214345
719 8.131627086797433
720 7.635612771585453
721 7.775303517124348
722 10.599177311194136
723 7.7127955122050444
724 6.653663035830682
725 7.539244312237597
726 8.488462278294083
727 8.279904798534787
728 8.016786649610996
729 7.753651087722265
730 7.787388059067834
731 9.869984461215385
732 8.092540215269928
733 8.042101191484067
734 8.315021388446446
735 7.854979577381386
736 8.60567574629461
737 7.813293477913492
738 7.636343015305597
739 7.540772786501066
740 8.924859249160612
741 7.048443870402418
742 7.208041055807638
743 8.68115196679243
744 10.429936986727478
745 7.240600718350366
746 8.080714421507674
747 7.3274960564251765
748 9.439523325612312
749 7.93901836573088
750 9.514673583512453
751 8.315699461791715
752 8.40264014616713
753 7.764452961301129
754 7.250912716215401
755 7.854203270502264
756 7.673113438125533
757 7.820045297370469
758 8.13543793239349
759 8.108754246811122
760 8.734163774586351
761 8.243586531374989
762 7.941859155900101
763 8.4655721513435
764 7.719828703019619
765 7.578556985299577
766 9.097420608225072
767 9.370703740526498
768 7.093602163846823
769 8.84223137468663
770 9.44534211048568
771 9.835873883633324
772 7.041876510887644
773 8.250084407644183
774 9.736323288659753
775 8.001126135868375
776 8.745700915491744
777 8.789238297251659
778 8.642433095811729
779 8.132764068791058
780 7.948604511506679
781 9.058664520558322
782 8.822713930483872
783 7.902275611106087
784 7.694968694097026
785 7.5360767059644145
786 8.691613498006152
787 8.194365724791773
788 6.788683526441482
789 8.575386838538291
790 7.104642854267495
791 7.999624916044831
792 8.97668727320026
793 9.170583746282146
794 6.9666869682593635
795 7.044787145023576
796 9.022155553435239
797 8.799926418596828
798 8.301909689194682
799 8.152344619455183
800 8.265017368056792
801 8.339935726783533
802 7.608478318240161
803 7.7142670218671165
804 8.450505802660123
805 6.16871827647443
806 8.937830933744252
807 8.190023295907519
808 8.858005340552419
809 8.883319565821571
810 7.292109644293327
811 7.176193987417884
812 8.48110639456781
813 7.786614582176131
814 7.040656437398743
815 8.502047049927693
816 7.798578308143135
817 8.644618516662463
818 7.3051127715613
819 9.212160241015846
820 9.173411732529207
821 9.772855514950379
822 5.852302725811542
823 7.76561597280749
824 9.119217539466318
825 8.806810822537368
826 9.08325696480112
827 9.447723539931893
828 7.609592944090137
829 7.216983587533178
830 8.030321818141429
831 8.272562418026299
832 7.787144118191514
833 8.401344308926914
834 8.74247994110782
835 7.52401318932581
836 8.592682354424776
837 8.259294938043864
838 7.597179383573241
839 8.044286943620117
840 8.669259914239344
841 8.113977549717927
842 8.49753307747838
843 8.438588801476122
844 5.7384274096427665
845 8.096937192796604
846 8.867451196311961
847 7.942534076685994
848 7.248548518085536
849 8.55521205943972
850 9.53944641401425
851 6.565025974418531
852 6.360642718434473
853 7.190537698318312
854 9.636744754174956
855 9.577826367069706
856 8.183404178396469
857 7.86697029377284
858 9.03787417196379
859 7.59225717134876
860 8.960688861475369
861 8.035043418278223
862 7.4455029844154765
863 8.866902106634097
864 7.7935268549125025
865 9.170971945043592
866 8.571965362067616
867 9.210898385027848
868 8.270702951381887
869 7.964184374964206
870 8.981972019216597
871 7.950607995530784
872 8.128082578742758
873 8.50390454729912
874 8.028325590472253
875 10.004018590983888
876 10.113045261272584
877 7.980002893302392
878 8.848987840362298
879 7.419237832522949
880 7.333627768486403
881 8.645261980612151
882 8.649146700857273
883 8.20671254758517
884 8.107326744512752
885 9.220134578434202
886 7.225943985477238
887 7.949239660052453
888 7.45056541413314
889 7.244438695723489
890 8.295623648997424
891 7.693291447874145
892 6.6665172321414845
893 7.787005651503927
894 8.29389161069189
895 7.296398040629995
896 8.195483759168471
897 7.226390563125838
898 8.92519824208869
899 8.452889169422212
900 8.456589048623204
901 7.654459452985846
902 7.684878651003504
903 9.373005979505692
904 6.999207371189444
905 7.262139423232278
906 7.418632032457757
907 8.85332656703672
908 9.20755704272566
909 8.76335595335344
910 9.246581111261063
911 7.3081412363251586
912 8.422773995080806
913 7.217733950412052
914 9.413877744674998
915 5.708718846769024
916 7.369274011694589
917 7.3369185828290675
918 7.922980376183532
919 7.773421420236926
920 7.68243465851169
921 8.085196405627176
922 9.262198352188316
923 8.42408451275299
924 9.421038462419395
925 7.924438016107567
926 7.541604232091641
927 8.157777572731119
928 8.95238456002948
929 6.538868108927779
930 8.128301670521406
931 7.388258364847822
932 7.143042665600491
933 7.62010763250941
934 8.299049034940131
935 7.877302441744339
936 8.28229594103045
937 9.035552799797433
938 8.115486906356317
939 8.89362929447254
940 8.250913385684665
941 9.68902434575597
942 7.634865465319085
943 8.159218016367907
944 9.117052897362296
945 7.934767063030737
946 8.027544939512698
947 7.797762781182863
948 8.049027791536288
949 7.710888803674071
950 9.99432698691187
951 6.833373946459507
952 8.597705855303655
953 7.922295136259117
954 8.227944792550073
955 8.682015191217783
956 8.712675284549938
957 8.335676844635676
958 8.92267130263784
959 7.55850964645752
960 7.8169374866263235
961 8.178948146647183
962 7.636909302241969
963 8.528620303583446
964 6.571989213259485
965 10.563313740076003
966 8.458525676093982
967 6.930875269685218
968 8.716998584440498
969 9.106067126342595
970 8.393316008531798
971 8.982084930826035
972 8.83261473949016
973 7.363367607434049
974 8.726943272315195
975 7.411891302772486
976 8.113689179140684
977 8.057615230598909
978 7.312412098188204
979 9.443156838153529
980 8.015078479636493
981 6.690899733097191
982 9.316187025602929
983 7.620474307914527
984 6.941050952889636
985 8.28537689261382
986 8.04939222506657
987 8.254116341280767
988 7.256989355354647
989 7.241884957043533
990 6.159798289491234
991 6.660806385927125
992 9.06473345888906
993 8.500306653471114
994 8.594451195573281
995 7.455968145164303
996 8.3935967416155
997 7.817043788406417
998 8.536448201348804
999 7.264264263959281
1000 9.088668725454584
