1 5.795650131383239
2 5.257707597234395
3 5.20119761623872
4 5.063233920725818
5 5.097469687148487
6 5.184346292213338
7 4.693973134891892
8 4.790440623371494
9 4.603840926814202
10 4.754981780761858
11 4.972032005094432
12 4.74305460430357
13 4.879810274357813
14 4.878234546072418
15 4.6629805368811725
16 5.0568010514685025
17 4.761238081224912
18 4.989731206707521
19 4.671914642426494
20 4.3826096256925915
21 4.768342623152077
22 4.585172959854686
23 4.8636577069636
24 4.852705727737629
25 4.446452972447174
26 4.804010621696032
27 4.845361607783585
28 5.016448157566738
29 4.531688568090793
30 4.484290936690317
31 4.722792365729729
32 4.5835303017399145
33 4.521203057576468
34 4.477369732361441
35 4.719675521176396
36 4.757851650226472
37 4.780616628564915
38 4.89086748625721
39 4.972265321963029
40 4.737821316130243
41 4.859768332029131
42 4.8052638799828395
43 4.667606929732957
44 4.869388729417779
45 4.404963271865867
46 4.633153650306669
47 4.921280859830072
48 4.880731843482399
49 4.717658498895122
50 4.851783619082262
51 4.588303093736309
52 4.848526263237166
53 4.491210206174325
54 4.612484510910117
55 4.914124972736779
56 4.59999818093121
57 5.067175462196643
58 4.63301688429769
59 4.620723072754304
60 4.552674120359046
61 4.963569971662021
62 4.593237828445594
63 4.72281437439048
64 4.594047353100899
65 5.155960040078849
66 4.601748369757376
67 4.6742912425114564
68 4.430052833388475
69 4.6720754729191505
70 4.5479323570982615
71 4.774386124387142
72 4.7854098257708335
73 4.509445245753443
74 4.520535862353544
75 4.748135523843254
76 4.625555399280589
77 4.744717667769783
78 4.728398729835238
79 5.012634716244413
80 4.371391636582282
81 4.66882350488128
82 4.612967544839456
83 4.83960099820404
84 4.469001137280608
85 4.595469634903029
86 4.671675209855298
87 4.48566104585004
88 4.543589281029776
89 5.0672269716100224
90 5.077596725551525
91 4.932008518021295
92 4.6788035714150595
93 4.162581078725041
94 4.405810208871815
95 4.615713138400031
96 4.55138377563717
97 4.4922294082039365
98 4.732194985679109
99 5.114921837955551
100 4.311029017785813
101 5.194733166273387
102 4.702062219050051
103 4.594487073948053
104 5.144801553293002
105 4.460467407075559
106 4.540705987487763
107 4.37534388662431
108 4.4642055668267995
109 4.463983130551299
110 4.738975633166545
111 4.588443978021102
112 5.180566516536539
113 5.032758321753451
114 4.509517659304906
115 4.839906691710544
116 4.652586203369403
117 4.709885666253167
118 4.690293176362427
119 4.429029078591269
120 5.163991954764671
121 4.800500327598096
122 4.789867708985427
123 4.728940989532244
124 5.156186130279185
125 4.3995736447358516
126 4.835581468360941
127 4.444596020787374
128 4.707789337943216
129 4.72374880941301
130 4.696017292351552
131 4.916414491235519
132 4.6331977424917765
133 4.56269240564527
134 4.501901561735702
135 4.7942345255575285
136 5.111828904482087
137 4.3176181276801895
138 4.358023673374745
139 4.978517190585506
140 4.614745921469278
141 5.027690563018023
142 4.672125557719755
143 4.669845141148857
144 4.3272206008012075
145 4.7331933868188125
146 4.538588909774978
147 4.548596608733657
148 4.800053494866681
149 4.524407711286777
150 4.850335162186529
151 4.786785807264604
152 4.736889251158429
153 4.747085917589732
154 4.889952530411812
155 4.284749069064365
156 4.752690459504883
157 4.757039201549154
158 4.705212830148925
159 4.49406350461407
160 4.571906752257193
161 4.581426609099782
162 4.6513194379788985
163 4.598085972859791
164 4.626481580999488
165 4.812365562021794
166 4.812130796586369
167 4.581671138064188
168 4.888444287758755
169 4.8337439477594115
170 4.509259616231427
171 4.819801951841484
172 4.549606497397838
173 4.851323993166745
174 4.632293545747979
175 4.501322162825965
176 4.769049820555201
177 4.396949933764255
178 4.652694322073319
179 4.812136526558672
180 4.889804739365265
181 4.669903229255742
182 4.58723656292461
183 4.912442515973142
184 4.692189505604047
185 4.846388233366736
186 4.690746949834468
187 4.3821124968110325
188 4.7620065765029125
189 4.552496652297448
190 4.7775987054636255
191 4.785102480088827
192 4.961536878220027
193 5.0762018266461215
194 4.794618320674624
195 5.216488430019668
196 4.158269573109175
197 4.581453310481257
198 4.920352541860909
199 4.889762431510508
200 4.681934150299868
201 4.908007977094495
202 4.68223736041852
203 5.197593362706874
204 4.756202272106614
205 5.1695326108984005
206 4.672573201059973
207 4.969328266062712
208 4.610703608483993
209 4.9849422314552925
210 5.027896505663172
211 4.80254494477904
212 4.743811529225501
213 4.7899811599042295
214 4.546088732857925
215 4.884414867622492
216 4.7686958538949
217 4.699152694756139
218 5.146309659276527
219 4.6565187888766
220 5.0742996107981195
221 4.7699717751201085
222 4.241110530207789
223 4.569142415308723
224 4.785592084211877
225 4.69216655517373
226 4.092772119327863
227 4.774933843143107
228 4.442163111455051
229 4.585776071757342
230 5.115346906344855
231 4.546893671663395
232 4.412754832550665
233 4.941728745315719
234 4.480023876667601
235 4.615690636517265
236 4.8944315304067505
237 4.659072642701479
238 4.741380588379247
239 4.687390030374099
240 4.684963467348329
241 4.272626296445414
242 5.145730911582828
243 4.884279262990236
244 5.137867808509086
245 4.692624515635232
246 4.60719505753809
247 5.1780522954378565
248 4.630173212775658
249 4.80101347624934
250 4.8032395800244645
251 4.467541021720761
252 4.61485490962832
253 4.984792277565536
254 4.674070474334674
255 4.507428144336276
256 4.535968688302465
257 4.341585522984311
258 4.623587922136953
259 4.5685814108442955
260 4.789482580077319
261 4.927846326829561
262 4.332006334709597
263 4.720893526483195
264 5.143464534281776
265 5.144391690897298
266 4.813872661255947
267 4.803742257721531
268 4.497152203796063
269 4.139188394039589
270 4.423781931558182
271 4.585525470245534
272 4.921028351354623
273 4.323698688705279
274 4.778033430105906
275 4.508297478512035
276 4.409082583776937
277 4.5312065166368924
278 4.76790716305038
279 4.404102676205838
280 4.576984291516255
281 4.6861150286194535
282 4.533513541258228
283 4.871258546950938
284 4.565606525624014
285 4.909770407935357
286 4.663630220012791
287 4.721118445401614
288 4.7288141941555395
289 4.598753556059511
290 5.074853405327355
291 4.626622459306507
292 4.420782167320284
293 4.787311779904416
294 4.613685514880373
295 4.414533762686771
296 4.734909984935394
297 4.535406911793851
298 4.665740149001633
299 4.995250871576409
300 4.543364817889384
301 4.789477474432869
302 4.768367081365149
303 4.802730202098816
304 4.560955896662066
305 4.743384257549847
306 4.577885406532695
307 4.982560075372867
308 4.634405956030773
309 4.55534715731942
310 4.830781952390364
311 4.745444447980672
312 4.579856592424007
313 4.618041220209035
314 4.7034241651114685
315 5.116706595134115
316 4.485227530604321
317 5.309807432743182
318 4.568935464668711
319 4.767843596811325
320 4.6143946051154385
321 4.744948253738488
322 4.918283734950462
323 4.628333110533252
324 4.7086269620898715
325 4.888340502861789
326 4.523909913759054
327 4.672884473603498
328 4.647640463994346
329 4.4939897252389
330 4.770364964475928
331 4.546333664173769
332 4.793605155983941
333 4.406831405180229
334 4.560727356641994
335 4.4694648630056415
336 4.617761883369
337 4.908311754390466
338 4.884368960664484
339 5.01116583140921
340 4.307981934926081
341 4.738277705966629
342 4.899053774528836
343 4.826041751254112
344 4.744693088772364
345 4.909948015729444
346 4.437719043716942
347 4.500267274177414
348 4.399544180484538
349 4.753385025195003
350 4.432571943144177
351 4.628744262930207
352 4.764953509586678
353 4.465927433565488
354 4.5578620376344166
355 4.626129957173031
356 4.789253919323808
357 4.607975876831052
358 4.75324616606737
359 4.856791569851276
360 4.731141348000781
361 4.719127426264892
362 4.422737270209087
363 4.254186549706778
364 4.651375042853605
365 4.369554659038893
366 4.616776859334807
367 4.677158132368834
368 4.665713859533215
369 5.059748203667002
370 4.170540595115488
371 4.545171918672176
372 4.645920172316696
373 4.9467701646458675
374 4.73374798287375
375 4.9175839421177
376 4.417973723050429
377 4.896311248989481
378 4.701589941243472
379 4.5807773441197375
380 4.697408331264321
381 4.5366827691765135
382 4.736226330857194
383 4.486207100239756
384 5.012364535751943
385 4.527620121039014
386 4.674267226104105
387 4.579231500757404
388 4.970922834663541
389 4.298462749338661
390 4.712708853392155
391 4.9505932192088125
392 4.600009238045361
393 4.995391039568539
394 4.657277578775463
395 4.50624281339266
396 4.380087421436221
397 4.665638793511121
398 4.620129108099416
399 4.267685698400769
400 4.737764287829579
401 4.455815234596856
402 4.51524661547283
403 4.767540559238885
404 4.752638275233092
405 4.539984923458497
406 4.784354406670474
407 4.989183563240156
408 4.925130327063143
409 4.765767812635841
410 4.476731909850478
411 4.403657157088763
412 4.63263589383203
413 4.9361188189167535
414 4.685289253654989
415 4.4433483704327035
416 4.78381723619991
417 4.882863522900431
418 4.9097195691165565
419 4.612761880802195
420 5.014732571896459
421 5.109101700903941
422 4.502028401371372
423 4.5921684327040815
424 4.761089900631665
425 4.6847627242092305
426 5.084218294368859
427 4.555249555220635
428 4.921942859757916
429 4.333728981961083
430 4.550634500830405
431 5.050662619718121
432 5.0786232214841815
433 4.400030105482503
434 4.488308736589072
435 4.606096051412516
436 4.222985467688436
437 4.622346159425386
438 4.476100691238209
439 4.417816721541959
440 4.913814889611117
441 4.681770060465588
442 4.806280177200358
443 4.540076898398796
444 4.755954587006734
445 4.2814150049537485
446 4.756589411366375
447 4.914977648665382
448 4.824965561555244
449 4.556304682015873
450 4.564191247896244
451 4.9678297836205365
452 4.918957768492898
453 4.710138191701592
454 5.022598193667846
455 4.326306374459844
456 4.7388831154530076
457 4.682405879302853
458 4.507066159703962
459 4.531153867346035
460 4.495201768708841
461 4.641323993373497
462 4.394516850001364
463 4.975038761202395
464 4.912491068565614
465 4.615418091039184
466 4.934611935664724
467 4.70192900279787
468 4.797079175741086
469 4.3600599231056325
470 4.906683172552404
471 4.780696644821567
472 4.544053507109675
473 4.486742098435605
474 4.873094152581131
475 5.031481224251661
476 4.967811147292489
477 4.946943540095728
478 4.59226894034987
479 4.608221698027767
480 5.005605149741839
481 5.092673073325788
482 4.8524503748477725
483 4.875907417338383
484 4.557799200789016
485 4.844193554347614
486 4.6129772340005
487 4.878841494076065
488 4.626691606584309
489 4.477166796723403
490 4.800070436454059
491 4.758813182861986
492 4.9159068287167225
493 4.582883365092579
494 4.98659273397049
495 4.338221265859349
496 4.545071089799879
497 5.0708525335469465
498 4.663547975146542
499 4.383510775653589
500 4.512240822968228
501 4.708635622053869
502 4.539311241976124
503 4.762467870621827
504 4.909970887277846
505 4.8301321690713195
506 4.722739878769586
507 5.016028772799473
508 4.919757051833837
509 4.904254675642607
510 4.338229461924465
511 4.686429521059477
512 4.803000430985948
513 4.83440186352389
514 4.2675560409803435
515 4.75288621267032
516 4.496289751146729
517 5.092716162882457
518 4.581191175601394
519 5.178601436941614
520 4.806467700359415
521 4.262373385749486
522 4.921713486581902
523 5.1436351659284085
524 4.89200593404127
525 4.711402625080176
526 4.8005311206504455
527 4.707778182717263
528 4.605252359797975
529 4.991796805957336
530 4.717565345703688
531 4.530166942251024
532 4.790892273407983
533 4.902666279834465
534 4.4907361857065125
535 4.464344212249653
536 4.647631917110095
537 4.61632590943895
538 5.153515263360852
539 5.157758228763914
540 4.934068218328777
541 4.802827471188195
542 4.791715518502227
543 4.608620913817101
544 4.600399442648268
545 4.919542686686975
546 5.031018425758379
547 4.6068347488513846
548 5.268600728395159
549 4.656500131950829
550 5.050084727253159
551 4.439358697712843
552 4.573807435902124
553 4.694899982680406
554 4.405971166387464
555 4.493719340803098
556 4.533819402574251
557 4.79899510954789
558 4.853726119946908
559 4.704852092735254
560 4.812656524179161
561 5.056609459888965
562 4.594283950691944
563 4.710178096456416
564 4.17908059053556
565 4.650586819306818
566 4.272653324663515
567 4.562018719526606
568 4.484398853808507
569 4.498550081308486
570 4.824834211248566
571 4.77523222356358
572 4.635971582902691
573 4.530597265051197
574 4.732976103094411
575 4.535421510650092
576 4.818204893240439
577 4.5313524038970545
578 4.725422442473436
579 4.7621149906764915
580 4.643195365467659
581 4.740446216972058
582 4.663756245660877
583 4.83321862545591
584 4.569067117282601
585 4.811497783593926
586 5.130988123315167
587 4.157501561062374
588 4.51757215316273
589 4.844957878057194
590 4.843567899175452
591 4.6626034404863965
592 4.55448752047774
593 4.522806764917246
594 5.2714733570805885
595 4.439445371304276
596 4.978917016474322
597 4.974934679180205
598 4.985210710938121
599 5.103567586995005
600 4.775090779075942
601 4.663745857220787
602 4.144973438656788
603 4.763329469516032
604 4.874123973134634
605 4.68113083085027
606 4.719450389253989
607 4.81259651672791
608 4.676446940082719
609 4.488621067204867
610 4.771123071261598
611 4.920239400847924
612 4.60386684518638
613 4.576703583056349
614 4.700293537276402
615 5.479335036887251
616 5.036616396390592
617 5.211337729118427
618 4.881720907011313
619 4.567553928315188
620 4.6707574988442415
621 4.505946097193069
622 4.351186461402715
623 4.806856877173709
624 4.770598341398665
625 4.630393274944627
626 4.768462493001303
627 4.567931083621173
628 4.699535047143762
629 4.7757520307834715
630 4.434889890678036
631 4.735355319690499
632 4.699583284150281
633 4.392752494459164
634 4.5340927020706525
635 4.599441533082653
636 4.781483990762224
637 4.312390733235857
638 4.393003757175151
639 4.4014197012807355
640 4.661255265767026
641 4.782458850550134
642 4.858476896273411
643 4.679529294566208
644 4.54901820997559
645 4.8922923861971634
646 4.947499637195068
647 4.701399597061336
648 4.358244256532499
649 4.5619007582633895
650 4.744746026309301
651 5.042671154804956
652 4.424667515693538
653 4.58608209672372
654 4.585210535263507
655 4.607037653440021
656 4.876797583536293
657 4.6942177036232176
658 4.823479564143132
659 4.940438244369249
660 4.898389463252777
661 4.707191156622357
662 4.721101477998237
663 4.507441085954039
664 4.164897002226162
665 4.298757838952617
666 4.81437531538219
667 4.3549917522241905
668 5.073194453955021
669 4.553471764303963
670 4.681542536638034
671 4.63395312645802
672 4.964303431267626
673 4.552868826257165
674 4.780117696431288
675 4.614565871791003
676 4.633661642301389
677 5.0379853210795025
678 5.150789393657272
679 4.811111291363663
680 4.499082546105941
681 4.367211616623353
682 4.464301468010074
683 4.939278392906057
684 4.639864475652348
685 4.669932790998084
686 4.597906610252818
687 4.5896311441877495
688 4.73584870970145
689 4.888108191600852
690 4.858494621396244
691 4.43701810527728
692 4.687914543345797
693 4.518322071990597
694 4.7853762841636645
695 4.911148399293605
696 4.6991965942039835
697 4.682497255007127
698 4.24297458556512
699 4.8180551627918
700 5.086167591873707
701 5.113625339751146
702 4.972087248513044
703 4.641262307236795
704 4.845547390634594
705 4.855531256338155
706 4.9102724668634545
707 4.273245972284563
708 4.633065781520754
709 4.95992680074155
710 4.667303710550772
711 4.827831631406434
712 5.013148845868111
713 5.0514502248735615
714 4.921430299922178
715 4.602647794878291
716 5.002629117360551
717 4.786626780713173
718 4.708290160805201
719 4.487170791542653
720 4.66936527190699
721 4.726590141483816
722 4.616961771355517
723 4.184281147661156
724 4.668869102299332
725 4.954452729638406
726 4.853466774239083
727 4.787995444471817
728 4.897065249276874
729 4.977476960050082
730 4.76599264166518
731 4.789035501933523
732 4.744139426114811
733 5.0262949727400175
734 4.6071848640757675
735 4.918028940105374
736 4.669760541641061
737 4.87637545295779
738 4.994518013864829
739 5.184081508120412
740 4.890555947164629
741 4.4074231572276625
742 5.2370959538867465
743 4.676710436289324
744 4.730874456131198
745 4.505335449352758
746 4.592879615059626
747 4.873970828927471
748 4.484323420345619
749 4.656114306349172
750 4.680898176317993
751 4.3765286954224685
752 4.692038788731327
753 4.894717432639636
754 4.806007977680685
755 4.338023928246818
756 4.926065234788954
757 4.971999608888998
758 4.029975780555151
759 4.516045909228414
760 5.112593279030549
761 4.520844650780737
762 5.128490166341677
763 4.827839957333089
764 4.772266437228418
765 4.864749116620015
766 4.289622816308287
767 4.4275042158317435
768 4.835138425552844
769 4.790665482141014
770 4.789888430381709
771 4.531404140506827
772 4.642559981714323
773 4.877127403425762
774 4.831807626962104
775 4.550405955604648
776 4.663882711842996
777 4.683761460369124
778 4.498789996117244
779 4.665735096607188
780 4.938374081673687
781 4.754956559600863
782 4.741415125930418
783 4.868041962655811
784 5.073002175283856
785 4.652248191357402
786 4.593288695517777
787 4.76159211967371
788 4.272419206900694
789 4.680542882337201
790 4.630761329084474
791 4.470927423867907
792 4.989177830194379
793 4.930443077368858
794 4.7126718467724675
795 5.084285623278828
796 4.786631314122719
797 5.172488002523047
798 4.775194156529668
799 5.160611226318146
800 4.674639244345729
801 4.885239672569373
802 4.646540154257732
803 4.531492608526174
804 4.6116317303351515
805 4.697399591884423
806 4.1829554215600195
807 4.86886250517117
808 4.444349961584566
809 4.817271224255107
810 4.473296553647292
811 4.729842454301531
812 4.4050578860799625
813 4.799807900793719
814 4.118141564232361
815 4.797949689116241
816 4.752089513181502
817 4.3774531661837965
818 4.137245145537971
819 4.4261739861391725
820 5.02770324063225
821 4.727981497784361
822 4.330208419004643
823 4.542642902549166
824 4.7257576089004845
825 4.322555411358993
826 4.767534190522451
827 3.983429207344747
828 4.471327677552808
829 4.872427986451388
830 4.98496369101167
831 4.432700896370176
832 4.623476611534734
833 4.660871637844252
834 4.608277970424166
835 4.442499386111028
836 4.316487724378302
837 4.7440613913931795
838 4.22644844601126
839 4.584543437631268
840 4.437558843561697
841 4.425146966233532
842 4.870338056452061
843 4.982299827350748
844 4.3602580484028435
845 4.426719810643867
846 4.809927492113865
847 4.5877454838284395
848 4.800170900220096
849 4.476896484050938
850 4.4192968787663665
851 4.754480440427506
852 4.57793585712663
853 4.548134292138436
854 4.713769925532607
855 5.142927720153228
856 4.438688066288657
857 4.811754672774927
858 4.90592303264734
859 4.907397758728241
860 4.9958332673250565
861 4.567283481536194
862 4.4765177555694455
863 4.892099630815664
864 4.5709676816906155
865 4.376350483827344
866 4.406882572091245
867 4.617165629515196
868 5.335783156069652
869 4.476695521427962
870 4.743277483251665
871 4.631235062778052
872 4.591811305139684
873 5.038349715786459
874 4.697894762950532
875 4.522644649848956
876 4.518247026983061
877 4.728503308850656
878 4.412859596259003
879 4.658437949115931
880 4.720758434953216
881 4.499417834982661
882 4.933664723258981
883 4.720394799408567
884 4.790174112289107
885 4.694083041280097
886 4.794489383584545
887 4.371408396574145
888 4.566412376403023
889 4.680295091308656
890 5.046210367907948
891 4.702430566971071
892 4.714597133398711
893 4.834010883054288
894 4.943808881881745
895 4.775359661329985
896 4.617844579469245
897 4.316721317386172
898 5.066764663929525
899 5.032513935837814
900 4.360405910931269
901 4.614406887437612
902 4.407020465931375
903 4.663251594835072
904 4.971503123258117
905 4.415695420356544
906 4.99964409952975
907 4.550800403843205
908 4.923437275041482
909 5.0010769408862945
910 4.7499067771440195
911 4.932193288786863
912 4.620268780632895
913 4.590206448854577
914 4.491356896693105
915 4.64423846341929
916 4.576678072587711
917 4.838491369843537
918 4.7976610159840325
919 4.386141579541732
920 4.6991409854273805
921 5.454376493451703
922 4.599853561829083
923 4.933062285935664
924 4.544830718934901
925 4.539143458677911
926 4.851962365328531
927 4.641657537524789
928 4.860449255869645
929 4.688137424303896
930 4.783109912351639
931 4.282032449994745
932 4.984176025015318
933 4.947396811515296
934 4.5233255094344615
935 4.754598891696082
936 4.825342443445647
937 4.828332646395025
938 5.0182478155263395
939 4.493484038727726
940 5.169564698382863
941 4.538982798947611
942 4.454058714887902
943 4.330881965428552
944 4.885439241400877
945 4.481793186375498
946 4.473985793859222
947 4.694938243762936
948 4.662014563378067
949 4.920149954051786
950 4.800144136284704
951 4.742165304005938
952 5.1043577886823694
953 4.92473195135916
954 4.840636615392419
955 4.713845279049079
956 4.82136181419298
957 4.632232015936933
958 4.391215718884512
959 4.774625229364312
960 4.718156503720949
961 4.35613259663043
962 4.8539334813985935
963 4.662794311932769
964 4.58947166855037
965 4.796137648782472
966 4.378034298295547
967 4.746542923940082
968 4.820289822227545
969 5.073269514472056
970 4.740085251424595
971 5.208595093057816
972 5.228948540340788
973 4.870997500892789
974 4.493922682676106
975 4.471673792797804
976 4.568409588574776
977 4.7567681220987215
978 4.77403126660528
979 4.634529278302809
980 4.844455643512914
981 4.408096038398303
982 4.8736204899639795
983 4.473229235158899
984 5.299011946058906
985 4.742717182033524
986 4.50320077645328
987 4.760067129737947
988 4.695634189478429
989 4.789671234585541
990 4.528392746974793
991 4.812807729725653
992 4.655398545420332
993 4.232994122961925
994 4.802001615516712
995 4.798473078741546
996 4.649068265365926
997 4.816085523794801
998 4.748344721975489
999 4.68609942997164
1000 4.808898777831355
