1 -1.909295603588844
2 -1.909295603588844
3 -1.909295603588844
4 -1.909295603588844
5 -1.909295603588844
6 -1.909295603588844
7 -1.909295603588844
8 -1.909295603588844
9 -1.909295603588844
10 -1.909295603588844
11 -1.909295603588844
12 -1.909295603588844
13 -1.911548804214466
14 -1.911548804214466
15 -1.911548804214466
16 -1.911548804214466
17 -1.911548804214466
18 -1.911548804214466
19 -1.911548804214466
20 -1.911548804214466
21 -1.911548804214466
22 -1.911548804214466
23 -1.911548804214466
24 -1.911548804214466
25 -1.911548804214466
26 -1.911548804214466
27 -1.911548804214466
28 -1.911548804214466
29 -1.911548804214466
30 -1.911548804214466
31 -1.911548804214466
32 -1.911548804214466
33 -1.911548804214466
34 -1.911548804214466
35 -1.911548804214466
36 -1.911548804214466
37 -1.911548804214466
38 -1.911548804214466
39 -1.911548804214466
40 -1.911548804214466
41 -1.911548804214466
42 -1.911548804214466
43 -1.911548804214466
44 -1.911548804214466
45 -1.911548804214466
46 -1.911548804214466
47 -1.911548804214466
48 -1.911548804214466
49 -1.911548804214466
50 -1.911548804214466
51 -1.911548804214466
52 -1.911548804214466
53 -1.911548804214466
54 -1.911548804214466
55 -1.911548804214466
56 -1.911548804214466
57 -1.911548804214466
58 -1.911548804214466
59 -1.912692714580157
60 -1.912692714580157
61 -1.912692714580157
62 -1.912692714580157
63 -1.912692714580157
64 -1.912692714580157
65 -1.912692714580157
66 -1.912692714580157
67 -1.912692714580157
68 -1.912692714580157
69 -1.912692714580157
70 -1.912692714580157
71 -1.912692714580157
72 -1.912692714580157
73 -1.912692714580157
74 -1.912692714580157
75 -1.912692714580157
76 -1.912692714580157
77 -1.912692714580157
78 -1.913192431465875
79 -1.913192431465875
80 -1.913192431465875
81 -1.913192431465875
82 -1.913192431465875
83 -1.913192431465875
84 -1.913192431465875
85 -1.913192431465875
86 -1.913192431465875
87 -1.913192431465875
88 -1.913192431465875
89 -1.913192431465875
90 -1.913192431465875
91 -1.913192431465875
92 -1.913192431465875
93 -1.913192431465875
94 -1.913192431465875
95 -1.913192431465875
96 -1.913192431465875
97 -1.913192431465875
98 -1.913192431465875
99 -1.913192431465875
100 -1.913192431465875
101 -1.913192431465875
102 -1.913192431465875
103 -1.913192431465875
104 -1.913192431465875
105 -1.913192431465875
106 -1.913192431465875
107 -1.913192431465875
108 -1.913192431465875
109 -1.913192431465875
110 -1.913192431465875
111 -1.913192431465875
112 -1.913192431465875
113 -1.913192431465875
114 -1.913192431465875
115 -1.913192431465875
116 -1.913192431465875
117 -1.913192431465875
118 -1.913192431465875
119 -1.913192431465875
120 -1.913192431465875
121 -1.913192431465875
122 -1.913192431465875
123 -1.913192431465875
124 -1.913192431465875
125 -1.913192431465875
126 -1.913192431465875
127 -1.913192431465875
128 -1.913192431465875
129 -1.913192431465875
130 -1.913192431465875
131 -1.913192431465875
132 -1.913192431465875
133 -1.913192431465875
134 -1.913192431465875
135 -1.913192431465875
136 -1.913192431465875
137 -1.913192431465875
138 -1.913192431465875
139 -1.913192431465875
140 -1.913192431465875
141 -1.913192431465875
142 -1.913192431465875
143 -1.913192431465875
144 -1.913192431465875
145 -1.913192431465875
146 -1.913192431465875
147 -1.913192431465875
148 -1.913192431465875
149 -1.913192431465875
150 -1.913192431465875
151 -1.913192431465875
152 -1.913192431465875
153 -1.913192431465875
154 -1.913192431465875
155 -1.913192431465875
156 -1.913192431465875
157 -1.913192431465875
158 -1.913192431465875
159 -1.913192431465875
160 -1.913192431465875
161 -1.913192431465875
162 -1.913192431465875
163 -1.913192431465875
164 -1.913192431465875
165 -1.913192431465875
166 -1.913192431465875
167 -1.913192431465875
168 -1.913192431465875
169 -1.913192431465875
170 -1.913192431465875
171 -1.913192431465875
172 -1.913192431465875
173 -1.913192431465875
174 -1.913192431465875
175 -1.913192431465875
176 -1.913192431465875
177 -1.913192431465875
178 -1.913192431465875
179 -1.913192431465875
180 -1.913192431465875
181 -1.913192431465875
182 -1.913192431465875
183 -1.913192431465875
184 -1.913192431465875
185 -1.913192431465875
186 -1.913192431465875
187 -1.913192431465875
188 -1.913192431465875
189 -1.913192431465875
190 -1.913192431465875
191 -1.913192431465875
192 -1.913192431465875
193 -1.913192431465875
194 -1.913192431465875
195 -1.913192431465875
196 -1.913192431465875
197 -1.913192431465875
198 -1.913192431465875
199 -1.913192431465875
200 -1.913192431465875
201 -1.913192431465875
202 -1.913192431465875
203 -1.913192431465875
204 -1.913192431465875
205 -1.913192431465875
206 -1.913192431465875
207 -1.913192431465875
208 -1.913192431465875
209 -1.913192431465875
210 -1.913192431465875
211 -1.913192431465875
212 -1.913192431465875
213 -1.913192431465875
214 -1.913192431465875
215 -1.913192431465875
216 -1.913192431465875
217 -1.913192431465875
218 -1.913192431465875
219 -1.913192431465875
220 -1.913192431465875
221 -1.913192431465875
222 -1.913192431465875
223 -1.913192431465875
224 -1.913192431465875
225 -1.913192431465875
226 -1.913192431465875
227 -1.913192431465875
228 -1.913192431465875
229 -1.913192431465875
230 -1.913192431465875
231 -1.913192431465875
232 -1.913194301665591
233 -1.913194301665591
234 -1.913194301665591
235 -1.913194301665591
236 -1.913194301665591
237 -1.913194301665591
238 -1.913194301665591
239 -1.913194301665591
240 -1.913194301665591
241 -1.913194301665591
242 -1.913194301665591
243 -1.913194301665591
244 -1.913194301665591
245 -1.913194301665591
246 -1.913194301665591
247 -1.913194301665591
248 -1.913194301665591
249 -1.913194301665591
250 -1.913194301665591
251 -1.913194301665591
252 -1.913194301665591
253 -1.913194301665591
254 -1.913194301665591
255 -1.913194301665591
256 -1.913194301665591
257 -1.913194301665591
258 -1.913194301665591
259 -1.913194301665591
260 -1.913194301665591
261 -1.913194301665591
262 -1.913194301665591
263 -1.913194301665591
264 -1.913194301665591
265 -1.913194301665591
266 -1.913194301665591
267 -1.913194301665591
268 -1.913194301665591
269 -1.913194301665591
270 -1.913194301665591
271 -1.913194301665591
272 -1.913194301665591
273 -1.913194301665591
274 -1.913194301665591
275 -1.913194301665591
276 -1.913194301665591
277 -1.913194301665591
278 -1.913194301665591
279 -1.913194301665591
280 -1.913194301665591
281 -1.913194301665591
282 -1.913194301665591
283 -1.913194301665591
284 -1.913194301665591
285 -1.913194301665591
286 -1.913194301665591
287 -1.913194301665591
288 -1.913194301665591
289 -1.913194301665591
290 -1.913194301665591
291 -1.913194301665591
292 -1.913194301665591
293 -1.913194301665591
294 -1.913194301665591
295 -1.913194301665591
296 -1.913194301665591
297 -1.913194301665591
298 -1.913194301665591
299 -1.913194301665591
300 -1.913194301665591
301 -1.913194301665591
302 -1.913194301665591
303 -1.913194301665591
304 -1.913194301665591
305 -1.913194301665591
306 -1.913194301665591
307 -1.913194301665591
308 -1.913194301665591
309 -1.913194301665591
310 -1.913194301665591
311 -1.913194301665591
312 -1.913194301665591
313 -1.913194301665591
314 -1.913194301665591
315 -1.913194301665591
316 -1.913194301665591
317 -1.913194301665591
318 -1.913194301665591
319 -1.913194301665591
320 -1.913194301665591
321 -1.913194301665591
322 -1.913194301665591
323 -1.913194301665591
324 -1.913194301665591
325 -1.913194301665591
326 -1.913194301665591
327 -1.913194301665591
328 -1.913194301665591
329 -1.913194301665591
330 -1.913194301665591
331 -1.913194301665591
332 -1.913194301665591
333 -1.913194301665591
334 -1.913194301665591
335 -1.913194301665591
336 -1.913194301665591
337 -1.913194301665591
338 -1.913194301665591
339 -1.913194301665591
340 -1.913194301665591
341 -1.913194301665591
342 -1.913194301665591
343 -1.913194301665591
344 -1.913194301665591
345 -1.913194301665591
346 -1.913194301665591
347 -1.913194301665591
348 -1.913194301665591
349 -1.913194301665591
350 -1.913194301665591
351 -1.913194301665591
352 -1.913194301665591
353 -1.913194301665591
354 -1.913194301665591
355 -1.913194301665591
356 -1.913194301665591
357 -1.913194301665591
358 -1.913194301665591
359 -1.913194301665591
360 -1.913194301665591
361 -1.913194301665591
362 -1.913194301665591
363 -1.913194301665591
364 -1.913194301665591
365 -1.913194301665591
366 -1.913194301665591
367 -1.913194301665591
368 -1.913194301665591
369 -1.913194301665591
370 -1.913194301665591
371 -1.913194301665591
372 -1.913194301665591
373 -1.913194301665591
374 -1.913194301665591
375 -1.913194301665591
376 -1.913194301665591
377 -1.913194301665591
378 -1.913194301665591
379 -1.913194301665591
380 -1.913194301665591
381 -1.913194301665591
382 -1.913194301665591
383 -1.913194301665591
384 -1.913194301665591
385 -1.913194301665591
386 -1.913194301665591
387 -1.913194301665591
388 -1.913194301665591
389 -1.913194301665591
390 -1.913194301665591
391 -1.913194301665591
392 -1.913194301665591
393 -1.913194301665591
394 -1.913194301665591
395 -1.913194301665591
396 -1.913194301665591
397 -1.913194301665591
398 -1.913194301665591
399 -1.913194301665591
400 -1.913194301665591
401 -1.913194301665591
402 -1.913194301665591
403 -1.913194301665591
404 -1.913194301665591
405 -1.913194301665591
406 -1.913194301665591
407 -1.913194301665591
408 -1.913194301665591
409 -1.913194301665591
410 -1.913194301665591
411 -1.913194301665591
412 -1.913194301665591
413 -1.913194301665591
414 -1.913194301665591
415 -1.913194301665591
416 -1.913194301665591
417 -1.913194301665591
418 -1.913194301665591
419 -1.913194301665591
420 -1.913194301665591
421 -1.913194301665591
422 -1.913194301665591
423 -1.913194301665591
424 -1.913194301665591
425 -1.913194301665591
426 -1.913194301665591
427 -1.913194301665591
428 -1.913194301665591
429 -1.913194301665591
430 -1.913194301665591
431 -1.913194301665591
432 -1.913194301665591
433 -1.913194301665591
434 -1.913194301665591
435 -1.913194301665591
436 -1.913194301665591
437 -1.913194301665591
438 -1.913194301665591
439 -1.913194301665591
440 -1.913194301665591
441 -1.913194301665591
442 -1.913194301665591
443 -1.913194301665591
444 -1.913194301665591
445 -1.913194301665591
446 -1.913194301665591
447 -1.913194301665591
448 -1.913194301665591
449 -1.913194301665591
450 -1.913194301665591
451 -1.913194301665591
452 -1.913194301665591
453 -1.913194301665591
454 -1.913194301665591
455 -1.913194301665591
456 -1.913194301665591
457 -1.913194301665591
458 -1.913194301665591
459 -1.913194301665591
460 -1.913194301665591
461 -1.913194301665591
462 -1.913194301665591
463 -1.913194301665591
464 -1.913194301665591
465 -1.913194301665591
466 -1.913194301665591
467 -1.913194301665591
468 -1.913194301665591
469 -1.913194301665591
470 -1.913194301665591
471 -1.913194301665591
472 -1.913194301665591
473 -1.913194301665591
474 -1.913194301665591
475 -1.913194301665591
476 -1.913194301665591
477 -1.913194301665591
478 -1.913194301665591
479 -1.913194301665591
480 -1.913194301665591
481 -1.913194301665591
482 -1.913194301665591
483 -1.913194301665591
484 -1.913194301665591
485 -1.913194301665591
486 -1.913194301665591
487 -1.913194301665591
488 -1.913194301665591
489 -1.913194301665591
490 -1.913194301665591
491 -1.913194301665591
492 -1.913194301665591
493 -1.913194301665591
494 -1.913194301665591
495 -1.913194301665591
496 -1.913194301665591
497 -1.913194301665591
498 -1.913194301665591
499 -1.913194301665591
500 -1.913194301665591
501 -1.913194301665591
502 -1.913194301665591
503 -1.913194301665591
504 -1.913194301665591
505 -1.913194301665591
506 -1.913194301665591
507 -1.913194301665591
508 -1.913194301665591
509 -1.913194301665591
510 -1.913194301665591
511 -1.913194301665591
512 -1.913194301665591
513 -1.913194301665591
514 -1.913194301665591
515 -1.913194301665591
516 -1.913194301665591
517 -1.913194301665591
518 -1.913194301665591
519 -1.913194301665591
520 -1.913194301665591
521 -1.913194301665591
522 -1.913194301665591
523 -1.913194301665591
524 -1.913194301665591
525 -1.913194301665591
526 -1.913194301665591
527 -1.913194301665591
528 -1.913194301665591
529 -1.913194301665591
530 -1.913194301665591
531 -1.913194301665591
532 -1.913194301665591
533 -1.913194301665591
534 -1.913194301665591
535 -1.913194301665591
536 -1.913194301665591
537 -1.913194301665591
538 -1.913194301665591
539 -1.913194301665591
540 -1.913194301665591
541 -1.913194301665591
542 -1.913194301665591
543 -1.913194301665591
544 -1.913194301665591
545 -1.913194301665591
546 -1.913194301665591
547 -1.913194301665591
548 -1.913194301665591
549 -1.913194301665591
550 -1.913194301665591
551 -1.913194301665591
552 -1.913194301665591
553 -1.913194301665591
554 -1.913194301665591
555 -1.913194301665591
556 -1.913194301665591
557 -1.913194301665591
558 -1.913194301665591
559 -1.913194301665591
560 -1.913194301665591
561 -1.913194301665591
562 -1.913194301665591
563 -1.913194301665591
564 -1.913194301665591
565 -1.913194301665591
566 -1.913194301665591
567 -1.913194301665591
568 -1.913194301665591
569 -1.913194301665591
570 -1.913194301665591
571 -1.913194301665591
572 -1.913194301665591
573 -1.913194301665591
574 -1.913194301665591
575 -1.913194301665591
576 -1.913194301665591
577 -1.913194301665591
578 -1.913194301665591
579 -1.913194301665591
580 -1.913194301665591
581 -1.913194301665591
582 -1.913194301665591
583 -1.913194301665591
584 -1.9132180016814329
585 -1.9132180016814329
586 -1.9132180016814329
587 -1.9132180016814329
588 -1.9132180016814329
589 -1.9132180016814329
590 -1.9132180016814329
591 -1.9132180016814329
592 -1.9132180016814329
593 -1.9132180016814329
594 -1.9132180016814329
595 -1.9132180016814329
596 -1.9132180016814329
597 -1.9132180016814329
598 -1.9132180016814329
599 -1.9132180016814329
600 -1.9132180016814329
601 -1.9132180016814329
602 -1.9132180016814329
603 -1.9132180016814329
604 -1.9132180016814329
605 -1.9132180016814329
606 -1.9132180016814329
607 -1.9132180016814329
608 -1.9132180016814329
609 -1.9132180016814329
610 -1.9132180016814329
611 -1.9132180016814329
612 -1.9132180016814329
613 -1.9132180016814329
614 -1.9132180016814329
615 -1.9132180016814329
616 -1.9132180016814329
617 -1.9132180016814329
618 -1.9132180016814329
619 -1.9132180016814329
620 -1.9132180016814329
621 -1.9132180016814329
622 -1.9132180016814329
623 -1.9132180016814329
624 -1.9132180016814329
625 -1.9132180016814329
626 -1.9132180016814329
627 -1.9132180016814329
628 -1.9132180016814329
629 -1.9132180016814329
630 -1.9132180016814329
631 -1.9132180016814329
632 -1.9132180016814329
633 -1.9132180016814329
634 -1.9132180016814329
635 -1.9132180016814329
636 -1.9132180016814329
637 -1.9132180016814329
638 -1.9132180016814329
639 -1.9132180016814329
640 -1.9132180016814329
641 -1.9132180016814329
642 -1.9132180016814329
643 -1.9132180016814329
644 -1.9132180016814329
645 -1.9132180016814329
646 -1.9132180016814329
647 -1.9132180016814329
648 -1.9132180016814329
649 -1.9132180016814329
650 -1.9132180016814329
651 -1.9132180016814329
652 -1.9132180016814329
653 -1.9132180016814329
654 -1.9132180016814329
655 -1.9132180016814329
656 -1.9132180016814329
657 -1.9132180016814329
658 -1.9132180016814329
659 -1.9132180016814329
660 -1.9132180016814329
661 -1.9132180016814329
662 -1.9132180016814329
663 -1.9132180016814329
664 -1.9132180016814329
665 -1.9132180016814329
666 -1.9132180016814329
667 -1.9132180016814329
668 -1.9132180016814329
669 -1.9132180016814329
670 -1.9132180016814329
671 -1.9132180016814329
672 -1.9132180016814329
673 -1.9132180016814329
674 -1.9132180016814329
675 -1.9132180016814329
676 -1.9132180016814329
677 -1.9132180016814329
678 -1.9132180016814329
679 -1.9132180016814329
680 -1.9132180016814329
681 -1.9132180016814329
682 -1.9132180016814329
683 -1.9132180016814329
684 -1.9132180016814329
685 -1.9132180016814329
686 -1.9132180016814329
687 -1.9132180016814329
688 -1.9132180016814329
689 -1.9132180016814329
690 -1.9132180016814329
691 -1.9132180016814329
692 -1.9132180016814329
693 -1.9132180016814329
694 -1.9132180016814329
695 -1.9132180016814329
696 -1.9132180016814329
697 -1.9132180016814329
698 -1.9132180016814329
699 -1.9132180016814329
700 -1.9132180016814329
701 -1.9132180016814329
702 -1.9132180016814329
703 -1.9132180016814329
704 -1.9132180016814329
705 -1.9132180016814329
706 -1.9132180016814329
707 -1.9132180016814329
708 -1.9132180016814329
709 -1.9132180016814329
710 -1.9132180016814329
711 -1.9132180016814329
712 -1.9132180016814329
713 -1.9132180016814329
714 -1.9132180016814329
715 -1.9132180016814329
716 -1.9132180016814329
717 -1.9132180016814329
718 -1.9132180016814329
719 -1.9132180016814329
720 -1.9132180016814329
721 -1.9132180016814329
722 -1.9132180016814329
723 -1.9132180016814329
724 -1.9132180016814329
725 -1.9132180016814329
726 -1.9132180016814329
727 -1.9132180016814329
728 -1.9132180016814329
729 -1.9132180016814329
730 -1.9132180016814329
731 -1.9132180016814329
732 -1.9132180016814329
733 -1.9132180016814329
734 -1.9132180016814329
735 -1.9132180016814329
736 -1.9132180016814329
737 -1.9132180016814329
738 -1.9132180016814329
739 -1.9132180016814329
740 -1.9132180016814329
741 -1.9132180016814329
742 -1.9132180016814329
743 -1.9132180016814329
744 -1.9132180016814329
745 -1.9132180016814329
746 -1.9132180016814329
747 -1.9132180016814329
748 -1.9132180016814329
749 -1.9132180016814329
750 -1.9132180016814329
751 -1.9132180016814329
752 -1.9132180016814329
753 -1.9132180016814329
754 -1.9132180016814329
755 -1.9132180016814329
756 -1.9132180016814329
757 -1.9132180016814329
758 -1.9132180016814329
759 -1.9132180016814329
760 -1.9132180016814329
761 -1.9132180016814329
762 -1.9132180016814329
763 -1.9132180016814329
764 -1.9132180016814329
765 -1.9132180016814329
766 -1.9132180016814329
767 -1.9132180016814329
768 -1.9132180016814329
769 -1.9132180016814329
770 -1.9132180016814329
771 -1.9132180016814329
772 -1.9132180016814329
773 -1.9132180016814329
774 -1.9132180016814329
775 -1.9132180016814329
776 -1.9132180016814329
777 -1.9132180016814329
778 -1.9132180016814329
779 -1.9132180016814329
780 -1.9132180016814329
781 -1.9132180016814329
782 -1.9132180016814329
783 -1.9132180016814329
784 -1.9132180016814329
785 -1.9132180016814329
786 -1.9132180016814329
787 -1.9132180016814329
788 -1.9132180016814329
789 -1.9132180016814329
790 -1.9132180016814329
791 -1.9132180016814329
792 -1.9132180016814329
793 -1.9132180016814329
794 -1.9132180016814329
795 -1.9132180016814329
796 -1.9132180016814329
797 -1.9132180016814329
798 -1.9132180016814329
799 -1.9132180016814329
800 -1.9132180016814329
801 -1.9132180016814329
802 -1.9132180016814329
803 -1.9132180016814329
804 -1.9132180016814329
805 -1.9132180016814329
806 -1.9132180016814329
807 -1.9132180016814329
808 -1.9132180016814329
809 -1.9132180016814329
810 -1.9132180016814329
811 -1.9132180016814329
812 -1.9132180016814329
813 -1.9132180016814329
814 -1.9132180016814329
815 -1.9132180016814329
816 -1.9132180016814329
817 -1.9132180016814329
818 -1.9132180016814329
819 -1.9132180016814329
820 -1.9132180016814329
821 -1.9132180016814329
822 -1.9132180016814329
823 -1.9132180016814329
824 -1.9132180016814329
825 -1.9132180016814329
826 -1.9132180016814329
827 -1.9132180016814329
828 -1.9132180016814329
829 -1.9132180016814329
830 -1.9132180016814329
831 -1.9132180016814329
832 -1.9132180016814329
833 -1.9132180016814329
834 -1.9132180016814329
835 -1.9132180016814329
836 -1.9132180016814329
837 -1.9132180016814329
838 -1.9132180016814329
839 -1.9132180016814329
840 -1.9132180016814329
841 -1.9132180016814329
842 -1.9132180016814329
843 -1.9132180016814329
844 -1.9132180016814329
845 -1.9132180016814329
846 -1.9132180016814329
847 -1.9132180016814329
848 -1.9132180016814329
849 -1.9132180016814329
850 -1.9132180016814329
851 -1.9132180016814329
852 -1.9132180016814329
853 -1.9132180016814329
854 -1.9132180016814329
855 -1.9132180016814329
856 -1.9132180016814329
857 -1.9132180016814329
858 -1.9132180016814329
859 -1.9132180016814329
860 -1.9132180016814329
861 -1.9132180016814329
862 -1.9132180016814329
863 -1.9132180016814329
864 -1.9132180016814329
865 -1.9132180016814329
866 -1.9132180016814329
867 -1.9132180016814329
868 -1.9132180016814329
869 -1.9132180016814329
870 -1.9132180016814329
871 -1.9132180016814329
872 -1.9132180016814329
873 -1.9132180016814329
874 -1.9132180016814329
875 -1.9132180016814329
876 -1.9132180016814329
877 -1.9132180016814329
878 -1.9132180016814329
879 -1.9132180016814329
880 -1.9132180016814329
881 -1.9132180016814329
882 -1.9132180016814329
883 -1.9132180016814329
884 -1.9132180016814329
885 -1.9132180016814329
886 -1.9132180016814329
887 -1.9132180016814329
888 -1.9132180016814329
889 -1.9132180016814329
890 -1.9132180016814329
891 -1.9132180016814329
892 -1.9132180016814329
893 -1.9132180016814329
894 -1.9132180016814329
895 -1.9132180016814329
896 -1.9132180016814329
897 -1.9132180016814329
898 -1.9132180016814329
899 -1.9132180016814329
900 -1.9132180016814329
901 -1.9132180016814329
902 -1.9132180016814329
903 -1.9132180016814329
904 -1.9132180016814329
905 -1.9132180016814329
906 -1.9132180016814329
907 -1.9132180016814329
908 -1.9132180016814329
909 -1.9132180016814329
910 -1.9132180016814329
911 -1.9132180016814329
912 -1.9132180016814329
913 -1.9132180016814329
914 -1.9132180016814329
915 -1.9132180016814329
916 -1.9132180016814329
917 -1.9132180016814329
918 -1.9132180016814329
919 -1.9132180016814329
920 -1.9132180016814329
921 -1.9132180016814329
922 -1.9132180016814329
923 -1.9132180016814329
924 -1.9132180016814329
925 -1.9132180016814329
926 -1.9132180016814329
927 -1.9132180016814329
928 -1.9132180016814329
929 -1.9132180016814329
930 -1.9132180016814329
931 -1.9132180016814329
932 -1.9132180016814329
933 -1.9132180016814329
934 -1.9132180016814329
935 -1.9132180016814329
936 -1.9132180016814329
937 -1.9132180016814329
938 -1.9132180016814329
939 -1.9132180016814329
940 -1.9132180016814329
941 -1.9132180016814329
942 -1.9132180016814329
943 -1.9132180016814329
944 -1.9132180016814329
945 -1.9132180016814329
946 -1.9132180016814329
947 -1.9132180016814329
948 -1.9132180016814329
949 -1.9132180016814329
950 -1.9132180016814329
951 -1.9132180016814329
952 -1.9132180016814329
953 -1.9132180016814329
954 -1.9132180016814329
955 -1.9132180016814329
956 -1.9132180016814329
957 -1.9132180016814329
958 -1.9132180016814329
959 -1.9132180016814329
960 -1.9132180016814329
961 -1.9132180016814329
962 -1.9132180016814329
963 -1.9132180016814329
964 -1.9132180016814329
965 -1.9132180016814329
966 -1.9132180016814329
967 -1.9132180016814329
968 -1.9132180016814329
969 -1.9132180016814329
970 -1.9132180016814329
971 -1.9132180016814329
972 -1.9132180016814329
973 -1.9132180016814329
974 -1.9132180016814329
975 -1.9132180016814329
976 -1.9132180016814329
977 -1.9132180016814329
978 -1.9132180016814329
979 -1.9132180016814329
980 -1.9132180016814329
981 -1.9132180016814329
982 -1.9132180016814329
983 -1.9132180016814329
984 -1.9132180016814329
985 -1.9132180016814329
986 -1.9132180016814329
987 -1.9132180016814329
988 -1.9132180016814329
989 -1.9132180016814329
990 -1.9132180016814329
991 -1.9132180016814329
992 -1.9132180016814329
993 -1.9132180016814329
994 -1.9132180016814329
995 -1.9132180016814329
996 -1.9132180016814329
997 -1.9132180016814329
998 -1.9132180016814329
999 -1.9132180016814329
1000 -1.9132180016814329
