1 8.09084845660024
2 8.005512800187432
3 8.100398198687737
4 8.257153788834406
5 8.137476474946729
6 8.224939697271951
7 8.006668576134366
8 8.15872325679196
9 7.813564664936234
10 8.146234023818062
11 8.29508578198611
12 7.960329557530359
13 8.30770034844423
14 8.248671384156328
15 7.892728434299284
16 8.589678890153237
17 8.094354744041159
18 8.232760495993485
19 7.857739308941888
20 7.814371204275512
21 8.139955568093393
22 7.844395663421454
23 8.2822405908515
24 8.27627596353324
25 7.732115374436047
26 8.01468399767283
27 8.128054929174157
28 8.232490918537897
29 8.045745944052435
30 7.7770037918152495
31 8.064218173293076
32 7.834703572464176
33 7.909959285780866
34 7.947385772220067
35 7.952602039631362
36 7.961312105266696
37 8.104796120123678
38 8.216156152326427
39 8.538705530361439
40 8.159444189039196
41 8.438232717462682
42 8.266521686168026
43 8.085802806038783
44 8.283971475829484
45 7.774190622360471
46 8.139638252416214
47 8.301276698982774
48 8.133157350682298
49 7.982404863605082
50 8.145304047824057
51 7.817497007815416
52 8.326202700141868
53 7.9400213857747834
54 7.762159329285532
55 8.003983310172021
56 7.995752993833916
57 8.338950342349188
58 8.254824056286552
59 8.220938952652558
60 7.753813694741383
61 8.040187361509663
62 7.783841174053419
63 8.045983051011534
64 8.0930769994592
65 8.607298014631
66 8.148536937936372
67 8.022269816297865
68 7.88558654258771
69 8.106184377570745
70 7.781409436581804
71 8.385600878179968
72 8.205124084633558
73 8.172123050490585
74 7.885338122339607
75 8.291973732855437
76 8.02010476897491
77 7.938968859179448
78 8.023116336178763
79 8.571836425013798
80 7.905474758210307
81 8.312437836938852
82 7.698179763709902
83 8.409438866416695
84 7.945606020072185
85 8.058051665145788
86 7.958604542179609
87 8.201507877639663
88 7.866573283959852
89 8.44241576421118
90 8.865421066585858
91 8.346050614375962
92 8.058310466549507
93 7.453030845381211
94 7.818285889443788
95 7.972744492954651
96 7.970613454462208
97 7.9177243780998925
98 8.052616213942363
99 8.602077947142517
100 7.970306835496181
101 8.570564829162738
102 8.131661236392912
103 8.121750461910498
104 8.765971906949927
105 7.973385812608002
106 7.7082361292600945
107 7.692863642361704
108 7.7076656340306
109 7.954561694696708
110 8.236695767271906
111 8.08172677062687
112 8.502127897244055
113 8.73971508058194
114 7.720240746801981
115 8.36961299346618
116 8.035448303640559
117 8.615305048981345
118 8.10256803338338
119 7.516343088755464
120 8.42915276655889
121 8.258483056524733
122 8.196224481740899
123 8.078884473951511
124 8.921061207936123
125 7.894066659411865
126 8.252301804395694
127 7.791104404623185
128 8.258350798276371
129 7.792092535407031
130 8.238796478010851
131 8.3136070761289
132 8.045647004269563
133 7.692040106975998
134 7.754872777697897
135 8.277529727064648
136 8.545813109775548
137 7.70491627748934
138 7.6146829453335
139 8.391599030276284
140 7.903273790315457
141 8.50438402098454
142 8.007412827869402
143 7.998182892398991
144 7.593237651250622
145 8.320512985127186
146 8.035682774937586
147 8.010460984089153
148 8.153098347039775
149 7.849693911783844
150 8.248902647013614
151 8.215072306880582
152 8.066477558882466
153 7.926973935166997
154 8.196671345287978
155 7.860262779464153
156 7.831753252689341
157 8.175535558356318
158 8.18080238631287
159 7.868376221263612
160 7.783545208061416
161 8.182548922499121
162 8.123258789438374
163 7.853436183222813
164 7.928379350500543
165 8.212613201260476
166 8.384899829256844
167 7.961653592197326
168 8.29539721228214
169 8.017917264799882
170 7.855498253680172
171 8.342321320947091
172 7.879943961375076
173 8.185030705564241
174 7.948373343288619
175 7.86101494111306
176 8.193622271190389
177 7.709165494608642
178 7.621063952858726
179 7.994457383724661
180 8.412333102472639
181 7.842656434573018
182 8.12365733604061
183 8.384337534802903
184 8.231367473508314
185 8.232986609579807
186 8.213076092412647
187 7.76987518909147
188 8.071337634737635
189 7.9518835466829625
190 8.12721821867432
191 8.287023798881638
192 8.208165445032687
193 8.57716144507848
194 8.243539127124366
195 8.881805811667498
196 7.508150473456735
197 8.005561124296097
198 8.436105659989499
199 8.30697025954993
200 8.404999184961943
201 8.551585510178073
202 8.001006044248449
203 8.690027508794886
204 7.962045120886322
205 8.53227114866133
206 8.056247155291368
207 8.375496974539614
208 8.098465633264833
209 8.6440403988491
210 8.315472105150175
211 8.096598152386541
212 8.10511722767338
213 8.271092524311365
214 8.076092685879276
215 8.353012459655192
216 8.198164712387085
217 8.201415924852142
218 8.65308302226215
219 8.213796270915921
220 8.296840432737103
221 8.182649638886904
222 7.458854880384622
223 7.934277669100406
224 8.143190364375068
225 7.955080806012718
226 7.466099547170974
227 8.363425810782426
228 7.944279520283807
229 7.891838970682675
230 8.449799547110537
231 8.018487227250674
232 7.937980598134349
233 8.296248633232471
234 7.856569939258415
235 8.14160045919599
236 8.13600170898423
237 8.029777564244865
238 8.058231334643315
239 7.976676264825723
240 8.14619481709323
241 7.375315339740742
242 8.824739875987225
243 8.433346431922034
244 8.306745757547958
245 7.8306320185923
246 8.025023721527818
247 8.41155630098581
248 8.182491139632054
249 8.260719423475484
250 8.105083469250058
251 7.440711130992798
252 8.204730569920226
253 8.207459126951917
254 8.157358773388431
255 7.924366862619767
256 7.977747201804015
257 7.677116629933239
258 8.032092586021674
259 7.853727892297315
260 8.209031840097406
261 8.539671602328042
262 7.915201695167315
263 8.132159586399831
264 8.516938004177831
265 8.544895204983805
266 8.361581896016013
267 8.35746453901475
268 7.822241651056289
269 7.45688460734926
270 7.792004018330023
271 8.052799606795954
272 8.217414342780764
273 7.62979556117619
274 8.268968110890595
275 7.745944613214346
276 7.52836193396926
277 7.764608151871272
278 8.25330597228361
279 7.958225286098911
280 7.972707723274966
281 8.27028245423481
282 7.746755661184878
283 8.359166843082678
284 8.01147084373392
285 8.213790361659427
286 8.091641946696392
287 8.29787968909201
288 8.062617444705571
289 8.01336572148922
290 8.331739136733658
291 7.983471483914454
292 7.614941430587452
293 8.241206916978662
294 7.843797390423524
295 7.73758208720615
296 8.035353532442256
297 7.683694002480816
298 8.196731211962254
299 8.269452845630969
300 7.819471776935627
301 8.27643678916415
302 8.257135728469319
303 8.000064185308606
304 7.901254895657846
305 8.206175491247963
306 8.09366981009337
307 8.385874922518648
308 8.030649842700061
309 7.855192834894285
310 8.574445424472906
311 8.074980337053898
312 7.9476700641073545
313 7.8425293683861055
314 8.307957491342194
315 8.808578872648066
316 7.96734240039741
317 8.58417877268571
318 8.015427213940823
319 8.19727808746149
320 7.933894842596674
321 8.07382615427347
322 8.3039594799791
323 7.8768217999014825
324 8.1216034684165
325 8.419368705407235
326 7.946706693503128
327 8.114199283498598
328 8.168096622868882
329 8.102619670370366
330 8.32066879454079
331 7.992458909232527
332 8.43002222117522
333 7.754929757556392
334 7.884851212410342
335 8.03510438431863
336 7.987916110423168
337 8.494334845377235
338 8.272365364256078
339 8.50680764616906
340 7.667421466986319
341 8.130482175229336
342 8.47039286811601
343 8.365767897136925
344 8.063453859201706
345 8.29038551792242
346 7.896893495233553
347 7.890611839785593
348 7.619747634620767
349 8.211651883922972
350 7.749846826463569
351 8.234813684777375
352 7.985991118933194
353 7.607911530570683
354 8.038600069557031
355 7.957787389418861
356 8.322328785709283
357 8.278633593217348
358 8.061825408895254
359 8.32261637516146
360 7.99808203681398
361 8.186670005448683
362 7.806981477043575
363 7.7543978747483076
364 8.226018246093988
365 7.710085280550422
366 8.01672195443685
367 8.001838634506237
368 8.260384171344953
369 8.506446659982334
370 7.647873571326349
371 7.79219985448871
372 7.897716997487895
373 8.326026182538314
374 8.120384502742148
375 8.28035583004589
376 7.943336599431795
377 8.348385241329167
378 7.97130095750027
379 7.893859976291163
380 8.132038543217638
381 7.9025379411885
382 8.282484227517996
383 8.168544293018265
384 8.350857114453795
385 7.960171851829857
386 8.064494941389244
387 7.990371428329918
388 8.335684963235662
389 7.927869581561876
390 7.921936514511139
391 8.53496951205323
392 7.869489611112504
393 8.200735151099567
394 8.133042763697318
395 7.7658852134807415
396 7.981662451214725
397 8.237034752830889
398 7.928378309573739
399 7.716447987556644
400 8.024958838731234
401 8.03728246212726
402 7.9096855380465545
403 8.243677955003616
404 8.190159187765161
405 8.044330119667668
406 8.162035903603337
407 8.37245879884556
408 8.356767607014019
409 8.060743030601637
410 7.915813708361218
411 7.818583565297425
412 7.975746820655134
413 8.489385918574653
414 7.942299630849092
415 7.930065828396937
416 8.143714502883558
417 8.3711899289474
418 8.285592427056242
419 8.022984456790287
420 8.404012429235364
421 8.489878943535642
422 8.020693362614894
423 8.06233295596496
424 7.97642871720576
425 8.230248594549591
426 8.53859775535032
427 8.342556628592511
428 8.454789169007812
429 7.892504273349086
430 8.109154119885465
431 8.504031814400692
432 8.483261851369468
433 7.900772511212237
434 7.8379897391138
435 8.026680455467035
436 7.5147051762616375
437 8.021015831945768
438 8.261895038544955
439 7.792277339946124
440 8.264848860397207
441 8.0283749718121
442 8.265636493647367
443 7.8619359731417635
444 8.26444430402892
445 7.510597860482688
446 8.072044021296696
447 8.275070901995292
448 8.298736939027181
449 8.391839045737786
450 8.10929587703764
451 8.257802314587032
452 8.142538210207368
453 8.234863762196008
454 8.531179843447894
455 7.867885179597978
456 8.071162644900001
457 7.992859682422951
458 7.991700910032619
459 7.751856152900159
460 7.834993335379195
461 7.92358515545804
462 7.676749837901594
463 8.161271337645038
464 8.42713182058942
465 8.094001572045908
466 8.346254139071105
467 8.054164802055091
468 8.080919051701725
469 7.693285312548133
470 8.355343538426032
471 8.02695200221838
472 7.5207401582354745
473 7.980983116597118
474 8.02569233454651
475 8.479379857700994
476 8.592168116975774
477 8.487180455369943
478 7.917578493000966
479 8.12424198635298
480 8.51000233343753
481 8.286537596852563
482 8.17075890570359
483 8.335953555606565
484 7.832951099677884
485 8.305483529232625
486 8.10338720800611
487 8.33837772758262
488 8.13047324163325
489 7.889582476451413
490 8.117499277783331
491 8.272835858965209
492 8.523589492279378
493 7.791098869973755
494 8.226964717768219
495 7.6158332940288025
496 8.259752840418505
497 8.682774052645414
498 7.961368261365951
499 7.874826510554125
500 7.881979853240047
501 8.022230223854358
502 7.8518373233535375
503 8.177582146533066
504 8.28461063794026
505 8.148825237396526
506 7.8938818843992244
507 8.368265498660067
508 8.310839862464162
509 8.356892558811884
510 7.749192047404995
511 8.07192771495976
512 8.18290081675508
513 8.037580501662083
514 7.476618282222347
515 8.240229977004235
516 7.811835831419142
517 8.487899217681521
518 7.903946931876989
519 8.643031090188002
520 8.076232691897765
521 7.679990220356253
522 8.383789033163533
523 8.406962826033038
524 8.40681234628246
525 8.05395271483902
526 8.319507572069567
527 7.991203867431545
528 7.8142554720173205
529 8.353919978149989
530 8.113582687844655
531 8.03576083945331
532 8.079142902504813
533 8.501419898014626
534 7.755357892185626
535 7.991708917301822
536 7.838699523728262
537 7.957590473205458
538 8.600113339727097
539 8.591753478633327
540 8.152619933181521
541 8.372848327462556
542 8.307987897755293
543 7.83782683208562
544 7.990811727264514
545 8.512774469695792
546 8.679562977776834
547 7.73789496967222
548 8.334985027305661
549 7.815151226176139
550 8.507039621890366
551 7.895466380868143
552 8.002913954609296
553 8.327360915352692
554 7.8145103916621785
555 8.01158324766599
556 7.704994979653232
557 8.245811498679824
558 8.177069880481232
559 8.084992116112623
560 8.305104177704276
561 8.336840573041577
562 8.130504353518326
563 8.254168257885466
564 7.710730316936135
565 8.151870291641108
566 7.6193701249452515
567 7.764141180217593
568 7.783186080956362
569 7.612254304756663
570 8.035759131435784
571 8.162539982234959
572 7.979956065217646
573 7.862674633789191
574 8.115201052933655
575 7.737614758957127
576 8.172433287274469
577 7.884619413186215
578 8.36253952721808
579 8.397956818739301
580 8.23235827101642
581 8.345300754501414
582 8.211081212746766
583 8.260209021935468
584 7.9473912620191465
585 8.267560587206617
586 8.357940528813518
587 7.697751628364686
588 7.645311596418593
589 8.066579512258006
590 8.10412161820767
591 8.351640203803417
592 8.151277994631048
593 7.869759715107604
594 8.761585831762355
595 8.120073952816458
596 8.299174939322821
597 8.213498301699829
598 8.438547518555746
599 8.493417359692307
600 8.057787125296123
601 8.042797401255267
602 7.662838146895828
603 8.232308381513263
604 8.226741269957095
605 8.27010285121944
606 8.274722526821504
607 8.060989812173979
608 8.1396675202986
609 7.789346465211908
610 8.24475487270713
611 8.199977916529482
612 8.121482467910537
613 7.860016779726267
614 8.266887307788863
615 8.95633193716409
616 8.556440034460143
617 8.44263915081079
618 8.256410002037493
619 8.117596360097725
620 8.259084095529822
621 7.870318678852601
622 7.666520928784195
623 8.09928300531119
624 8.270778926258442
625 8.186179930359728
626 8.08910949482655
627 8.068072600315634
628 8.308656138012518
629 8.102286221574701
630 7.6012416823962585
631 8.075612615281617
632 8.004502471297743
633 8.054989157770605
634 7.889091502137645
635 7.978034678043058
636 8.145420410399545
637 7.608106567295416
638 7.724677572933477
639 7.950180480457576
640 8.081520648161256
641 7.951857871045989
642 8.351207402032895
643 7.963219759550025
644 7.753341790223031
645 8.349349412869165
646 8.340561783179004
647 8.168426414830664
648 7.765338544542977
649 7.955645952970258
650 8.357590982896001
651 8.298460299312072
652 7.512655647024611
653 8.063846413455233
654 8.155790484512258
655 7.945160266112785
656 8.245933235030659
657 7.905035499763588
658 8.250498986105349
659 8.263859270456768
660 8.266025496399655
661 8.334407907446147
662 8.215506433181599
663 8.10959627854063
664 7.429870992412147
665 7.725495036225521
666 8.260236050499385
667 7.806319480860658
668 8.222447188867894
669 8.04959273478667
670 8.005391236083186
671 8.384934214826016
672 8.254557378035265
673 8.064733719948178
674 8.396127630408879
675 8.061868828225347
676 7.913727539435144
677 8.41106084394822
678 8.793085765270197
679 8.073940912906961
680 7.753202664993132
681 7.836983533294325
682 8.0493406864122
683 8.612158744875043
684 7.981038648285458
685 8.251570892391625
686 8.116591926048654
687 8.058369305651526
688 8.19761170507069
689 8.433838380966028
690 8.212863788529956
691 7.814444511981722
692 8.078841053258675
693 8.041445635582388
694 8.031622706606903
695 8.045404101189362
696 7.971039378481965
697 7.9876774027358355
698 7.427664271058675
699 7.894929393062999
700 8.736533110820142
701 8.464626506435023
702 8.15197375671424
703 7.948582310344374
704 8.383293828086611
705 8.223754033835796
706 8.291750765392889
707 7.798292070158348
708 8.249624971477017
709 8.249959175601441
710 7.881631581902024
711 8.213170957381605
712 8.544207943944595
713 8.546417776262096
714 8.348517603179449
715 8.01644898006913
716 8.359566910230644
717 8.256159415608058
718 7.963885457760181
719 7.7683726048690875
720 8.162722652714212
721 7.98465497440006
722 8.071370330721932
723 7.214611688339574
724 8.191897571412964
725 8.398771960781241
726 8.163725092359794
727 8.176254642815026
728 7.918350136599646
729 8.531610586380927
730 8.27640148861296
731 8.183081093274366
732 8.009001785689012
733 8.51147143924879
734 7.864032260350325
735 8.182475639771782
736 7.876421366216365
737 8.536009598262146
738 8.452229908282575
739 8.739040020153057
740 8.308511266851808
741 7.900898927725239
742 8.925950163354726
743 8.223838648326533
744 8.085346193667323
745 7.871610524412586
746 7.868231813563874
747 8.168957071815642
748 7.826575163536109
749 8.043254519462756
750 7.9574458832876545
751 7.742642169137131
752 8.339000972727716
753 8.200159353236376
754 8.248632349289531
755 7.728312621196822
756 8.42804667029252
757 8.027281996534699
758 7.2093192429772435
759 7.6723488088466425
760 8.471259544892785
761 8.0221488642772
762 8.823013294279322
763 8.195976793309649
764 8.295404272227554
765 8.055443591898358
766 7.647840587851795
767 7.915788761992266
768 8.328207449991194
769 8.010514166092392
770 8.080284637625002
771 7.721236449318703
772 8.157074872006364
773 8.532554046966387
774 8.388297782553822
775 7.997591160470309
776 8.007429420179726
777 8.08683022494138
778 7.83270023650151
779 8.387649248766003
780 8.317089423392948
781 8.14442429668713
782 8.17029044053833
783 8.190095451779285
784 8.58571092973815
785 8.02097376011442
786 8.080194543247536
787 8.370854126085387
788 7.7705276831919
789 8.095252129693579
790 7.94783357817053
791 7.947053805408795
792 8.602202271802602
793 8.124091668211166
794 8.24385738288226
795 8.787882206498095
796 8.182908831454062
797 8.461108676769285
798 8.411594391618852
799 8.646338736479844
800 7.941910841376113
801 8.465163763695106
802 8.141963263758065
803 8.071109542351802
804 7.916862046950869
805 7.906915493128847
806 7.331323633286376
807 8.408632166626216
808 7.882066954296624
809 8.29533043730021
810 8.071878698240832
811 8.236280963631664
812 7.9836917729365435
813 8.409332839079491
814 7.3766902541232096
815 8.549636393796243
816 8.079621828819054
817 7.6604756469373045
818 7.846269867852849
819 7.7572038531949925
820 8.405378284870238
821 8.210540848843099
822 7.6953885490362905
823 7.896533920327337
824 8.088852787364594
825 7.732126720737089
826 8.065289913060427
827 7.5597262481161955
828 7.842735415791824
829 8.310374078121576
830 8.211740222130603
831 8.098838633026178
832 7.936892311359327
833 8.070885777005378
834 7.958720607768823
835 7.8195751446673825
836 7.570133580948965
837 7.885087038708074
838 7.465516942467164
839 7.899896022225614
840 7.9908765287417935
841 7.717241092412241
842 8.28244775796673
843 8.457040004824277
844 7.68091927681757
845 7.813589532063096
846 8.125327069316715
847 7.872850577902137
848 8.094682865094937
849 7.838409542763267
850 7.501765556330154
851 8.229794337827142
852 7.878395373702064
853 8.095541944562308
854 8.11654077901173
855 8.883587947786337
856 7.93454787049785
857 8.247414306694658
858 8.392677796831947
859 8.412236742012364
860 8.64729626833335
861 7.995712302730409
862 7.926341447598883
863 8.33344439903634
864 7.987920761768321
865 7.592042951238315
866 7.6492518995527705
867 7.956846240679614
868 8.531138697808162
869 8.00367847510016
870 8.009893204836626
871 8.162772092360106
872 8.011707370829308
873 8.593243875792195
874 8.120763419532533
875 7.859163672904694
876 8.029022463567207
877 8.22516731719007
878 7.742553481209038
879 7.933507834482694
880 7.938078848308783
881 7.876209068844974
882 8.535695105513
883 8.188197416758225
884 8.35552787507602
885 8.221735346805847
886 8.231167540692837
887 7.8988889040874195
888 7.9888462546171475
889 8.105271556516158
890 8.40171261441522
891 8.002623536983123
892 8.146935022698795
893 8.4006501429407
894 8.401908288358738
895 8.240325939296952
896 8.10691979845661
897 7.749952402762848
898 8.62219727209991
899 8.148263993556672
900 7.634955176240582
901 8.082618518887122
902 7.804353454746956
903 8.148767955532369
904 8.390217178137064
905 7.870037002736254
906 8.386803341682295
907 7.845967496445637
908 8.380255031764683
909 8.33519411850004
910 8.510148910592916
911 7.976508746950337
912 7.983459349307518
913 7.869392985029792
914 7.867280271496038
915 7.8344835693457195
916 8.15553694555464
917 8.464066158472304
918 8.099582250608462
919 8.01992765214554
920 7.847389640039177
921 8.854624340434947
922 7.855313390778245
923 8.060639415695821
924 7.837043546730783
925 7.777418953394326
926 8.211922151299099
927 8.153387187385357
928 8.181159553264562
929 7.986118242541262
930 8.285612083661333
931 7.909925183912494
932 8.292949709863892
933 8.673858950474358
934 7.871634429076192
935 8.14969697171035
936 8.250334386188362
937 8.454404592746641
938 8.500315828195728
939 8.00668601064552
940 8.644420824300274
941 7.852519067086301
942 7.8172270485743764
943 7.7532643698463435
944 8.553200344689607
945 7.799591062980103
946 8.138540492352698
947 7.744959103673276
948 8.016628707318098
949 8.17898438546351
950 8.134862792422403
951 8.4449318073743
952 8.551912948534545
953 8.352757811628441
954 7.922227745817839
955 7.949583716900595
956 8.303319272539477
957 7.934295147541347
958 7.84355540370405
959 8.169080166165283
960 8.14948320230734
961 7.748991044101941
962 8.441541913985295
963 8.177672345017172
964 7.901740367710433
965 8.19428057146034
966 8.013540086203344
967 8.132297492550496
968 8.122106373417648
969 8.370273321905266
970 8.166906101243448
971 8.400417452626908
972 8.612340288497203
973 8.025405814424055
974 7.793207611112165
975 7.844345049412686
976 7.790817361514537
977 8.217419097935556
978 8.255702822604313
979 8.172230666151004
980 8.41233996689441
981 7.829530339529056
982 8.131112544628445
983 7.890107682582398
984 8.830268797808593
985 8.133641167934053
986 8.026849735566286
987 7.991503629009153
988 8.117173427490595
989 8.056062009475589
990 8.112691686761535
991 8.1995912603582
992 7.781190259789049
993 7.6188604111126255
994 8.180153137456045
995 8.268846322896898
996 8.027116786405896
997 8.222073202901857
998 8.20089434080576
999 7.932125593079327
1000 8.07694132027699
