1 4.229840169743016
2 3.81681902373027
3 3.6626415839802546
4 3.1104849444744804
5 3.055654750577693
6 2.768479139238635
7 2.493794355860333
8 2.7227134111614966
9 2.268150641247858
10 2.4483474908335405
11 2.5018580285470358
12 2.660275964911704
13 2.4827761529049
14 1.9552371502463108
15 2.1234352184060756
16 2.203984190987302
17 2.82533911298583
18 2.3581895680834233
19 2.167817521288058
20 2.4096009459368686
21 2.26483289514245
22 2.099456433320709
23 2.082615562060959
24 2.0613712341250165
25 2.282325114388336
26 1.9274721819970606
27 2.2420266868781518
28 1.863390551170478
29 2.06486093037227
30 2.158218868423723
31 2.0937122496432212
32 2.0712032592969645
33 2.006917078739407
34 2.3543761260330323
35 2.0257410225450756
36 2.0299513480350724
37 2.088121257485093
38 1.84525308705023
39 1.709655342003678
40 1.8181459233065285
41 2.2300308078763256
42 2.1065576881768475
43 2.090948726237673
44 1.8362230173490974
45 2.1106387629465537
46 2.0095892547357903
47 2.103576196403991
48 2.1161474730817496
49 2.0129125231904452
50 2.0054252198580764
51 1.8303786453019464
52 2.0220059756669118
53 2.015588452903593
54 1.9548440387429091
55 2.060994029964814
56 2.006061802533945
57 1.968056400356725
58 2.072870168384764
59 2.113450718499393
60 2.284726058591116
61 1.8890843935027684
62 1.8437236739350693
63 2.0057353664036706
64 2.1822615706328805
65 1.906640774619402
66 2.112421157932732
67 1.794872070619475
68 1.7770356063871098
69 1.4473769580776585
70 2.0441009275388677
71 2.124943392080939
72 1.8453543401854122
73 2.0278888090391813
74 2.02082133426882
75 1.9861340674348082
76 1.8937381341737944
77 2.072827540568378
78 2.2208464438507645
79 1.840533698838221
80 1.8301432536360658
81 1.9914573136751519
82 1.9289332410976865
83 1.9174546748693317
84 1.9678262481418702
85 1.895623279172087
86 1.877233432673357
87 1.8394877793290199
88 2.227056385802775
89 1.8302434655251756
90 2.267986040059764
91 1.8911104141146329
92 1.983085793980696
93 2.077429756952858
94 1.7808768534904755
95 1.7220433361880032
96 1.707488252437739
97 1.8899011368022134
98 1.979984025723089
99 2.0457250054434084
100 2.004223527476106
101 1.8421785829717168
102 2.0239550347871003
103 1.5876738719377892
104 2.095440759791702
105 1.9068320973510413
106 1.8972637998996633
107 2.0643471569294665
108 1.7108977314974507
109 1.9093758077251681
110 1.7150010784632161
111 1.7407576635625213
112 2.0209974629799916
113 1.9848420404373317
114 1.9341775799408776
115 1.6994626387238905
116 1.952545831008253
117 1.8750928543285559
118 1.626325282946263
119 1.8904492489725573
120 1.5948200059838842
121 1.9451968861451603
122 1.9871907396183333
123 1.9381241784076992
124 1.8273742122033223
125 1.8160532918899943
126 2.176536960963939
127 1.8229701422614444
128 1.904818550405771
129 2.0231891961681545
130 1.959578149840744
131 1.9270177923442064
132 1.9047791249830743
133 2.1417698477316742
134 2.051552627275547
135 1.785196986621255
136 2.054249087008597
137 1.737827605130141
138 1.7799635714400492
139 2.1366971233196863
140 1.9858469962650602
141 1.8059850305411194
142 1.97216609717215
143 1.9292271804563106
144 2.030404467061713
145 1.8461816338065864
146 2.165130847044289
147 1.7531556718372507
148 1.7566015956430543
149 1.64784136595378
150 1.8340092661688543
151 1.7775951010844315
152 1.8626275113230537
153 2.0472340142283887
154 1.8162292946847896
155 1.9843202408306262
156 1.804016718900612
157 2.01878197393015
158 1.9373614356521447
159 1.9531160421930818
160 1.8776150817298236
161 2.0947690112502637
162 2.0392370389786696
163 1.9497918162564074
164 1.9606122807449802
165 1.668074279215086
166 2.0049328276180494
167 1.8222401177584557
168 1.7200153626383021
169 2.003675183177103
170 2.115252226357696
171 1.937063620231095
172 1.7030077393658867
173 1.7069417948164352
174 1.860701834403898
175 2.1603737284624067
176 1.7826785718044984
177 2.1086181853912067
178 1.9056345644368344
179 1.85569364457844
180 1.869515183072731
181 1.806278118411512
182 1.6721286290456698
183 1.820616993116114
184 1.8572844334614764
185 1.6944160414005736
186 2.0145322260239826
187 1.8056524491853587
188 1.9874968720603394
189 1.884624312904331
190 1.7152451844339984
191 1.7156419216151735
192 1.920207219195523
193 2.0251676773464005
194 1.9681683949889026
195 1.8217513702021788
196 2.3080249622937115
197 2.0328349456795793
198 2.1111849339743456
199 2.0503916105774747
200 1.9505290454729851
201 1.8775158078316982
202 1.7716251623322687
203 1.8721770077012632
204 2.214816813643222
205 1.6539506713981469
206 1.6067081287133438
207 1.9332320888721508
208 1.7814297061249436
209 2.2565640842252015
210 2.19152081005554
211 1.8031012448152641
212 1.9681355455806675
213 2.0501628651386756
214 2.0958611183768556
215 2.162052741946281
216 1.8214418016043619
217 2.035094653135816
218 1.5188519125900735
219 1.856993163228694
220 1.8446313971368482
221 1.8048359900562996
222 1.8237893025868832
223 1.953518044933608
224 2.171433044538601
225 1.9976361603311177
226 1.7098318263402976
227 2.0144065593168414
228 1.5352497102573006
229 1.6335451158868795
230 1.8120694552843875
231 1.9474249340064667
232 2.1106147655162415
233 1.8304544729034018
234 2.0429320948022296
235 1.791174723475469
236 1.8230664861594121
237 1.9453996487598715
238 2.0589850011355275
239 2.131750767206321
240 1.5496410287718558
241 1.9091341109511228
242 2.0566266419013792
243 1.7926691877696612
244 1.81462945586649
245 1.727078222076585
246 1.9102566777194883
247 1.7600157155945708
248 1.6432905383954095
249 2.130563898430466
250 1.951958395572111
251 2.2024132655005357
252 1.9604920194687279
253 1.802471500119404
254 2.0085293128391077
255 1.927548569363924
256 2.0839355290673898
257 2.032802297611425
258 2.141428317799686
259 1.6819370191775502
260 2.0993779093942484
261 2.105401590614359
262 1.9014629058428236
263 2.366940767543484
264 1.5640999738462553
265 2.215926434861058
266 1.629575883945786
267 1.953775588498626
268 1.7228721281287775
269 1.8407975549717983
270 1.7657033918602452
271 1.9528005998657563
272 1.7062152265577988
273 1.9364485146804582
274 1.8817648027621872
275 1.635718137510638
276 2.1276344946093904
277 1.6284063483616904
278 2.127200584752609
279 1.6685992495644923
280 1.7705440714453646
281 1.905842407396743
282 2.066187348097363
283 1.6121536474702525
284 1.6635916042117824
285 1.798288272423504
286 1.7268737033916386
287 2.222354355235479
288 1.7641197073921187
289 1.9867414540602222
290 1.569503586286854
291 2.0236402746726423
292 1.6050278796018993
293 1.9790989655485902
294 1.4219166003141814
295 1.92230862769451
296 2.057098063313339
297 1.72013816710778
298 1.7148913020393843
299 1.881696975372996
300 1.7701987748347932
301 1.9223163648758428
302 2.504086139768613
303 2.1622739623016205
304 2.149050337828392
305 1.9754818791295943
306 2.14020906349645
307 1.722106082288092
308 1.9053303586564694
309 1.757248170205679
310 1.8723669791261477
311 2.0259357133189133
312 1.7306475112399566
313 1.6919206563259386
314 2.089704772033904
315 2.225528103397736
316 2.0434916729953043
317 1.9696944891737296
318 2.375598846733643
319 1.8817311371165397
320 1.8715556136164837
321 1.807184214676709
322 1.9554313392409073
323 1.7051963279182176
324 2.060282539297098
325 2.235283828953647
326 1.5652919833491323
327 1.810708344634816
328 2.1823226836406637
329 1.8195833283867993
330 2.042599693955535
331 1.988062360327102
332 1.9171109446001628
333 1.849817834413385
334 1.661173143706018
335 2.1317708844657552
336 2.015499572482897
337 1.8889657138722926
338 1.807680442151644
339 2.0969197721289063
340 1.9117586442587422
341 1.9047953674938718
342 1.9509767113358776
343 1.6073853901786632
344 1.8080578357644128
345 1.746524404941553
346 1.6067781794987794
347 1.7891860656331977
348 1.9250384442644404
349 1.535205387849673
350 1.7111731217714015
351 1.8776156280759029
352 1.9332194336081583
353 1.9224179269181405
354 2.0271585526145204
355 2.0795501732575694
356 1.862587263852332
357 1.98522573842912
358 1.7534509629648252
359 1.8162562447322448
360 1.922471161153923
361 2.122651906026529
362 1.907534159730908
363 2.0373270420127843
364 1.548613413335826
365 1.9209459276170628
366 1.8374983755711947
367 1.8912593492071972
368 2.028288010601945
369 1.9623523849029292
370 2.0087049640926833
371 2.059050074847276
372 1.3661275831972968
373 1.9500811475037823
374 1.7869472597486649
375 1.869813010473088
376 1.6860480881946467
377 1.884610979431022
378 1.9128603905918604
379 1.8016514763823361
380 2.1253882599362663
381 1.8873774134374153
382 1.6880843777054495
383 1.9976298000842805
384 1.8594749391900434
385 2.43262761274313
386 1.9780887747365814
387 1.6427384079262632
388 1.804100617921276
389 1.7200542571508337
390 1.8989617070126779
391 1.8101194349404364
392 2.009691087957504
393 1.839891001078535
394 1.6745903830840627
395 2.049802724364848
396 1.9917759050171178
397 1.9050245439300537
398 1.8010159374214287
399 1.9563909510687154
400 1.6943815455970872
401 2.005285242684499
402 1.81273808991504
403 2.0876548617551736
404 1.9923227816706346
405 1.7131892973686522
406 1.7482598329887367
407 1.939717375959923
408 1.6695944922101806
409 1.9825705734512593
410 1.9181148505570114
411 1.9712465733155933
412 1.9410921538439574
413 2.242626410597653
414 1.5933438067356318
415 1.7346702987956022
416 1.605771050389353
417 1.9036648287629176
418 1.727521367915907
419 1.99014221878029
420 1.626607332089412
421 1.878503177145899
422 1.7052966102101814
423 1.6761338995944124
424 1.833263528116127
425 1.3572211320577527
426 1.8873979138721508
427 1.8185175227314012
428 1.6174971879232125
429 1.8851995597344182
430 1.8632132797851377
431 1.9322840593891846
432 1.6750038422297486
433 1.5510156023223154
434 1.6401156066896405
435 1.7822201660376062
436 1.902901174905157
437 1.8387651892343602
438 1.8786857796829615
439 1.6517115197577368
440 1.8051970789063378
441 1.9129302523354437
442 2.0409291017910696
443 1.6640445569589484
444 1.7435854762040963
445 1.8347129930724753
446 1.8220573610330242
447 1.8342953360360694
448 1.8867710598700962
449 2.2970624284946664
450 2.035967124533724
451 1.853890682728813
452 1.9072692666224815
453 1.941622134423143
454 1.7320962993431124
455 1.6924270638601808
456 2.2582704958929543
457 1.9398986594823318
458 1.940795353407086
459 1.7186662845535765
460 1.7359528585470176
461 1.906581962803753
462 1.6900504691712384
463 1.8674041064357843
464 1.4389100671239312
465 1.9593562484775533
466 1.860264552726213
467 1.9031101014084824
468 2.2119128560181838
469 1.6613602905106246
470 1.8180505880647297
471 1.8388379100061776
472 2.178983270401774
473 1.8065655314753493
474 1.9210804340906495
475 1.9090163816811774
476 1.803131863520837
477 1.5310046604483338
478 2.3087811651191257
479 1.7872882122251126
480 2.0414260742567585
481 1.9226540832264432
482 1.6710868056985544
483 1.6656795300664744
484 2.0293472568797104
485 1.7063123473290314
486 2.0504762429859764
487 2.0438600704589276
488 1.8131281806943713
489 1.858143783306256
490 1.9361324591824356
491 1.97227283074024
492 1.81707362120673
493 1.925421856254762
494 1.9726369736182205
495 1.6716542752944221
496 1.6733610279888818
497 2.0331837096494416
498 2.311632419624158
499 1.7772771606536137
500 1.640780517095543
501 1.6719132613894103
502 2.051599539462536
503 1.6349637379700852
504 1.887423048203519
505 1.7881809411342908
506 1.7586750124177537
507 2.2334676037197347
508 1.9751860039033733
509 1.677758975995475
510 1.8779383598699313
511 1.7017712181340838
512 2.0326838229739583
513 1.7632742473519283
514 2.0763318693796955
515 2.0066582922470904
516 1.7416188566023643
517 1.903585356633335
518 2.0131049019186524
519 1.9593015420556186
520 2.180278963164395
521 2.038709549863882
522 1.8967218577537301
523 2.0110925010880556
524 1.8662026198883976
525 2.069709231481466
526 1.6213914995049221
527 1.7965723731022611
528 1.9138292384170505
529 1.87537748369261
530 1.9960566193606362
531 1.8002122253292243
532 1.9584055569047842
533 2.0065715741796826
534 1.880130296051917
535 1.6404142968282127
536 1.5278421073642776
537 1.7051020433681106
538 1.9253465435841788
539 1.9785344466990697
540 1.761115415488331
541 1.8080930239162116
542 1.8755917238064426
543 2.011490564901794
544 1.8960335393092864
545 2.0415736044076938
546 1.9260803169894571
547 1.890004638596249
548 1.9118508465508228
549 1.8690913105802933
550 1.7918558508827709
551 1.621985534219244
552 1.837309646506486
553 1.7071889036271768
554 1.8518102780838412
555 1.8702490112208023
556 1.6414734988870872
557 2.264567037196625
558 1.8756400683512793
559 2.044595396004672
560 1.6005077405718824
561 1.946090146447145
562 1.893923879309237
563 2.4476982518533443
564 1.8264756096580879
565 1.7387714464594417
566 2.089537470900939
567 1.784246637654584
568 1.917489871264442
569 1.676028312814044
570 1.8471296516097533
571 1.9860557513317814
572 1.7790116468930575
573 1.7350140856302831
574 2.051201472341696
575 1.6431218488165638
576 2.198311866466851
577 2.16452765048889
578 1.714117916216569
579 1.7248508154872206
580 1.7163689023185884
581 1.9750730321862122
582 1.666836719823727
583 2.13325851686775
584 1.7829098747927388
585 1.9020019679766647
586 2.0208244442237704
587 1.8177518513243247
588 2.0617981866381725
589 2.054147544616417
590 1.8816537841746368
591 2.0825317429374053
592 1.780270911375677
593 1.776269241733255
594 1.834192827362741
595 1.6941273073581642
596 1.6767377939391581
597 1.6756536032141522
598 1.6587594040104472
599 1.7748725965593863
600 1.8799594616281439
601 2.1326527051437854
602 1.8790673721846562
603 1.9020544336702028
604 1.798769704483951
605 2.1533710536744235
606 1.9062345986074956
607 1.8588372190864362
608 2.032442988710783
609 1.8077358555747556
610 1.9535737666714235
611 1.8323675454711172
612 1.7125202820655132
613 2.0148384496976686
614 1.7309085648119655
615 1.9184405310990287
616 1.8441318705301537
617 1.8061816444220822
618 1.8723668752090266
619 2.119418034506033
620 1.608844806849265
621 2.0794949813833106
622 2.1225682812650817
623 2.2075095837071514
624 1.615290281925099
625 1.902473028286976
626 2.1734976483705575
627 1.6135347061128473
628 1.6713522675425287
629 2.0455764945970025
630 1.7104699602855535
631 1.678642041064919
632 1.9751903129210269
633 1.7262769601859564
634 1.9721404648918193
635 1.6935722550372352
636 1.9496014790516147
637 1.9814720229606797
638 1.9525524868323627
639 2.1961744564773316
640 1.9895169419255558
641 1.9603851315842795
642 1.9783374610392264
643 1.979018843823962
644 1.8416808513819627
645 1.9903599126586624
646 1.6001415520839064
647 1.6377020353941183
648 2.044811503876804
649 1.9048097027973176
650 1.8597719001839808
651 1.893806462280883
652 1.99353044725766
653 1.7066949282874808
654 2.203360488532691
655 1.8298329416156938
656 1.9108469141540334
657 1.7368328457206532
658 1.592949377422914
659 1.9251581892959402
660 1.8396860902296246
661 2.076925874970003
662 1.8799130957442234
663 1.7032913457584682
664 2.1092578679677887
665 2.093880716472752
666 1.7662680867035236
667 1.981022777449588
668 2.0620545714404344
669 1.9518060143568086
670 1.7624927105160557
671 2.0646726593744815
672 1.7672347276268432
673 1.6565186046029434
674 1.6220321926891086
675 1.8156819598518206
676 2.037374492615021
677 1.6635085485960186
678 1.6360548565531932
679 1.925115992792098
680 1.8733224175065968
681 1.750437407492949
682 1.887346120808069
683 1.7545138257154715
684 1.7645628647028437
685 1.7229392026697614
686 1.895655021325295
687 1.837064049193795
688 2.014259203344108
689 1.561992719946371
690 1.7500518087384334
691 1.8371401506585303
692 1.7965450387397208
693 1.6782555834338575
694 1.9596176634558857
695 1.9741046966482088
696 2.056494804245912
697 1.8004382185883996
698 2.1100969443660698
699 1.8561231374523433
700 2.3928061909470846
701 1.9837239538079203
702 2.1359612998346043
703 1.8339944514412696
704 1.8860548676599098
705 1.7498482966707687
706 1.8999759448168765
707 1.9765119315659312
708 1.7611663728451634
709 1.9744268759955363
710 1.8621531929720003
711 1.70759866417494
712 1.8904153771979484
713 2.2284344385827954
714 1.9248466651319704
715 1.8842632541933506
716 1.6840001515152565
717 1.3637992894765638
718 1.8038027157806893
719 1.9740862735989253
720 1.9556003053899877
721 1.9452995801238782
722 1.5909598771044302
723 2.030097836697577
724 1.6866329977782262
725 1.9476991184748402
726 1.6632305821962414
727 1.8417512467549815
728 2.0409537865377425
729 1.7895487503345302
730 1.9036906161178864
731 1.824347312384148
732 2.2466644842119066
733 1.8214162069697377
734 1.909620187221767
735 1.825078177768675
736 1.8977475035278644
737 1.9166923869335664
738 1.943782374802146
739 1.5450694941644056
740 1.705169381724384
741 1.6806481724514222
742 2.1386710728737417
743 2.2443668068142832
744 1.76127675091925
745 2.0498813607303332
746 1.5747997004755134
747 1.8267325584228653
748 2.024037660673072
749 2.0708794558780657
750 2.0350805183500253
751 1.9302543225070878
752 1.8664945072757306
753 2.072350238431728
754 1.7084890937212025
755 1.7826224212544226
756 2.1113440187398353
757 2.0126504026303618
758 1.8194484041020447
759 1.9570449168308979
760 2.0330758243817133
761 2.0288101757950256
762 2.009371184260427
763 1.7683812184163379
764 1.9048917451689111
765 1.688541455520994
766 1.978811021168901
767 1.961071781039955
768 2.055307937198676
769 1.5970441861311206
770 1.894995537566927
771 1.9970211610532187
772 1.7192485468150827
773 1.8860974655430796
774 1.6855905189941167
775 1.9033602802221796
776 1.7919568538847492
777 1.7100617055835527
778 1.806109358090925
779 2.065377767365837
780 1.9888179712472887
781 1.951687324952599
782 1.6652617432586903
783 1.557290493728171
784 1.8136964911173705
785 1.881297497130503
786 1.8072003901471658
787 1.7268442272211446
788 1.8345477639991141
789 1.9680251371669528
790 1.9437016575061932
791 1.8798693377449471
792 1.9724921167017246
793 1.8752294158989293
794 2.02216790341044
795 1.8829807484670276
796 1.8774182072008951
797 1.9856303193927405
798 1.9412238620164657
799 1.7719437024886342
800 2.1100967043969807
801 1.9891800673000062
802 2.2494274956476414
803 1.9487272200691812
804 1.7165045955227
805 2.047236669670113
806 1.8244144566753175
807 2.067563661852637
808 1.7614780353437667
809 1.9260141271680524
810 1.9780070044855325
811 2.075367358765606
812 1.9544035459961053
813 1.6535164082933254
814 2.063768424104043
815 1.7436738895717907
816 1.8784233329056572
817 1.7495858196771437
818 2.034890553276269
819 1.9611263044745078
820 1.894169539469164
821 1.9233671888838968
822 1.9904633632674023
823 1.7894839846499744
824 1.9224140709507935
825 1.4615284209308554
826 1.6459911105196405
827 1.9975070923546563
828 1.6789476539011057
829 1.9370133264167804
830 1.8190671478856262
831 1.8148737279976777
832 1.9327433326276193
833 1.9525670275265288
834 1.8064667559525076
835 1.9718586405773666
836 1.751097616319967
837 1.8531892807398818
838 1.8031514175068797
839 2.1325662925716977
840 1.76399190793669
841 1.9423145780888544
842 1.713941931829213
843 1.6958615710691423
844 1.7984347996140744
845 1.7021984212575112
846 1.706252334691252
847 1.8107230939185497
848 1.6721370066557752
849 1.8144317287886453
850 1.7959350471757924
851 1.8389037392284637
852 1.7310191478157622
853 1.6793253472737957
854 2.1567185921801673
855 1.6665592052909717
856 2.078915893348219
857 1.9595730466003292
858 1.7186165412902397
859 1.9996610419159189
860 2.102300479826955
861 1.9941708112866903
862 1.5838916014873334
863 1.7447033375609857
864 1.9943236979038337
865 2.0289544904552894
866 1.8243151469801082
867 2.094822655410147
868 1.9803938166144812
869 1.673004966722551
870 1.7405337347155028
871 1.8948550800196253
872 1.824484083022186
873 2.2613937283527257
874 1.6712370781332675
875 1.969748543390937
876 1.7650614991825626
877 1.616575480764304
878 2.0101414059011957
879 1.8429069645508414
880 1.7447439704898204
881 2.0164843023234122
882 1.805872398378737
883 1.6116097667934135
884 1.624235569730202
885 2.070849660040724
886 1.9194022154481276
887 1.7801422245671588
888 1.9456734297773663
889 2.1266325973777156
890 2.1117707233634713
891 1.762294370486002
892 1.64031601959325
893 2.1527533977392577
894 1.8219063532227293
895 1.8317932327576791
896 1.9178821829569066
897 1.5986883312720062
898 1.7977394578928798
899 1.6928092204972434
900 1.9753235988426237
901 1.6519809440220314
902 1.6213159506628456
903 1.7777290199235631
904 1.7666463191646746
905 1.8494646469812723
906 1.7460695264691135
907 1.9057835179814062
908 1.6619572255146686
909 1.8124447124344771
910 1.8990420456458614
911 1.7389121727622803
912 1.9648194551065272
913 1.6774472644794252
914 1.9342913911394968
915 1.7578505590178695
916 1.5418203192306914
917 1.9523672423194778
918 2.1307224231953015
919 2.095783623028413
920 2.0219997194786457
921 2.1562434825247054
922 2.0048582851792087
923 1.6598827265117033
924 1.8661029328485257
925 1.8384214824549179
926 1.7976418854209328
927 1.9352950537532065
928 1.8142363900123957
929 2.084757454570411
930 1.843212528978373
931 1.7491096702703801
932 1.8762457793165703
933 1.9013047874844626
934 1.4520551960696493
935 1.7361246067550444
936 1.8976101579748417
937 1.7496270315042683
938 1.7712898421469532
939 1.7012770449316499
940 1.8741428419232398
941 1.9366513988100027
942 1.8601155038342037
943 1.8603387772489115
944 2.0121167282566232
945 1.638536068816535
946 1.8257729406070584
947 2.0103733745377164
948 1.6684906940191877
949 1.6046563714020272
950 1.9974344366992536
951 2.125225301909138
952 1.9750983497817487
953 1.7242793392303986
954 1.930498115733689
955 1.8460998017375874
956 1.7022940322070859
957 2.1668911517878
958 1.7359122766558361
959 1.9640262894385763
960 1.960161095221733
961 1.90951649865962
962 2.304741153725614
963 2.2321529446152506
964 1.7802112219731214
965 1.8143179283559256
966 2.089453361914007
967 1.7012298740378997
968 1.794371211666668
969 1.9884961576532658
970 1.8152248821138484
971 1.6944360899400082
972 2.00018971653774
973 2.0346560685843427
974 1.896709141831133
975 2.01866560548639
976 1.608770634136748
977 1.546597220453728
978 1.780384342735601
979 1.734667303531775
980 1.669044635945153
981 1.6969297767393237
982 1.878977891062587
983 1.9395769191160144
984 1.8770431773171794
985 1.60183536646861
986 1.9825356114913404
987 1.7083473123958075
988 2.0059044146867904
989 1.6129384052201334
990 1.9817659076531762
991 1.7886654175273458
992 1.7703044947417523
993 1.975028730480442
994 1.5257327147081092
995 2.0721304342163034
996 1.7423456399920318
997 2.044464630249858
998 1.838475529693379
999 1.7084899423110003
1000 1.7532032345688982
