1 -1.9033615443632472
2 -1.908421663188772
3 -1.908421663188772
4 -1.908421663188772
5 -1.908421663188772
6 -1.908421663188772
7 -1.908421663188772
8 -1.908421663188772
9 -1.9095947376505484
10 -1.9115609853056847
11 -1.9115609853056847
12 -1.9115609853056847
13 -1.9115609853056847
14 -1.9115609853056847
15 -1.9115609853056847
16 -1.9115609853056847
17 -1.9115609853056847
18 -1.9115609853056847
19 -1.9115609853056847
20 -1.9115609853056847
21 -1.9115609853056847
22 -1.9115609853056847
23 -1.9115609853056847
24 -1.9115609853056847
25 -1.9115609853056847
26 -1.9115609853056847
27 -1.9115609853056847
28 -1.9130053273993335
29 -1.9130053273993335
30 -1.9130053273993335
31 -1.9130053273993335
32 -1.9130053273993335
33 -1.9130053273993335
34 -1.9130053273993335
35 -1.9130053273993335
36 -1.9130053273993335
37 -1.9130053273993335
38 -1.9130053273993335
39 -1.9130053273993335
40 -1.9130053273993335
41 -1.9130053273993335
42 -1.9130053273993335
43 -1.9130053273993335
44 -1.9130053273993335
45 -1.9130053273993335
46 -1.9130053273993335
47 -1.9130053273993335
48 -1.9130053273993335
49 -1.9130053273993335
50 -1.9130053273993335
51 -1.9130053273993335
52 -1.9130053273993335
53 -1.9130053273993335
54 -1.9130053273993335
55 -1.9130053273993335
56 -1.9130053273993335
57 -1.9130053273993335
58 -1.9130053273993335
59 -1.9130053273993335
60 -1.9130053273993335
61 -1.9130053273993335
62 -1.9130053273993335
63 -1.9130053273993335
64 -1.9130053273993335
65 -1.9130053273993335
66 -1.9130053273993335
67 -1.9130053273993335
68 -1.9130053273993335
69 -1.9130053273993335
70 -1.9130053273993335
71 -1.9130053273993335
72 -1.9130053273993335
73 -1.9130053273993335
74 -1.9130053273993335
75 -1.9130053273993335
76 -1.9130053273993335
77 -1.9130053273993335
78 -1.9130053273993335
79 -1.9130053273993335
80 -1.9130053273993335
81 -1.9130053273993335
82 -1.9130053273993335
83 -1.9130053273993335
84 -1.9130053273993335
85 -1.9130053273993335
86 -1.9130053273993335
87 -1.9130053273993335
88 -1.9130053273993335
89 -1.9130053273993335
90 -1.9130053273993335
91 -1.9130053273993335
92 -1.9130053273993335
93 -1.9130053273993335
94 -1.9130053273993335
95 -1.9130053273993335
96 -1.9130053273993335
97 -1.9130053273993335
98 -1.9130053273993335
99 -1.9130053273993335
100 -1.9130053273993335
101 -1.9130053273993335
102 -1.9130053273993335
103 -1.9130053273993335
104 -1.9130053273993335
105 -1.9130053273993335
106 -1.9130053273993335
107 -1.9130053273993335
108 -1.9130053273993335
109 -1.9130053273993335
110 -1.9130053273993335
111 -1.9130053273993335
112 -1.9130053273993335
113 -1.9130053273993335
114 -1.9130053273993335
115 -1.9130053273993335
116 -1.9130053273993335
117 -1.9130053273993335
118 -1.9130053273993335
119 -1.9130053273993335
120 -1.9130053273993335
121 -1.9130053273993335
122 -1.9130053273993335
123 -1.9130053273993335
124 -1.9130053273993335
125 -1.9130053273993335
126 -1.9130053273993335
127 -1.9130053273993335
128 -1.9130053273993335
129 -1.9130053273993335
130 -1.9130053273993335
131 -1.9130053273993335
132 -1.9130053273993335
133 -1.9130053273993335
134 -1.9130053273993335
135 -1.9130053273993335
136 -1.9130053273993335
137 -1.9130053273993335
138 -1.9130053273993335
139 -1.9130053273993335
140 -1.9130053273993335
141 -1.9130053273993335
142 -1.9130053273993335
143 -1.9130053273993335
144 -1.9130053273993335
145 -1.9130053273993335
146 -1.9130053273993335
147 -1.9130053273993335
148 -1.9130053273993335
149 -1.9130053273993335
150 -1.9130053273993335
151 -1.9130053273993335
152 -1.9130053273993335
153 -1.9130053273993335
154 -1.9130053273993335
155 -1.9130053273993335
156 -1.9130053273993335
157 -1.9130053273993335
158 -1.9130053273993335
159 -1.9130053273993335
160 -1.9130053273993335
161 -1.9130053273993335
162 -1.9130053273993335
163 -1.9130053273993335
164 -1.9130053273993335
165 -1.9130053273993335
166 -1.9130053273993335
167 -1.9130053273993335
168 -1.9130053273993335
169 -1.9130053273993335
170 -1.9130053273993335
171 -1.9130053273993335
172 -1.9130053273993335
173 -1.9130053273993335
174 -1.9130053273993335
175 -1.9130053273993335
176 -1.9130053273993335
177 -1.9130053273993335
178 -1.9130053273993335
179 -1.9130053273993335
180 -1.9130053273993335
181 -1.9130053273993335
182 -1.9130053273993335
183 -1.9130053273993335
184 -1.9130053273993335
185 -1.9130053273993335
186 -1.9130053273993335
187 -1.9130053273993335
188 -1.9130053273993335
189 -1.9130053273993335
190 -1.9130053273993335
191 -1.9130053273993335
192 -1.9130053273993335
193 -1.9130053273993335
194 -1.9130053273993335
195 -1.9130053273993335
196 -1.9130053273993335
197 -1.9130053273993335
198 -1.9130053273993335
199 -1.9130053273993335
200 -1.9130053273993335
201 -1.9130053273993335
202 -1.9130053273993335
203 -1.9130053273993335
204 -1.9130053273993335
205 -1.9130053273993335
206 -1.9130053273993335
207 -1.9130053273993335
208 -1.9130053273993335
209 -1.9130053273993335
210 -1.9130053273993335
211 -1.9130053273993335
212 -1.9130053273993335
213 -1.9130053273993335
214 -1.9130053273993335
215 -1.9130053273993335
216 -1.9130053273993335
217 -1.9130053273993335
218 -1.9130053273993335
219 -1.9130053273993335
220 -1.9130053273993335
221 -1.9130053273993335
222 -1.9130053273993335
223 -1.9130053273993335
224 -1.9130053273993335
225 -1.9130053273993335
226 -1.9130053273993335
227 -1.9130053273993335
228 -1.9130053273993335
229 -1.9130053273993335
230 -1.9130053273993335
231 -1.9130053273993335
232 -1.9130053273993335
233 -1.9130053273993335
234 -1.9130053273993335
235 -1.9130053273993335
236 -1.9130053273993335
237 -1.9130053273993335
238 -1.9130053273993335
239 -1.9130053273993335
240 -1.9130053273993335
241 -1.9130053273993335
242 -1.9130053273993335
243 -1.9130053273993335
244 -1.9130053273993335
245 -1.9130053273993335
246 -1.9130053273993335
247 -1.9130053273993335
248 -1.9130053273993335
249 -1.9130053273993335
250 -1.9130053273993335
251 -1.9130053273993335
252 -1.9130053273993335
253 -1.9130053273993335
254 -1.9130053273993335
255 -1.9130053273993335
256 -1.9130053273993335
257 -1.9130053273993335
258 -1.9130053273993335
259 -1.9130053273993335
260 -1.9130053273993335
261 -1.9130053273993335
262 -1.9130053273993335
263 -1.9130053273993335
264 -1.9130053273993335
265 -1.9130053273993335
266 -1.9130053273993335
267 -1.9130053273993335
268 -1.9130053273993335
269 -1.9130053273993335
270 -1.9130053273993335
271 -1.9130053273993335
272 -1.9130053273993335
273 -1.9130053273993335
274 -1.9130053273993335
275 -1.9130053273993335
276 -1.9130053273993335
277 -1.9130053273993335
278 -1.9130053273993335
279 -1.9130053273993335
280 -1.9130053273993335
281 -1.9130053273993335
282 -1.9130053273993335
283 -1.9130053273993335
284 -1.9130053273993335
285 -1.9131261817454766
286 -1.9131261817454766
287 -1.9131261817454766
288 -1.9131261817454766
289 -1.913202641113391
290 -1.913202641113391
291 -1.913202641113391
292 -1.913202641113391
293 -1.913202641113391
294 -1.913202641113391
295 -1.913202641113391
296 -1.913202641113391
297 -1.913202641113391
298 -1.913202641113391
299 -1.913202641113391
300 -1.913202641113391
301 -1.913202641113391
302 -1.913202641113391
303 -1.913202641113391
304 -1.913202641113391
305 -1.913202641113391
306 -1.913202641113391
307 -1.913202641113391
308 -1.913202641113391
309 -1.913202641113391
310 -1.913202641113391
311 -1.913202641113391
312 -1.913202641113391
313 -1.913202641113391
314 -1.913202641113391
315 -1.913202641113391
316 -1.913202641113391
317 -1.913202641113391
318 -1.913202641113391
319 -1.913202641113391
320 -1.913202641113391
321 -1.913202641113391
322 -1.913202641113391
323 -1.913202641113391
324 -1.913202641113391
325 -1.913202641113391
326 -1.913202641113391
327 -1.913202641113391
328 -1.913202641113391
329 -1.913202641113391
330 -1.913202641113391
331 -1.913202641113391
332 -1.913202641113391
333 -1.913202641113391
334 -1.913202641113391
335 -1.913202641113391
336 -1.913202641113391
337 -1.913202641113391
338 -1.913202641113391
339 -1.913202641113391
340 -1.913202641113391
341 -1.913202641113391
342 -1.913202641113391
343 -1.913202641113391
344 -1.913202641113391
345 -1.913202641113391
346 -1.913202641113391
347 -1.913202641113391
348 -1.913202641113391
349 -1.913202641113391
350 -1.913202641113391
351 -1.913202641113391
352 -1.913202641113391
353 -1.913202641113391
354 -1.913202641113391
355 -1.913202641113391
356 -1.913202641113391
357 -1.913202641113391
358 -1.913202641113391
359 -1.913202641113391
360 -1.913202641113391
361 -1.913202641113391
362 -1.913202641113391
363 -1.913202641113391
364 -1.913202641113391
365 -1.913202641113391
366 -1.913202641113391
367 -1.913202641113391
368 -1.913202641113391
369 -1.913202641113391
370 -1.913202641113391
371 -1.913202641113391
372 -1.913202641113391
373 -1.913202641113391
374 -1.913202641113391
375 -1.913202641113391
376 -1.913202641113391
377 -1.913202641113391
378 -1.913202641113391
379 -1.913202641113391
380 -1.913202641113391
381 -1.913202641113391
382 -1.913202641113391
383 -1.913202641113391
384 -1.913202641113391
385 -1.913202641113391
386 -1.913202641113391
387 -1.913202641113391
388 -1.913202641113391
389 -1.913202641113391
390 -1.913202641113391
391 -1.913202641113391
392 -1.913202641113391
393 -1.913202641113391
394 -1.913202641113391
395 -1.913202641113391
396 -1.913202641113391
397 -1.913202641113391
398 -1.913202641113391
399 -1.913202641113391
400 -1.913202641113391
401 -1.913202641113391
402 -1.913202641113391
403 -1.913202641113391
404 -1.913202641113391
405 -1.913202641113391
406 -1.913202641113391
407 -1.913202641113391
408 -1.913202641113391
409 -1.913202641113391
410 -1.913202641113391
411 -1.913202641113391
412 -1.913202641113391
413 -1.913202641113391
414 -1.913202641113391
415 -1.913202641113391
416 -1.913202641113391
417 -1.913202641113391
418 -1.913202641113391
419 -1.913202641113391
420 -1.913202641113391
421 -1.913202641113391
422 -1.913202641113391
423 -1.913202641113391
424 -1.913202641113391
425 -1.913202641113391
426 -1.913202641113391
427 -1.913202641113391
428 -1.913202641113391
429 -1.913202641113391
430 -1.913202641113391
431 -1.913202641113391
432 -1.913202641113391
433 -1.913202641113391
434 -1.913202641113391
435 -1.913202641113391
436 -1.913202641113391
437 -1.913202641113391
438 -1.913202641113391
439 -1.913202641113391
440 -1.913202641113391
441 -1.913202641113391
442 -1.913202641113391
443 -1.913202641113391
444 -1.913202641113391
445 -1.913202641113391
446 -1.913202641113391
447 -1.913202641113391
448 -1.913202641113391
449 -1.913202641113391
450 -1.913202641113391
451 -1.913202641113391
452 -1.913202641113391
453 -1.913202641113391
454 -1.913202641113391
455 -1.913202641113391
456 -1.913202641113391
457 -1.913202641113391
458 -1.913202641113391
459 -1.913202641113391
460 -1.913202641113391
461 -1.913202641113391
462 -1.913202641113391
463 -1.913202641113391
464 -1.913202641113391
465 -1.913202641113391
466 -1.913202641113391
467 -1.913202641113391
468 -1.913202641113391
469 -1.913202641113391
470 -1.913202641113391
471 -1.913202641113391
472 -1.913202641113391
473 -1.913202641113391
474 -1.913202641113391
475 -1.913202641113391
476 -1.913202641113391
477 -1.913202641113391
478 -1.913202641113391
479 -1.913202641113391
480 -1.913202641113391
481 -1.913202641113391
482 -1.913202641113391
483 -1.913202641113391
484 -1.913202641113391
485 -1.913202641113391
486 -1.913202641113391
487 -1.913202641113391
488 -1.913202641113391
489 -1.913202641113391
490 -1.913202641113391
491 -1.913202641113391
492 -1.913202641113391
493 -1.913202641113391
494 -1.913202641113391
495 -1.913202641113391
496 -1.913202641113391
497 -1.913202641113391
498 -1.913202641113391
499 -1.913202641113391
500 -1.913202641113391
501 -1.913202641113391
502 -1.913202641113391
503 -1.913202641113391
504 -1.913202641113391
505 -1.913202641113391
506 -1.913202641113391
507 -1.913202641113391
508 -1.913202641113391
509 -1.913202641113391
510 -1.913202641113391
511 -1.913202641113391
512 -1.913202641113391
513 -1.913202641113391
514 -1.913202641113391
515 -1.913202641113391
516 -1.913202641113391
517 -1.913202641113391
518 -1.913202641113391
519 -1.913202641113391
520 -1.913202641113391
521 -1.913202641113391
522 -1.913202641113391
523 -1.913202641113391
524 -1.913202641113391
525 -1.913202641113391
526 -1.913202641113391
527 -1.913202641113391
528 -1.913202641113391
529 -1.913202641113391
530 -1.913202641113391
531 -1.913202641113391
532 -1.913202641113391
533 -1.913202641113391
534 -1.913202641113391
535 -1.913202641113391
536 -1.913202641113391
537 -1.913202641113391
538 -1.913202641113391
539 -1.913202641113391
540 -1.913202641113391
541 -1.913202641113391
542 -1.913202641113391
543 -1.913202641113391
544 -1.913202641113391
545 -1.913202641113391
546 -1.913202641113391
547 -1.913202641113391
548 -1.913202641113391
549 -1.913202641113391
550 -1.913202641113391
551 -1.913202641113391
552 -1.913202641113391
553 -1.913202641113391
554 -1.913202641113391
555 -1.913202641113391
556 -1.913202641113391
557 -1.913202641113391
558 -1.913202641113391
559 -1.913202641113391
560 -1.913202641113391
561 -1.913202641113391
562 -1.913202641113391
563 -1.913202641113391
564 -1.913202641113391
565 -1.913202641113391
566 -1.913202641113391
567 -1.913202641113391
568 -1.913202641113391
569 -1.913202641113391
570 -1.913202641113391
571 -1.913202641113391
572 -1.913202641113391
573 -1.913202641113391
574 -1.913202641113391
575 -1.913202641113391
576 -1.913202641113391
577 -1.913202641113391
578 -1.913202641113391
579 -1.913202641113391
580 -1.913202641113391
581 -1.913202641113391
582 -1.913202641113391
583 -1.913202641113391
584 -1.913202641113391
585 -1.913202641113391
586 -1.913202641113391
587 -1.913202641113391
588 -1.913202641113391
589 -1.913202641113391
590 -1.913202641113391
591 -1.913202641113391
592 -1.913202641113391
593 -1.913202641113391
594 -1.913202641113391
595 -1.913202641113391
596 -1.913202641113391
597 -1.913202641113391
598 -1.913202641113391
599 -1.913202641113391
600 -1.913202641113391
601 -1.913202641113391
602 -1.913202641113391
603 -1.913202641113391
604 -1.913202641113391
605 -1.913202641113391
606 -1.913202641113391
607 -1.913202641113391
608 -1.913202641113391
609 -1.913202641113391
610 -1.913202641113391
611 -1.913202641113391
612 -1.913202641113391
613 -1.913202641113391
614 -1.913202641113391
615 -1.913202641113391
616 -1.913202641113391
617 -1.913202641113391
618 -1.913202641113391
619 -1.913202641113391
620 -1.913202641113391
621 -1.913202641113391
622 -1.913202641113391
623 -1.913202641113391
624 -1.913202641113391
625 -1.913202641113391
626 -1.913202641113391
627 -1.913202641113391
628 -1.913202641113391
629 -1.913202641113391
630 -1.913202641113391
631 -1.913202641113391
632 -1.913202641113391
633 -1.913202641113391
634 -1.913202641113391
635 -1.913202641113391
636 -1.913202641113391
637 -1.913202641113391
638 -1.913202641113391
639 -1.913202641113391
640 -1.913202641113391
641 -1.913202641113391
642 -1.913202641113391
643 -1.913202641113391
644 -1.913202641113391
645 -1.913202641113391
646 -1.913202641113391
647 -1.913202641113391
648 -1.913202641113391
649 -1.913202641113391
650 -1.913202641113391
651 -1.913202641113391
652 -1.913202641113391
653 -1.913202641113391
654 -1.913202641113391
655 -1.913202641113391
656 -1.913202641113391
657 -1.913202641113391
658 -1.913202641113391
659 -1.913202641113391
660 -1.913202641113391
661 -1.913202641113391
662 -1.913202641113391
663 -1.913202641113391
664 -1.913202641113391
665 -1.913202641113391
666 -1.913202641113391
667 -1.913202641113391
668 -1.913202641113391
669 -1.913202641113391
670 -1.913202641113391
671 -1.913202641113391
672 -1.913202641113391
673 -1.913202641113391
674 -1.913202641113391
675 -1.913202641113391
676 -1.913202641113391
677 -1.913202641113391
678 -1.913202641113391
679 -1.913202641113391
680 -1.913202641113391
681 -1.913202641113391
682 -1.913202641113391
683 -1.913202641113391
684 -1.913202641113391
685 -1.913202641113391
686 -1.913202641113391
687 -1.913202641113391
688 -1.913202641113391
689 -1.913202641113391
690 -1.913202641113391
691 -1.913202641113391
692 -1.913202641113391
693 -1.913202641113391
694 -1.913202641113391
695 -1.913202641113391
696 -1.913202641113391
697 -1.913202641113391
698 -1.913202641113391
699 -1.913202641113391
700 -1.913202641113391
701 -1.913202641113391
702 -1.913202641113391
703 -1.913202641113391
704 -1.913202641113391
705 -1.913202641113391
706 -1.913202641113391
707 -1.913202641113391
708 -1.913202641113391
709 -1.913202641113391
710 -1.913202641113391
711 -1.913202641113391
712 -1.913202641113391
713 -1.913202641113391
714 -1.913202641113391
715 -1.913202641113391
716 -1.913202641113391
717 -1.913202641113391
718 -1.913202641113391
719 -1.913202641113391
720 -1.913202641113391
721 -1.913202641113391
722 -1.913202641113391
723 -1.913202641113391
724 -1.913202641113391
725 -1.913202641113391
726 -1.913202641113391
727 -1.913202641113391
728 -1.913202641113391
729 -1.913202641113391
730 -1.913202641113391
731 -1.913202641113391
732 -1.913202641113391
733 -1.913202641113391
734 -1.913202641113391
735 -1.913202641113391
736 -1.913202641113391
737 -1.913202641113391
738 -1.913202641113391
739 -1.913202641113391
740 -1.913202641113391
741 -1.913202641113391
742 -1.913202641113391
743 -1.913202641113391
744 -1.913202641113391
745 -1.913202641113391
746 -1.913202641113391
747 -1.913202641113391
748 -1.913202641113391
749 -1.913202641113391
750 -1.913202641113391
751 -1.913202641113391
752 -1.913202641113391
753 -1.913202641113391
754 -1.913202641113391
755 -1.913202641113391
756 -1.913202641113391
757 -1.913202641113391
758 -1.913202641113391
759 -1.913202641113391
760 -1.913202641113391
761 -1.913202641113391
762 -1.913202641113391
763 -1.913202641113391
764 -1.913202641113391
765 -1.913202641113391
766 -1.913202641113391
767 -1.913202641113391
768 -1.913202641113391
769 -1.913202641113391
770 -1.913202641113391
771 -1.913202641113391
772 -1.913202641113391
773 -1.913202641113391
774 -1.913202641113391
775 -1.913202641113391
776 -1.913202641113391
777 -1.913202641113391
778 -1.913202641113391
779 -1.913202641113391
780 -1.913202641113391
781 -1.913202641113391
782 -1.913202641113391
783 -1.913202641113391
784 -1.913202641113391
785 -1.913202641113391
786 -1.913202641113391
787 -1.913202641113391
788 -1.913202641113391
789 -1.913202641113391
790 -1.913202641113391
791 -1.913202641113391
792 -1.913202641113391
793 -1.913202641113391
794 -1.913202641113391
795 -1.913202641113391
796 -1.913202641113391
797 -1.913202641113391
798 -1.913202641113391
799 -1.913202641113391
800 -1.913202641113391
801 -1.913202641113391
802 -1.913202641113391
803 -1.913202641113391
804 -1.913202641113391
805 -1.913202641113391
806 -1.913202641113391
807 -1.913202641113391
808 -1.913202641113391
809 -1.913202641113391
810 -1.913202641113391
811 -1.913202641113391
812 -1.913202641113391
813 -1.913202641113391
814 -1.913202641113391
815 -1.913202641113391
816 -1.913202641113391
817 -1.913202641113391
818 -1.913202641113391
819 -1.913202641113391
820 -1.913202641113391
821 -1.913202641113391
822 -1.913202641113391
823 -1.913202641113391
824 -1.913202641113391
825 -1.913202641113391
826 -1.913202641113391
827 -1.913202641113391
828 -1.913202641113391
829 -1.913202641113391
830 -1.913202641113391
831 -1.913202641113391
832 -1.913202641113391
833 -1.913202641113391
834 -1.913202641113391
835 -1.913202641113391
836 -1.913202641113391
837 -1.913202641113391
838 -1.913202641113391
839 -1.913202641113391
840 -1.913202641113391
841 -1.913202641113391
842 -1.913202641113391
843 -1.913202641113391
844 -1.913202641113391
845 -1.913202641113391
846 -1.913202641113391
847 -1.913202641113391
848 -1.913202641113391
849 -1.913202641113391
850 -1.913202641113391
851 -1.913202641113391
852 -1.913202641113391
853 -1.913202641113391
854 -1.913202641113391
855 -1.913202641113391
856 -1.913202641113391
857 -1.913202641113391
858 -1.913202641113391
859 -1.913202641113391
860 -1.913202641113391
861 -1.913202641113391
862 -1.913202641113391
863 -1.913202641113391
864 -1.913202641113391
865 -1.913202641113391
866 -1.913202641113391
867 -1.913202641113391
868 -1.913202641113391
869 -1.913202641113391
870 -1.913202641113391
871 -1.913202641113391
872 -1.913202641113391
873 -1.913202641113391
874 -1.913202641113391
875 -1.913202641113391
876 -1.913202641113391
877 -1.913202641113391
878 -1.913202641113391
879 -1.913202641113391
880 -1.913202641113391
881 -1.913202641113391
882 -1.913202641113391
883 -1.913202641113391
884 -1.913202641113391
885 -1.913202641113391
886 -1.913202641113391
887 -1.913202641113391
888 -1.913202641113391
889 -1.913202641113391
890 -1.913202641113391
891 -1.913202641113391
892 -1.913202641113391
893 -1.913202641113391
894 -1.913202641113391
895 -1.913202641113391
896 -1.913202641113391
897 -1.913202641113391
898 -1.913202641113391
899 -1.913202641113391
900 -1.913202641113391
901 -1.913202641113391
902 -1.913202641113391
903 -1.913202641113391
904 -1.913202641113391
905 -1.913202641113391
906 -1.913202641113391
907 -1.913202641113391
908 -1.913202641113391
909 -1.913202641113391
910 -1.913202641113391
911 -1.913202641113391
912 -1.913202641113391
913 -1.913202641113391
914 -1.913202641113391
915 -1.913202641113391
916 -1.913202641113391
917 -1.913202641113391
918 -1.913202641113391
919 -1.913202641113391
920 -1.913202641113391
921 -1.913202641113391
922 -1.913202641113391
923 -1.913202641113391
924 -1.913202641113391
925 -1.913202641113391
926 -1.913202641113391
927 -1.913202641113391
928 -1.913202641113391
929 -1.913202641113391
930 -1.913202641113391
931 -1.913202641113391
932 -1.913202641113391
933 -1.913202641113391
934 -1.913202641113391
935 -1.913202641113391
936 -1.913202641113391
937 -1.913202641113391
938 -1.913202641113391
939 -1.913202641113391
940 -1.913202641113391
941 -1.913202641113391
942 -1.913202641113391
943 -1.913202641113391
944 -1.913202641113391
945 -1.913202641113391
946 -1.913202641113391
947 -1.913202641113391
948 -1.913202641113391
949 -1.913202641113391
950 -1.913202641113391
951 -1.913202641113391
952 -1.913202641113391
953 -1.913202641113391
954 -1.913202641113391
955 -1.913202641113391
956 -1.913202641113391
957 -1.913202641113391
958 -1.913202641113391
959 -1.913202641113391
960 -1.913202641113391
961 -1.913202641113391
962 -1.913202641113391
963 -1.913202641113391
964 -1.913202641113391
965 -1.913202641113391
966 -1.913202641113391
967 -1.913202641113391
968 -1.913202641113391
969 -1.913202641113391
970 -1.913202641113391
971 -1.913202641113391
972 -1.913202641113391
973 -1.913202641113391
974 -1.913202641113391
975 -1.913202641113391
976 -1.913202641113391
977 -1.913202641113391
978 -1.913202641113391
979 -1.913202641113391
980 -1.913202641113391
981 -1.913202641113391
982 -1.913202641113391
983 -1.913202641113391
984 -1.913202641113391
985 -1.913202641113391
986 -1.913202641113391
987 -1.913202641113391
988 -1.913202641113391
989 -1.913202641113391
990 -1.913202641113391
991 -1.913202641113391
992 -1.913202641113391
993 -1.913202641113391
994 -1.913202641113391
995 -1.913202641113391
996 -1.913202641113391
997 -1.913202641113391
998 -1.913202641113391
999 -1.913202641113391
1000 -1.913202641113391
