1 5.52995726029142
2 6.067279192569538
3 6.721921935399477
4 6.1101523725083124
5 6.316213904428223
6 6.149884833191501
7 6.161914263120861
8 6.939247394229206
9 6.094213114133951
10 6.607143670218272
11 6.813251867552476
12 7.159095193781023
13 7.0937619204876565
14 6.207833295440806
15 6.22598757085324
16 6.805358030616632
17 7.879825960190155
18 7.026759791778167
19 6.73912828219516
20 7.388407092779389
21 6.883622998068253
22 6.777907766940476
23 6.874696595976216
24 6.783283939855292
25 7.0785130366570685
26 6.417150312428
27 7.253815936850126
28 6.335329144154198
29 6.832798524490043
30 7.004850528110773
31 6.953563443653111
32 6.753131708657824
33 6.650971643376758
34 7.430502362467535
35 6.84258386173347
36 6.847762511545395
37 7.020366752282623
38 6.610952293746077
39 6.23597507885852
40 6.434030816448785
41 7.20800221157439
42 6.986019109417584
43 7.075977414061143
44 6.521796539905119
45 6.9042494153728065
46 6.804833398918729
47 7.078211613364842
48 6.972913075451841
49 7.002657968497483
50 6.655176982982913
51 6.479170123735636
52 6.898351999570628
53 6.83703255679289
54 6.91188969582034
55 7.088919378020385
56 6.98146836006547
57 7.0315825445050075
58 6.9095266784290725
59 7.309784669926466
60 7.47280596249052
61 6.799311785166274
62 6.68836025754381
63 6.96750305129405
64 7.095483630728236
65 6.845959779343215
66 7.304380964005497
67 6.653137512964218
68 6.53837804433955
69 5.951973527643329
70 7.045433189441149
71 7.352163203626001
72 6.543403038299067
73 7.018054699535195
74 7.098099700479328
75 7.121338614790639
76 6.9984865344432725
77 7.0518250725169835
78 7.443916040561532
79 6.6497307043823835
80 6.606484355676057
81 6.8638599193398
82 6.755135007013227
83 6.875883519452614
84 6.911784350305174
85 6.769764266710968
86 6.935373196774848
87 6.705171014691128
88 7.643700470762707
89 6.566410047543555
90 7.616818839390497
91 6.977086279203032
92 7.066402007399972
93 7.315192634963264
94 6.862232649363563
95 6.553755646275618
96 6.442359141493681
97 6.852293969835167
98 6.973234065645691
99 7.072114877448914
100 7.011595158639921
101 6.564783722358816
102 7.064736731177465
103 6.2083629735291215
104 7.365973371799061
105 6.841297751186809
106 6.730790959795019
107 7.049226864935747
108 6.734696117027213
109 6.870692410069396
110 6.53287134736191
111 6.907730346120132
112 7.132556549401029
113 7.1805074196809295
114 6.9539988628122655
115 6.319869455780512
116 6.803917261113887
117 6.925809794748249
118 6.4717269495235
119 6.8541450630592005
120 6.48608719324009
121 7.039458401424326
122 7.013837080672065
123 6.954077712265308
124 6.686076510147871
125 6.620663003107068
126 7.326715464360423
127 7.0075590811293225
128 6.97576625704867
129 7.041928311999607
130 6.815444897573131
131 6.92847641091435
132 6.917731751651614
133 7.279270465135319
134 7.176231302243636
135 6.593811053789694
136 7.207440660423914
137 6.593660850023861
138 6.621494375371434
139 7.092119830038483
140 6.893748153105987
141 6.782046911615499
142 6.713986425539175
143 6.973933355248808
144 7.184650018717551
145 7.085514628927688
146 7.106890703812894
147 6.632284508480587
148 6.811627674486865
149 6.323646246089548
150 6.812531733266517
151 6.691691746714567
152 7.071301655184651
153 7.0800813928247575
154 6.629660854523056
155 6.860747007065107
156 6.540308043576422
157 7.047798097735381
158 6.851294924933706
159 6.909119371554256
160 6.842045225145271
161 7.282318710864528
162 7.003831765267992
163 7.127977614303353
164 7.0335909190388595
165 6.5129997388461565
166 7.112377451556868
167 6.754167450511813
168 6.609620764321731
169 7.094407949321811
170 7.378844034499645
171 6.921055077036342
172 6.686203317047509
173 6.362998032986938
174 6.996794778371481
175 7.119379044033535
176 6.660676510136403
177 7.419442871538836
178 6.889001110983963
179 7.099819409191034
180 6.936098132197833
181 6.826852468878031
182 6.52863440240662
183 6.821735048693585
184 6.818958890585801
185 6.415202944140017
186 7.49405081859704
187 6.76244095685657
188 7.057171970924503
189 6.712455924031461
190 6.492075965216671
191 6.771729158973286
192 7.011316915320065
193 7.201709298643384
194 7.1879113537644574
195 6.826544380838021
196 7.580348283124818
197 7.248832660835423
198 7.158265690116734
199 7.106391535737007
200 7.07177435289028
201 6.744853534585997
202 6.762599807754674
203 6.8456390780085306
204 7.383162436332233
205 6.352334512132217
206 6.367373059916845
207 6.8956991449265015
208 6.968645643472933
209 7.4595795161135525
210 7.414235722946903
211 6.89231735828988
212 6.921180393157684
213 7.429784622127473
214 7.4436324045296045
215 7.735087589834522
216 6.717771419749145
217 7.07899496341309
218 6.207874421917991
219 7.009498540563016
220 6.818308463165915
221 6.824141854459495
222 6.68803708499201
223 6.984265910053822
224 7.546527703807091
225 7.102538440250619
226 6.656529237479062
227 7.0465720504513065
228 6.4173313201471185
229 6.475783993914253
230 6.726728271949285
231 7.087920444960405
232 7.137613887906393
233 6.693382129816102
234 7.122895941830387
235 6.61079980805457
236 6.781747268823593
237 6.821624390864558
238 7.286602957536436
239 7.432129834987437
240 6.169951878428808
241 6.950808973447152
242 7.3165930982706575
243 6.90784814411118
244 6.825354306544336
245 6.499003123635991
246 6.964193539009077
247 6.668677927178899
248 6.509387548393532
249 7.488203101456577
250 6.996751500130284
251 7.491354213047121
252 7.1225013359012825
253 6.6347345208824136
254 7.14003640202262
255 7.079522331404066
256 7.267965848317079
257 7.185649421284877
258 7.411532528443885
259 6.630682232977279
260 7.5381211013454115
261 7.479301138259176
262 6.858445348027594
263 7.678375999238593
264 6.452482835903106
265 7.54090261549614
266 6.5699413715927
267 7.212632684718031
268 6.723291471850932
269 6.741631182208864
270 6.745251546471746
271 7.196849151417083
272 6.300087612657055
273 7.126907778488073
274 6.884337761880782
275 6.528404258671109
276 7.263267413176792
277 6.300646266694647
278 7.424817423095339
279 6.740991268617815
280 6.6566654452452605
281 7.04229189494478
282 7.28085378469521
283 6.485451890495129
284 6.457908380510164
285 7.008158402338884
286 6.747641693950026
287 7.487616621558068
288 6.635209477581332
289 7.125638513135003
290 6.206796658289339
291 7.186081173411021
292 6.34563179182146
293 7.0137597677272865
294 6.2429860891601034
295 7.279943675136001
296 7.192048330507721
297 6.641680887420932
298 6.704459348244141
299 6.987161081042118
300 6.677170210155821
301 6.961744760067639
302 7.954820663105171
303 7.240279651523331
304 7.325600770632678
305 7.20192944871447
306 7.317925213659871
307 6.614805206179678
308 6.740196815241981
309 6.8209741320119095
310 7.063797542358626
311 7.170363773485784
312 6.548722700254936
313 6.739836397881981
314 7.300369702029741
315 7.474416469211448
316 7.205055639046886
317 6.966438612068398
318 7.707885386107472
319 6.994657651080706
320 6.965954714961508
321 6.849942031158471
322 7.070150016427816
323 6.55601550646106
324 7.201550038268475
325 7.530135120004191
326 6.399657399412241
327 6.769429843472464
328 7.566709938026718
329 6.598527344660002
330 7.389476057388351
331 7.116549389068755
332 7.056828694794714
333 6.939555759595159
334 6.570776540666173
335 7.311169282452842
336 7.150796739209373
337 7.067824982906973
338 6.672766507974205
339 7.401098693635858
340 7.008212166993003
341 6.884166219369645
342 6.932891988533596
343 6.5229417664658955
344 7.1031959076405835
345 6.619315238899321
346 6.335964401316471
347 6.835361363378523
348 6.861337553508317
349 6.267310856051767
350 6.59521447725134
351 6.999400111015454
352 7.085854155991003
353 6.965490340863251
354 7.356873419497806
355 7.215344098664158
356 7.180207024460919
357 7.190571153647928
358 6.59012970871185
359 6.699558787768582
360 6.967018830265273
361 7.100136095789268
362 6.842037484467314
363 6.992081688741061
364 6.356093499673723
365 6.932081346729854
366 6.839061908253929
367 6.781786042873949
368 7.177095761412737
369 7.096337380563946
370 7.359355845701917
371 7.3282483355766646
372 5.899667297923202
373 7.226794860769717
374 6.769949617243919
375 7.137201844492139
376 6.83469619071123
377 6.808851914004262
378 6.998021314831084
379 6.948062261910392
380 7.213241136589468
381 6.953184564935643
382 6.8646681654189345
383 7.138087269578633
384 6.927845697088953
385 7.692226320683611
386 7.1920100153024
387 6.632257818220066
388 6.829630156454523
389 6.6411731990263645
390 6.882359090408602
391 6.9099381730159894
392 7.19969081284134
393 6.898410921306802
394 6.651391608513436
395 7.289056727096158
396 7.372431279892515
397 6.833920550921502
398 6.808945452834554
399 7.140722462375913
400 6.345722761334661
401 7.123445267044583
402 7.0164363494630635
403 7.363368863789392
404 7.197945098082491
405 6.796447246119223
406 6.6919334706314615
407 7.372175535162369
408 6.357946905480747
409 7.001876145121253
410 6.916959624385566
411 6.969046933205519
412 6.7734979619698255
413 7.580554476083006
414 6.347167054994286
415 6.825873511972844
416 6.4768611338200595
417 6.966353803086348
418 6.729949131170792
419 6.9666088048447525
420 6.573722233055523
421 7.073135919747088
422 6.60226216996434
423 6.676131393558244
424 6.907278166120413
425 6.0719887042074
426 6.671037798209768
427 6.627202059542043
428 6.531988066942486
429 7.298973881178525
430 6.966894347158688
431 6.895830209342075
432 6.2352041287702855
433 6.440042717642982
434 6.46369176232919
435 6.722961680374415
436 7.077003016059207
437 6.946549139076358
438 6.988303685159461
439 6.872471824470384
440 7.037373002537013
441 7.096828227382879
442 7.401787337211628
443 6.512192223142244
444 6.643272941157881
445 7.148324534212125
446 6.952747420207888
447 6.73068704257775
448 6.939404083198842
449 7.376469136724326
450 7.313915676288988
451 6.961055022578645
452 6.975273017553675
453 7.035489693494671
454 6.857985877030138
455 6.6181303562578
456 7.681848727555791
457 6.964497500309668
458 6.917648283154359
459 6.552162543916096
460 6.6369575676785155
461 7.109773700185578
462 6.699780730209596
463 7.079247022269598
464 6.196807881645998
465 7.028786629083852
466 6.903707669694514
467 6.965771933719868
468 7.476379104710918
469 6.5414888090227095
470 7.025081889013905
471 6.994354681687996
472 7.336201539756783
473 6.945893694186842
474 6.974822868746786
475 7.013483964656056
476 6.880309017009948
477 6.192032757066596
478 7.596009528588521
479 6.90212969798711
480 7.279598681533947
481 7.086232909029774
482 6.46611912516516
483 6.751947715836741
484 7.161047168894913
485 6.821529033189881
486 7.332318988060442
487 7.155882975881877
488 6.62713256091913
489 6.792916100495991
490 7.197918273223339
491 7.162552615400762
492 6.720501948509817
493 7.007117432973928
494 6.9337352767177025
495 6.718527012510665
496 6.46845021959994
497 7.151305339560041
498 7.487123753988482
499 6.619462797218314
500 6.677448773742957
501 6.643776879244903
502 7.387455141275383
503 6.475383156303532
504 6.991291170093164
505 6.6089047834050625
506 6.734392204972295
507 7.502230572968848
508 7.063227685107075
509 6.627453482170814
510 7.12487154462632
511 6.418179722524574
512 7.217010016532761
513 6.970254835621006
514 7.2189353025536365
515 7.020782278825631
516 6.64204482606806
517 7.15040752614207
518 7.214272267848128
519 7.215487339419235
520 7.375655560669305
521 7.157197956373911
522 6.986845216194246
523 7.127136179994536
524 6.969545447870553
525 7.3057206631798906
526 6.346219958817583
527 6.717917152423086
528 7.049503856697925
529 6.9687655220741
530 7.263563486706708
531 6.872837315653848
532 7.147422231048702
533 7.089454523126048
534 6.777536611696974
535 6.276975461440781
536 6.250251595432586
537 6.708562522920507
538 7.124602522058289
539 7.043441871016515
540 6.4826730555722065
541 6.702601056499908
542 7.000500160668847
543 7.351281328807355
544 7.022539371616342
545 7.022324480683596
546 7.147473117382112
547 7.0422279844251685
548 7.0287112994736605
549 7.064977549454619
550 6.719557484288923
551 6.51745386267287
552 6.736206736684439
553 6.563371187720942
554 6.928622892300016
555 6.939951415606664
556 6.555665239345
557 7.645706323775903
558 6.978743365594909
559 7.162704080138253
560 6.45538062738516
561 7.053750881039337
562 7.121447952890181
563 7.91350519193542
564 6.893237330822631
565 6.838659606235498
566 7.348308992171727
567 6.69957988059416
568 6.992373005007256
569 6.565446389156949
570 6.879643492162478
571 6.94899236852008
572 6.689257068879733
573 6.649033997231945
574 7.0940546660662305
575 6.522154941800263
576 7.37967916783749
577 7.359580628851528
578 6.6547407989665315
579 6.6955027696851035
580 6.539282123331185
581 7.328184578325641
582 6.430528654073192
583 7.186228999816777
584 6.747484997969248
585 7.014047752607034
586 7.4718730993074125
587 6.857655444768935
588 7.0467462969340104
589 7.054163203192673
590 6.8545588270627045
591 7.267753082005449
592 6.622443951774627
593 6.693433764286023
594 6.821208197311354
595 6.864040424930128
596 6.540013881718291
597 6.659411645462575
598 6.522060145521161
599 6.687017565388501
600 6.817911104454223
601 7.281386983130549
602 7.073145223567699
603 7.058272943077893
604 6.779547522611117
605 7.396537602076393
606 6.78780707424936
607 6.8042029095002325
608 7.161143400603865
609 7.013588824470376
610 6.972714246725171
611 6.702593903412189
612 6.71725092036777
613 7.076456323064314
614 6.807786393482592
615 7.0428822979119
616 7.096851451097847
617 6.750218356212007
618 6.950392713304366
619 7.308019681231915
620 6.582681856453764
621 7.2285907256777024
622 7.378970563400202
623 7.375017573084326
624 6.506065433914421
625 6.958333806214884
626 7.34128380669253
627 6.503117460008571
628 6.588227820239227
629 7.369608192446198
630 6.6466238141576826
631 6.513319485614642
632 6.86622495802826
633 6.707307738341505
634 7.106152510279786
635 6.871480394097056
636 7.089922966714203
637 7.097674404942406
638 7.02558673700009
639 7.778480615524581
640 7.104440098030887
641 7.014808741393762
642 7.0788417210714005
643 7.183405011130307
644 6.844011542376738
645 7.048769421431323
646 6.559255366490454
647 6.5328788681200685
648 7.382129502779501
649 6.893270488916417
650 6.991705167413901
651 6.855454853525376
652 7.230761694055534
653 6.583656365730979
654 7.783082914022353
655 6.8478122406535125
656 7.059879105106006
657 6.700137576545756
658 6.396073243298909
659 7.365876554662362
660 7.0451657582469815
661 7.271188705600123
662 7.011442737569927
663 6.678176944211744
664 7.3685534696095685
665 7.577792759223108
666 6.620560357206671
667 6.880343835642661
668 7.170512080364239
669 6.924645270179068
670 6.722703498547033
671 7.5452955151570595
672 6.706857946047265
673 6.810467419503343
674 6.699715829836795
675 6.934266514967295
676 7.159224943127615
677 6.666232519048335
678 6.623769873569444
679 6.967986732861513
680 6.837384335800309
681 7.0733774334299655
682 7.106183008977381
683 6.865927985961289
684 6.583224772143153
685 6.5313001711572705
686 6.993578283144653
687 6.864767605586854
688 7.13824648149882
689 6.346800885444475
690 6.86837283254894
691 7.011841279025378
692 6.618565041875514
693 6.815422449841053
694 7.298636146309188
695 7.208196643663668
696 7.251661494742348
697 6.920969027450982
698 7.234144982646824
699 6.8134740240555525
700 7.828407977210533
701 7.0528843316313585
702 7.394871582996962
703 6.7375106861530965
704 7.061217117421921
705 6.710602430284523
706 7.00994093356007
707 7.205047954137777
708 6.766360878500747
709 7.116706789761285
710 6.755303975120455
711 6.629955849137703
712 6.847659699859601
713 7.56867928009253
714 6.852005132532139
715 6.738490356550622
716 6.622103285310244
717 6.056425975738788
718 6.528703171157072
719 7.083785986755665
720 7.183107435128844
721 6.860691545019781
722 6.436233496612682
723 7.2400563761886065
724 6.631689460247191
725 7.291824966759054
726 6.759444804462793
727 6.920027188191703
728 7.1515181881806695
729 6.78084488379166
730 6.939659755981347
731 6.953915904619268
732 7.479323371532731
733 6.9185554966074285
734 7.08670218737094
735 6.848805255390809
736 7.012606245740658
737 7.138989405172412
738 7.0030879225815275
739 6.220478769012979
740 6.699334268522878
741 6.7747047569515235
742 7.495715547700687
743 7.249758040933027
744 6.917106022285878
745 7.337498060088304
746 6.124407608569797
747 7.02384807640874
748 6.9989615386241075
749 7.222067106799027
750 7.269755106911748
751 7.148226085405039
752 6.946487841695257
753 7.324547181484166
754 6.620105926604838
755 6.755868489278946
756 7.190342392792724
757 6.805229511635196
758 7.079092142868562
759 7.061638254795472
760 7.20799936964143
761 7.07585608094925
762 7.059618057794374
763 6.7182674106219515
764 6.8745439996604265
765 6.680083191608031
766 7.243813448192139
767 7.046224462008922
768 7.369559162345609
769 6.489420740873329
770 6.943567643700574
771 7.144788293470564
772 6.713622821362772
773 6.919768738772403
774 6.56067335319416
775 6.99017441875655
776 6.820400531098002
777 6.612190303099767
778 6.793661980839616
779 7.188583985755083
780 7.200185718518316
781 7.230400785859109
782 6.429548423482391
783 6.537613878778123
784 6.914785274155744
785 6.992325494020735
786 6.663740321885021
787 6.651814561622796
788 6.720925927352288
789 6.963497613986909
790 7.129607221717878
791 6.740309552161129
792 7.228209707097937
793 6.94218566317824
794 7.292390516423392
795 6.835861182465231
796 7.035386779569194
797 7.190668795087529
798 7.220253905302411
799 6.688182204333008
800 7.520524608164866
801 6.966330060799061
802 7.572451815645539
803 6.961440319870925
804 6.8216151042749935
805 7.3416213689226115
806 6.796933313586435
807 7.1999823568792
808 6.599384991125877
809 6.770878227588045
810 7.1531736610555265
811 7.232655122635398
812 6.7805031699124125
813 6.525685527197763
814 7.349111769398414
815 6.826191884130986
816 6.877883534124346
817 6.7809514335689505
818 7.181741522732026
819 6.97479181217792
820 6.984034094431262
821 7.2337799408775725
822 6.910316791168637
823 6.772746892303816
824 7.051550090061625
825 6.445993928869002
826 6.633992859270487
827 7.207050263219628
828 6.982351102201893
829 6.917813377775006
830 7.020854639646573
831 6.9393009325784485
832 7.040530622260459
833 7.007776350044875
834 6.744437876483648
835 7.190254176094363
836 6.683716723230853
837 6.953579959937566
838 6.7901614746831305
839 7.43069983768702
840 6.752768334564401
841 7.092535941443296
842 6.656901287306624
843 6.663832380857123
844 6.85047105525676
845 6.540821133440645
846 6.769998772181978
847 6.965056581772461
848 6.594451279449103
849 6.8115491125384695
850 6.698094322620454
851 7.104673084516317
852 6.661532519052731
853 6.802463860255506
854 7.527629960935972
855 6.46002789991286
856 7.269964696198592
857 6.930260134669098
858 6.858564279707414
859 7.184599228588085
860 7.336814802894347
861 7.0278564694726935
862 6.318282656315868
863 6.480738018788106
864 7.277010437558359
865 7.322178004930665
866 7.061545478340351
867 7.428426141205537
868 7.080882272209807
869 6.732715045901148
870 6.52347705375881
871 6.893668774368765
872 6.748579677788947
873 7.562753682175335
874 6.662508925227663
875 7.061963429105255
876 6.757690689616687
877 6.746785064163969
878 7.128713004905254
879 6.858614082361839
880 6.941213721344304
881 7.202032961074021
882 6.844087123834282
883 6.461137420859072
884 6.4850378374181155
885 7.419856126009187
886 6.887771967386268
887 6.715117216230426
888 6.870816782670547
889 7.4726815620002425
890 7.187805651185574
891 6.4740215516680815
892 6.488873492613017
893 7.606808494903005
894 7.235879056537719
895 6.938076082265803
896 7.082894646201154
897 6.3992149753843295
898 6.860234711652084
899 6.64109352117669
900 7.105650174691048
901 6.624548672361332
902 6.775632221281954
903 6.844474016580382
904 6.740567678174757
905 6.921490728187753
906 6.784762022226873
907 7.1291179314166255
908 6.368699292776653
909 6.9006677255039595
910 6.835079150942064
911 6.646725494636683
912 7.159418024089931
913 6.623381232896604
914 6.949908946326026
915 6.717175648908982
916 6.273598494670042
917 7.100376956051916
918 7.526970105492676
919 7.2346591054973315
920 7.379521526016168
921 7.408070353404719
922 6.887155727679446
923 6.518818554255888
924 6.900925371764791
925 6.813672949090222
926 6.640222190171717
927 7.04951200060079
928 6.9067423399330465
929 7.472464551546982
930 6.847029943590687
931 6.644018813350084
932 7.065510474628238
933 7.221513644460084
934 6.323055727463526
935 6.614391419176357
936 6.843499196255254
937 6.513541874616141
938 6.935012510945073
939 6.680846605271082
940 6.664687202489131
941 7.053298953334192
942 6.937650050222659
943 6.8582207784701135
944 7.030232535227444
945 6.475465515862139
946 6.779683852485227
947 6.960628942250676
948 6.57524947408856
949 6.592299064055321
950 6.9993699729637155
951 7.44602672881271
952 7.063697827344145
953 6.905973998764869
954 7.205472526248941
955 6.978964139334705
956 6.564840242682204
957 7.488926799296254
958 6.648138542175443
959 7.020883985978963
960 7.339375161508999
961 7.008463169391473
962 7.6422328267019095
963 7.395427556998463
964 6.9164396774555845
965 6.63323817759818
966 7.368375070417778
967 6.652306910615013
968 6.777694468501392
969 7.045163902657915
970 6.766395550223143
971 6.605077631066648
972 7.173843198173751
973 7.080954576598678
974 7.090515865642701
975 7.172967393839752
976 6.543097608701354
977 6.3275997318276405
978 6.801832508074212
979 6.801977073003582
980 6.732311898612493
981 6.562899652049428
982 6.895152715569031
983 6.9257949393156615
984 6.962271496076048
985 6.612126358435984
986 7.213965213764379
987 6.77137484312705
988 7.072019576640309
989 6.569810385017185
990 7.204461255367122
991 6.706199670757817
992 6.826583946864167
993 7.218454302873259
994 6.392195618030145
995 7.266968497732987
996 6.522653401523488
997 7.218868809977394
998 6.9767594730214455
999 6.495448985018905
1000 6.873077674884535
