1 4.3247405376625885
2 4.2547774748047
3 4.5908868860670955
4 3.4641214873739097
5 2.6188483509654965
6 2.7163683152377205
7 3.1611833050339
8 3.556331356400619
9 4.018859122272353
10 2.6539330273433834
11 3.216172635745366
12 3.4413956472041263
13 3.4240771333321693
14 2.878540787532716
15 3.0952369356558393
16 1.939559339658221
17 2.965929500011886
18 3.8781044998873373
19 3.5077944064115814
20 3.069726587378709
21 3.1428554265005237
22 3.2130911294860915
23 3.3515377550798364
24 2.424702782271438
25 3.021622316112079
26 1.5100641601665377
27 3.624030779261803
28 2.7477771816900773
29 2.188476880088664
30 3.049226983483964
31 4.113743046334816
32 2.8629196538880524
33 2.5020175869051537
34 2.70070659192458
35 2.534567088673233
36 2.3241369015246125
37 2.3825562146895503
38 2.1625146074112553
39 1.6402566078883902
40 2.1760344901417583
41 2.0867688210477
42 2.8127621345686857
43 3.4867032134586147
44 3.601257823613865
45 2.3311693991032167
46 2.3732857993133427
47 3.1623172195387337
48 3.1506740572604355
49 3.9807803413661724
50 2.8568691730217597
51 2.434376567177945
52 3.5931448637702927
53 2.3576437041325335
54 2.2744810891490292
55 2.4517918997301233
56 3.0613207237259807
57 3.0818913585296888
58 2.508447600213675
59 4.140008108539038
60 3.576208476972875
61 2.6056071031098993
62 2.9305922439450467
63 2.388727166051508
64 2.856993409112815
65 3.1523096678365956
66 2.347741909661487
67 1.9736520802824453
68 3.409508368357947
69 1.5913531353020989
70 2.7266213988187324
71 2.873929618202116
72 2.446527692177999
73 2.598823269085276
74 2.0573448567403934
75 3.2428207727408473
76 2.613962154238864
77 2.8584361275995214
78 3.544999503266886
79 2.4659050614767124
80 2.6429602830944106
81 2.5397793547181626
82 2.771997830186142
83 2.7693629567477727
84 2.662378514515446
85 2.214472306299633
86 3.012552677959371
87 2.21121767261943
88 2.1428802023944935
89 2.81232975202948
90 2.612975703927259
91 3.27491953153397
92 2.5390240784524827
93 1.8891841354146444
94 3.6554348692591234
95 2.7939463963975353
96 3.0946445228299035
97 2.8194481966164733
98 2.3641067370783313
99 3.745065770188379
100 3.0525883259907
101 2.629800395172995
102 2.099673255301378
103 2.6760163747858683
104 2.670262417967545
105 2.9773655234337166
106 2.868172623369391
107 2.9116932516819904
108 2.490945677154222
109 3.2057289871861223
110 2.7855193450766507
111 2.8646299356275478
112 2.8456847106593544
113 4.07001371912521
114 2.708243717392543
115 3.1994024542310813
116 2.95615853947899
117 2.836870760680656
118 2.885419244601124
119 2.5816312358293834
120 3.82456847555366
121 3.270373797348983
122 1.8405274343618203
123 1.6047695418648373
124 3.0759882107472603
125 3.4159350733910556
126 3.0333239550115163
127 3.142103603939974
128 1.6995773567000563
129 3.626313929806452
130 2.928340003560768
131 1.5804996906125715
132 3.1176225314701647
133 3.151361070658771
134 3.0909974482883005
135 1.928301286570122
136 2.138043627538359
137 2.6779271574877566
138 2.4299774025254552
139 2.1857201713889087
140 2.9834743654926115
141 3.337960895431597
142 2.88233744317369
143 3.3345047967198127
144 2.770465786405335
145 2.8293655466884866
146 3.014278295254991
147 2.7961980465556384
148 2.1367677027192613
149 2.2696139016411325
150 3.3298327694055625
151 3.0637007103247216
152 3.7566439460241248
153 3.6183900458483054
154 1.963990005667921
155 2.373671249544558
156 3.657416848299996
157 2.491020860576063
158 2.723916073617825
159 2.8197238525645725
160 3.2394362412133235
161 2.058108748455165
162 3.5910292991786523
163 3.4863959401277835
164 2.460766578042898
165 2.7585101169818627
166 3.031406058643438
167 2.6338379991053156
168 3.051164952027244
169 2.9743618683148543
170 2.667166451295168
171 3.3372414851328496
172 2.6226847129966346
173 2.59437235305438
174 1.891903829117847
175 2.457802380145
176 3.155903791476844
177 2.8725868217607653
178 2.410503715679495
179 2.6613481179086813
180 3.7903635676452616
181 2.5538352244547533
182 2.701044841009477
183 2.1729185315135244
184 4.393932385305689
185 3.0705633460237713
186 2.899464327038942
187 2.7294212530756465
188 2.5702283019968415
189 2.3151769442838512
190 3.3543946929549167
191 3.509401137526433
192 3.0992895282119184
193 2.0022481840328883
194 3.3616427594586695
195 2.8121540485999525
196 4.194603866081131
197 3.122659997715985
198 3.2755553840048752
199 2.2747779321474293
200 3.0890563417298242
201 3.0057411763488933
202 4.006330313500812
203 2.324976654637955
204 2.9320858122669295
205 2.085201889034632
206 3.0661806948226147
207 2.059859509161918
208 1.7026416210292876
209 2.523091992812247
210 3.7689309085048364
211 1.85443065364179
212 2.544552245549377
213 3.0158615901393704
214 2.710607668522943
215 2.0059048299199804
216 3.0739874308474837
217 3.1264948271594597
218 3.2083646116856266
219 2.381548004539675
220 2.7856850002907305
221 3.3473612983050374
222 2.6794564997090378
223 4.257216936189554
224 2.781818153607419
225 3.8526245892147353
226 2.4118776187898665
227 1.9803657455389805
228 2.730473549349847
229 3.126657940828724
230 3.5563831544487226
231 1.995323943400349
232 4.378399029424219
233 2.5707601401541984
234 2.8130030153240786
235 3.9051916626748926
236 1.9388976150650827
237 2.8854655348047267
238 2.4295074758170316
239 2.51072032116854
240 3.3473328367974142
241 2.614665665741941
242 2.6253311907753054
243 2.834675634991919
244 3.1178953391937934
245 3.0672961052743135
246 2.5809585413882363
247 2.96200324563193
248 3.0905162958111805
249 1.819685387193366
250 2.4717145099449205
251 2.223031886448054
252 2.3915966874939913
253 3.4322962270008004
254 1.9530305201881057
255 2.0403871181384816
256 3.086382946117135
257 3.147446154430919
258 2.469838760255762
259 3.024286412097739
260 2.104329810068994
261 3.177743708319592
262 3.4129690709468146
263 2.3332291248796126
264 3.3263616096396245
265 2.836881889210226
266 3.69124750136853
267 3.25308475516815
268 3.4063631254167626
269 2.8401281272181382
270 2.169465717647167
271 3.0625070547026962
272 2.105338152786805
273 1.9951027934721681
274 1.939985390987103
275 2.1696965794974594
276 2.9004813276229395
277 3.297324311953513
278 2.637767087606372
279 2.239596866377636
280 2.2604448858699566
281 3.1995785393997886
282 2.4171171278850907
283 1.6997676820712606
284 3.6515175947972667
285 3.718810351403172
286 2.3724933119269362
287 2.665280156409338
288 2.494910763899118
289 2.1477871829446498
290 3.6599963998049128
291 3.0820446628074403
292 3.1830727207544975
293 2.6861454421136113
294 1.7683010122124265
295 3.160258375733115
296 3.6713286688392945
297 2.4658137749942046
298 2.671470437769244
299 2.6961501908841465
300 3.1603969132113696
301 2.3859692974964175
302 2.6078248104147463
303 2.4568432066203143
304 2.953801901193868
305 1.8700995492233383
306 2.3104639698962974
307 2.1992270098432773
308 2.6652714551288144
309 2.6715980405859203
310 3.3615656464627888
311 2.930217665957189
312 2.614534786640695
313 3.590702584616003
314 3.987730487156473
315 2.9911188262796786
316 1.9180817486947155
317 2.4273242375767596
318 3.276611299437049
319 2.784522390359549
320 2.9399499151297253
321 3.467065169352894
322 2.981915243550918
323 3.3045766902676634
324 2.059039394506068
325 4.116079669179516
326 2.851577268731897
327 2.440481159637672
328 2.406887375814728
329 3.014540125487809
330 2.971441420014508
331 2.7475481954856957
332 2.651814640944808
333 3.504048240027801
334 3.785880700921546
335 2.9051431369864535
336 2.8560309581038092
337 3.0547311912332167
338 3.0190530845107832
339 2.7420458107301586
340 1.1093244821213042
341 2.0085379457071437
342 3.5569310438804416
343 1.8125015688249477
344 3.001386416592335
345 2.8705324652702933
346 2.4917518893515025
347 3.8144431915900605
348 2.286253047450963
349 1.729842305940493
350 3.34353112710674
351 2.2538737129293125
352 2.1435570184395294
353 2.945984642735855
354 2.880053728279066
355 2.9758105900183254
356 3.280749069923088
357 3.014580824291382
358 2.7505848739776466
359 2.4247821182613682
360 2.5968298927854505
361 3.4878231737555536
362 3.503635596420314
363 2.423793947722455
364 3.091765824139296
365 2.484513441394037
366 2.9876317719460252
367 3.1247098293369815
368 3.203031289475421
369 3.5297248020008554
370 2.3213554366493976
371 3.71800529625891
372 3.352965971103678
373 2.0644595228520037
374 2.107776280499632
375 1.8647834419249305
376 2.965532200709289
377 3.28783369388121
378 3.181506499878986
379 2.749518186314904
380 2.9750075587820612
381 1.843880942000903
382 3.5828305585339866
383 2.3520461274686952
384 2.5735897682551445
385 2.847048098887977
386 2.6906704456820334
387 2.9258408785400167
388 2.9945506379153546
389 2.969773080633845
390 2.1664003945823684
391 2.9410158214152706
392 2.9467933146675636
393 3.5466591643178473
394 1.553862029690942
395 2.8798879225217773
396 3.2953904167663226
397 2.674647467523
398 3.423844588131907
399 1.653002634421825
400 3.2213536918946595
401 2.6410767632935563
402 3.9743074042218898
403 2.5327525363621577
404 3.0334730787500543
405 2.7140923188122974
406 2.8516429622339374
407 2.892999445754326
408 2.7222684076641936
409 2.6049815450043443
410 2.113978024949247
411 2.985343990561525
412 3.2198857694853245
413 3.1706386542077314
414 3.8837367219888854
415 3.944084539456266
416 3.0207757030272218
417 2.7233986755145914
418 1.469164792089848
419 3.0314277351188053
420 2.671673505996015
421 3.0305811332646932
422 2.197210835209108
423 3.089623647020426
424 2.6940977639643986
425 3.105384615867785
426 3.1845048842608845
427 2.8894842932124125
428 3.360176149080105
429 2.20665860211124
430 2.9902672547406577
431 1.9367877047402107
432 2.8425574863778724
433 2.3766463956416333
434 2.880065423176836
435 3.079191836873149
436 4.269476443066929
437 4.095888835604466
438 3.6799900231575826
439 2.374646254147902
440 2.5592196265460405
441 2.889238508325379
442 3.454521040610778
443 3.0811822235664654
444 2.998076890959286
445 2.784952448030198
446 1.8150831227368909
447 2.726771458707816
448 3.3439589032643324
449 2.6902459239809593
450 4.6400386517171635
451 3.3077911841524257
452 3.770810891778305
453 2.3760909599704605
454 2.450899054487378
455 2.245572449360692
456 2.9956785666598322
457 2.2889566337287666
458 2.7002293067412833
459 3.000054501016795
460 2.691300843555898
461 2.6224065328952078
462 2.58252080976957
463 3.0591216869553284
464 2.4798523555819
465 2.862841837725583
466 3.0194041485853442
467 2.812054868783055
468 3.6881548002776605
469 2.079239283136534
470 2.6459946596626365
471 1.4201174364965203
472 3.2165993422371333
473 1.883658137065319
474 2.0999172213949966
475 2.1279977678438837
476 2.4716802192125913
477 3.2659461437430095
478 2.8102655637409026
479 2.9696155889214384
480 4.353490546621325
481 2.558519718332843
482 2.33918792341467
483 2.66817927403288
484 2.488476720076306
485 3.3708058754030374
486 2.1608542313263164
487 2.1584664668262272
488 3.5192822614971417
489 3.2607735484211005
490 3.267542550870608
491 1.8664304915899799
492 1.604036417955609
493 2.0738181799682756
494 2.331991326489642
495 3.8337366416951717
496 3.0705477875200065
497 3.440250990925888
498 2.1902096863518192
499 2.8695443086767773
500 4.1855260688374925
501 3.2708438595304457
502 3.5641996744675795
503 2.676884677603397
504 2.9452839332367637
505 1.7386741619777553
506 2.6741355923967443
507 1.9597000416973327
508 2.938878712923014
509 3.032254381388914
510 2.7881028186433894
511 2.1035003034205415
512 3.015634086587625
513 3.901638791472353
514 2.395227990280003
515 3.0928490469021193
516 3.9718904223022604
517 3.3202165511423267
518 2.676466605626704
519 3.308996940326483
520 3.7231178958609066
521 2.580168010390317
522 2.633626021133576
523 2.8634188250401276
524 3.299235786090693
525 3.2910066142603047
526 3.056478776151752
527 2.8590663503884257
528 3.312609800207005
529 2.4701723327691023
530 1.603509722476038
531 2.5900349622720644
532 1.9762498969592683
533 3.9316748283053102
534 2.593576918734736
535 2.0990278083892484
536 2.9200160607352337
537 3.18410427643489
538 2.293873883973299
539 2.3171510916052913
540 2.7509631392729115
541 2.4313077571697654
542 2.8616080071249272
543 2.8126638482499526
544 2.03584283537391
545 2.224456277608498
546 3.3087138859928165
547 1.7315635756142682
548 3.150409937855455
549 2.471490586832798
550 2.4791886451810767
551 1.6042800254913516
552 2.058841553677871
553 2.7629196774407383
554 4.378350516841147
555 2.6797274343951427
556 3.245668271296874
557 1.6503809649391936
558 2.6916354091181693
559 2.2259710560006702
560 3.1739777407766123
561 2.246260838149059
562 3.1159908853214535
563 3.69874206969361
564 3.281487238952214
565 2.910456401587422
566 3.4709567857772514
567 2.006399910866209
568 2.4941748022909533
569 2.7693042781618398
570 2.3137054939750548
571 2.5693452790694264
572 2.0526562043718917
573 3.5043630936331054
574 2.1455110668607693
575 2.7814510764950664
576 2.3276431484513718
577 3.7122033620068082
578 2.308117892048168
579 2.6097607324626932
580 3.0503432977020384
581 2.879691168939903
582 2.8623759835867792
583 3.3620616672640864
584 3.399134292332589
585 2.2881091249692105
586 2.3989109505985597
587 3.435844980111737
588 2.9755558450050166
589 3.4527830875891037
590 2.4440505811899165
591 2.9748359814807817
592 3.319256167306112
593 3.3054022497029805
594 2.333292829548619
595 2.960931843612366
596 2.3619628900528284
597 2.7311536288729052
598 2.4537334328802918
599 2.966354599544001
600 3.3415891224884575
601 2.6280462680524765
602 2.583666628231976
603 2.675322394767402
604 3.3616714411905524
605 2.7895941754420295
606 2.1597247266392885
607 3.7675248441726286
608 2.362699078897549
609 2.2334133998337995
610 2.400009974454996
611 1.988836342756593
612 4.066838298935266
613 3.3250089613551483
614 2.893440832729758
615 2.9250995150033634
616 3.161933541114383
617 3.532556704595241
618 2.8602788936610777
619 2.787922859538091
620 2.6105592837626324
621 2.8815674546187267
622 2.88042830343547
623 3.1636599464037043
624 2.4599805037819844
625 2.7666413596038626
626 2.2112970916060757
627 2.7023646990215617
628 3.3416239030436388
629 2.4410764237951503
630 2.1417247622152247
631 1.8421534941484958
632 1.7173202378167607
633 2.988973203088217
634 4.067752995643176
635 3.0409772890989712
636 3.1819028560728224
637 2.997840666512194
638 3.4752041023148648
639 2.9559480547250816
640 3.8480017871401078
641 2.072767373843394
642 3.052309430894689
643 3.185284712883338
644 2.3265587217021784
645 2.9967749731281588
646 3.3681901239485943
647 1.8557581191026897
648 3.400608268562971
649 1.9355707754476124
650 2.4135356794625
651 3.131606951440919
652 3.7542451455551706
653 2.9728169953100814
654 2.7423683591076373
655 3.6552735747319463
656 3.21630629548422
657 3.40753992848223
658 2.4781627280109864
659 2.4541449063748555
660 2.9207468960835374
661 2.309057842435263
662 2.5539931047359126
663 2.8409554526287626
664 2.5036305678613022
665 2.9352346087918106
666 3.0643966385529398
667 2.5151531365577218
668 3.074282882731654
669 2.7447585400658556
670 2.9624058809923666
671 2.18305464940595
672 2.3189345888053845
673 2.508156490495868
674 3.1690171070888864
675 3.0722994189382997
676 2.566645772407095
677 2.886609050275252
678 2.0037193466881593
679 2.6607522022451793
680 3.5265799319441955
681 3.1370374204595755
682 3.4744268720909917
683 2.4863049038895007
684 2.432506226741937
685 2.881944261791796
686 2.995047483271264
687 2.8650540653659795
688 3.236076308665574
689 1.6200261459028042
690 2.5784736017877314
691 1.9660692819658592
692 3.4270981192305343
693 3.2448415374171757
694 1.7906791551690393
695 2.898914527045144
696 2.834195625842496
697 2.85823245261107
698 3.779616111822952
699 1.9640018687026037
700 3.6110577758098485
701 3.51908188568534
702 3.937172982793948
703 3.2067494216050636
704 4.410761791748499
705 3.409122191683512
706 3.0696223504237605
707 2.662594800484143
708 2.609112084365644
709 2.2818788432454467
710 3.6609572492737295
711 2.752942710424319
712 1.5566772300404497
713 3.4629434890683712
714 3.184696884262018
715 2.54083672450803
716 3.492179708694438
717 2.480655558438865
718 2.4806469196833434
719 2.750703029076104
720 2.450869771639781
721 2.7305269378629835
722 2.9055334577531475
723 3.442043504886156
724 2.836636383062645
725 2.639648547376568
726 2.0307418151550434
727 2.6274501809313335
728 1.9395099262342128
729 3.5610088777457904
730 2.6696806792571266
731 2.606271674299224
732 3.314973752585319
733 3.395751283508261
734 2.1896801445933973
735 3.301492742027271
736 2.8237704491942526
737 3.562564510167373
738 3.487519386973872
739 1.1525398791131165
740 2.2148408498859986
741 2.8443037768749395
742 2.7703497492572917
743 2.7356020160372974
744 2.5271388509134307
745 2.1894552363843083
746 2.2964720522265076
747 3.7968781757129744
748 2.8884222582998675
749 1.9786036840528392
750 2.8014417884640554
751 3.8132962197429356
752 1.8448026737917373
753 2.9459308148014327
754 2.4450112997959117
755 2.9301385220799996
756 3.144521835013535
757 3.1490295809264612
758 2.069743105792962
759 3.109703703917965
760 3.0634386402011375
761 2.410549424866537
762 3.366660394069673
763 2.655159769718018
764 2.6146718178123853
765 2.9433713941234085
766 2.7242473890252525
767 3.42426249179662
768 2.5144939713763907
769 3.475739714329486
770 2.4714481034866465
771 2.28415738103062
772 2.1719758976181804
773 2.924182429703969
774 2.606024347711586
775 2.8503755419089742
776 1.815513343575741
777 3.1156795945968385
778 1.8843524381510437
779 2.932377422733764
780 2.966262895853742
781 3.913375320024909
782 1.7063930936224523
783 3.050562659787103
784 3.6466368339142416
785 3.3114028365864807
786 2.247519819476053
787 3.5401981670995832
788 2.271453845282724
789 1.5699530812931364
790 3.2049303208822515
791 2.666199701332003
792 2.692559261722266
793 3.145437828463912
794 2.51142649334554
795 3.1532355468340745
796 3.0190500779233953
797 4.470578536314207
798 4.190386824029918
799 3.223556677435287
800 2.3785325556528933
801 2.700046829973856
802 2.720679431923553
803 3.2654793304759755
804 2.635773899872151
805 1.763375270227631
806 2.6566025267852575
807 2.2905363946791435
808 2.880402622785143
809 3.0112957898355104
810 3.22422923733176
811 2.6660996219771134
812 3.370712637151806
813 1.9701568751101743
814 2.653865753608528
815 3.2998979239560144
816 1.754820186250627
817 1.7694327651449822
818 2.828072794554377
819 4.033209023271199
820 2.7901031071332465
821 2.658382401128855
822 3.201689846046763
823 2.3715302284362214
824 2.8334101831475396
825 2.2204802179662066
826 3.59008411314499
827 2.3330104805619825
828 3.1745752084517624
829 2.6125368900158628
830 3.2480169116039126
831 3.268019751700825
832 2.3372269489293167
833 3.504337642283483
834 2.716357623084785
835 3.6167577431364424
836 3.8757903912426523
837 3.509368980492905
838 2.2994711649189035
839 2.861888224350346
840 2.571207560349872
841 3.1592207564665666
842 3.7663549980278366
843 2.9692607537542135
844 2.912402129012834
845 2.9190141183674507
846 2.789195286109548
847 1.7184500545564247
848 3.4467588652884316
849 3.249499423449884
850 3.5433893806460195
851 2.80993917025978
852 1.9431198180267646
853 2.795116157245793
854 2.997998440106091
855 2.0145607940358348
856 2.990294951552923
857 2.7863287710774305
858 3.1111126292141154
859 2.8137575627765723
860 3.0332717556770303
861 3.0483322600701577
862 2.507931991128585
863 2.8879190585342434
864 2.6160900751233322
865 2.942250287995471
866 3.466822773155238
867 2.626844856262508
868 3.584299879345421
869 1.9978556859846954
870 2.6747213674201737
871 3.5620595471667174
872 2.378724360179339
873 2.5329122100953647
874 2.6347659809056756
875 2.095795273257841
876 3.0609385488646876
877 2.622783923983293
878 2.6514639104858464
879 2.739857640727268
880 3.0034351424992245
881 2.8813689826623556
882 2.1019855412437294
883 2.757896142894176
884 3.4176615029676536
885 3.3896227025501573
886 3.2001263450834814
887 3.0579600100403197
888 1.4167031083489936
889 2.1085987652272897
890 2.1337795025208113
891 2.4448768636580964
892 4.2820710643710855
893 2.792749755341942
894 1.9217237329981705
895 2.239343479134736
896 3.2730778212524614
897 3.4128673900756543
898 2.9124544250166786
899 2.1120952615438258
900 2.5895985512097908
901 2.648934249006934
902 1.8530929648422392
903 3.305740803998741
904 2.511543348774542
905 2.2930581374288503
906 1.364978019252164
907 3.4670414102173646
908 2.9021876826660593
909 2.4887625649264145
910 2.8950884963180754
911 1.9841090876453447
912 2.2627331406987343
913 2.353218966053671
914 2.912054878020539
915 3.339704977075057
916 2.7948066461442993
917 4.4464261443136515
918 3.077903864495131
919 2.86437236707642
920 2.9290202817190205
921 3.8982348253564827
922 2.559019445235918
923 2.788111446018472
924 2.1874019816542347
925 2.791331718670275
926 1.8989599584807975
927 2.4751591745875796
928 3.775439519854595
929 2.1719948389481862
930 3.0812740676975765
931 3.403799361414821
932 1.5548460387719267
933 2.055691148224785
934 2.4985841711258936
935 2.533855513039117
936 2.1003353287084905
937 1.8640149567125726
938 3.254899460137824
939 1.9274764312339558
940 2.357401917943162
941 2.919131954606998
942 1.8766143639969217
943 1.9288815954530523
944 1.9480340676208416
945 3.7341292126969337
946 2.5961972011578998
947 2.8746085967798507
948 3.3233242360936357
949 2.426311313761862
950 2.5157982643343275
951 2.6037518398023836
952 3.1927562442255275
953 3.2685163794195597
954 2.6996796884116754
955 3.0592221907014174
956 2.6685482426970664
957 1.792599283675021
958 2.6407691676974343
959 2.4435811362709234
960 2.579083023418514
961 2.3749713098295664
962 3.1176866074465432
963 3.3830341544616775
964 2.623532866542493
965 2.295394278815563
966 2.9403308480988506
967 2.7541186325839324
968 2.833369041756689
969 2.536938467085422
970 2.889565437503718
971 3.437124848810604
972 2.895234799772402
973 3.4141493891359493
974 2.5094669635636473
975 3.042420983670461
976 2.6130361961655795
977 2.953622380722759
978 2.487995562542942
979 2.8565158137608466
980 4.332028800007613
981 4.122980734845116
982 3.017383549994983
983 2.9793454718993746
984 3.014964687238292
985 2.7096784397179112
986 2.975511757931602
987 3.069249343859125
988 3.2004942432064656
989 3.573726222496773
990 2.5212999936619505
991 3.4877976241931288
992 3.622686470178447
993 2.994473291153528
994 3.756827579454423
995 3.1331191242793746
996 2.0664860621196413
997 2.610329242553295
998 3.3111274913573725
999 2.174210456419723
1000 2.3940143095567454
