1 -1.9053807876692486
2 -1.9053807876692486
3 -1.9053807876692486
4 -1.9053807876692486
5 -1.9053807876692486
6 -1.9053807876692486
7 -1.9053807876692486
8 -1.9053807876692486
9 -1.9053807876692486
10 -1.9053807876692486
11 -1.9053807876692486
12 -1.9053807876692486
13 -1.9053807876692486
14 -1.9053807876692486
15 -1.9053807876692486
16 -1.9053807876692486
17 -1.9053807876692486
18 -1.9053807876692486
19 -1.9053807876692486
20 -1.9053807876692486
21 -1.9053807876692486
22 -1.9053807876692486
23 -1.9053807876692486
24 -1.9053807876692486
25 -1.9053807876692486
26 -1.9053807876692486
27 -1.9053807876692486
28 -1.9053807876692486
29 -1.9053807876692486
30 -1.9053807876692486
31 -1.9053807876692486
32 -1.9053807876692486
33 -1.9053807876692486
34 -1.9053807876692486
35 -1.9053807876692486
36 -1.9053807876692486
37 -1.9053807876692486
38 -1.9053807876692486
39 -1.9053807876692486
40 -1.9053807876692486
41 -1.9053807876692486
42 -1.9053807876692486
43 -1.9053807876692486
44 -1.9053807876692486
45 -1.9053807876692486
46 -1.9053807876692486
47 -1.9053807876692486
48 -1.9053807876692486
49 -1.9053807876692486
50 -1.9053807876692486
51 -1.9053807876692486
52 -1.9053807876692486
53 -1.9053807876692486
54 -1.9053807876692486
55 -1.9053807876692486
56 -1.9053807876692486
57 -1.9053807876692486
58 -1.9053807876692486
59 -1.9053807876692486
60 -1.9053807876692486
61 -1.9053807876692486
62 -1.9053807876692486
63 -1.9053807876692486
64 -1.9053807876692486
65 -1.9053807876692486
66 -1.9053807876692486
67 -1.9053807876692486
68 -1.9053807876692486
69 -1.9053807876692486
70 -1.9053807876692486
71 -1.9053807876692486
72 -1.9053807876692486
73 -1.9053807876692486
74 -1.9053807876692486
75 -1.9053807876692486
76 -1.9053807876692486
77 -1.9053807876692486
78 -1.9053807876692486
79 -1.9053807876692486
80 -1.9053807876692486
81 -1.9053807876692486
82 -1.9053807876692486
83 -1.9053807876692486
84 -1.9053807876692486
85 -1.9053807876692486
86 -1.9053807876692486
87 -1.9053807876692486
88 -1.9053807876692486
89 -1.9053807876692486
90 -1.9053807876692486
91 -1.9053807876692486
92 -1.9053807876692486
93 -1.9053807876692486
94 -1.9053807876692486
95 -1.9053807876692486
96 -1.9053807876692486
97 -1.9053807876692486
98 -1.9053807876692486
99 -1.9053807876692486
100 -1.9053807876692486
101 -1.9053807876692486
102 -1.9053807876692486
103 -1.9053807876692486
104 -1.9053807876692486
105 -1.9053807876692486
106 -1.9053807876692486
107 -1.9053807876692486
108 -1.9053807876692486
109 -1.9053807876692486
110 -1.9053807876692486
111 -1.9053807876692486
112 -1.9053807876692486
113 -1.9053807876692486
114 -1.9053807876692486
115 -1.9053807876692486
116 -1.9053807876692486
117 -1.9053807876692486
118 -1.9053807876692486
119 -1.9053807876692486
120 -1.9053807876692486
121 -1.9053807876692486
122 -1.9053807876692486
123 -1.9053807876692486
124 -1.9053807876692486
125 -1.9053807876692486
126 -1.9053807876692486
127 -1.9053807876692486
128 -1.9053807876692486
129 -1.9096447534004017
130 -1.9096447534004017
131 -1.9096447534004017
132 -1.9096447534004017
133 -1.9096447534004017
134 -1.9096447534004017
135 -1.9096447534004017
136 -1.9096447534004017
137 -1.9096447534004017
138 -1.9096447534004017
139 -1.9096447534004017
140 -1.9096447534004017
141 -1.9096447534004017
142 -1.9096447534004017
143 -1.9096447534004017
144 -1.9096447534004017
145 -1.9096447534004017
146 -1.9096447534004017
147 -1.9096447534004017
148 -1.9096447534004017
149 -1.9096447534004017
150 -1.9096447534004017
151 -1.9096447534004017
152 -1.9096447534004017
153 -1.9096447534004017
154 -1.9096447534004017
155 -1.9096447534004017
156 -1.9096447534004017
157 -1.9096447534004017
158 -1.9096447534004017
159 -1.9096447534004017
160 -1.9096447534004017
161 -1.9096447534004017
162 -1.9096447534004017
163 -1.9096447534004017
164 -1.9096447534004017
165 -1.9096447534004017
166 -1.9124347585293657
167 -1.9124347585293657
168 -1.9124347585293657
169 -1.9124347585293657
170 -1.9124347585293657
171 -1.9124347585293657
172 -1.9124347585293657
173 -1.9124347585293657
174 -1.9124347585293657
175 -1.9124347585293657
176 -1.9124347585293657
177 -1.9124347585293657
178 -1.9124347585293657
179 -1.9124347585293657
180 -1.9124347585293657
181 -1.9124347585293657
182 -1.9124347585293657
183 -1.9124347585293657
184 -1.9124347585293657
185 -1.9124347585293657
186 -1.9124347585293657
187 -1.9124347585293657
188 -1.9124347585293657
189 -1.9124347585293657
190 -1.9124347585293657
191 -1.9124347585293657
192 -1.9124347585293657
193 -1.9124347585293657
194 -1.9124347585293657
195 -1.9124347585293657
196 -1.9124347585293657
197 -1.9124347585293657
198 -1.9124347585293657
199 -1.9124347585293657
200 -1.9124347585293657
201 -1.9124347585293657
202 -1.9124347585293657
203 -1.9124347585293657
204 -1.9124347585293657
205 -1.9124347585293657
206 -1.9124347585293657
207 -1.9124347585293657
208 -1.9124347585293657
209 -1.9124347585293657
210 -1.9124347585293657
211 -1.9124347585293657
212 -1.9124347585293657
213 -1.9124347585293657
214 -1.9124347585293657
215 -1.9124347585293657
216 -1.9124347585293657
217 -1.9124347585293657
218 -1.9124347585293657
219 -1.9124347585293657
220 -1.9124347585293657
221 -1.9124347585293657
222 -1.9124347585293657
223 -1.9124347585293657
224 -1.9124347585293657
225 -1.9124347585293657
226 -1.9124347585293657
227 -1.9124347585293657
228 -1.9124347585293657
229 -1.9124347585293657
230 -1.9124347585293657
231 -1.9124347585293657
232 -1.9124347585293657
233 -1.9124347585293657
234 -1.9124347585293657
235 -1.9124347585293657
236 -1.9124347585293657
237 -1.9124347585293657
238 -1.9124347585293657
239 -1.9124347585293657
240 -1.9124347585293657
241 -1.9124347585293657
242 -1.9124347585293657
243 -1.9124347585293657
244 -1.9124347585293657
245 -1.9124347585293657
246 -1.9124347585293657
247 -1.9124347585293657
248 -1.9124347585293657
249 -1.9124347585293657
250 -1.9124347585293657
251 -1.9124347585293657
252 -1.9124347585293657
253 -1.9124347585293657
254 -1.9124347585293657
255 -1.9124347585293657
256 -1.9124347585293657
257 -1.9124347585293657
258 -1.9124347585293657
259 -1.9124347585293657
260 -1.9124347585293657
261 -1.9124347585293657
262 -1.9124347585293657
263 -1.9124347585293657
264 -1.9124347585293657
265 -1.9124347585293657
266 -1.9124347585293657
267 -1.9124347585293657
268 -1.9124347585293657
269 -1.9124347585293657
270 -1.9124347585293657
271 -1.9124347585293657
272 -1.9124347585293657
273 -1.9124347585293657
274 -1.9124347585293657
275 -1.9124347585293657
276 -1.9124347585293657
277 -1.9124347585293657
278 -1.9124347585293657
279 -1.9124347585293657
280 -1.9124347585293657
281 -1.9124347585293657
282 -1.9124347585293657
283 -1.9124347585293657
284 -1.9124347585293657
285 -1.9124347585293657
286 -1.9124347585293657
287 -1.9124347585293657
288 -1.9124347585293657
289 -1.9124347585293657
290 -1.9124347585293657
291 -1.9124347585293657
292 -1.9124347585293657
293 -1.9124347585293657
294 -1.9124347585293657
295 -1.9124347585293657
296 -1.9124347585293657
297 -1.9124347585293657
298 -1.9124347585293657
299 -1.9124347585293657
300 -1.9124347585293657
301 -1.9124347585293657
302 -1.9124347585293657
303 -1.9124347585293657
304 -1.9124347585293657
305 -1.9124347585293657
306 -1.9124347585293657
307 -1.9124347585293657
308 -1.9124347585293657
309 -1.9124347585293657
310 -1.9124347585293657
311 -1.9124347585293657
312 -1.9124347585293657
313 -1.9124347585293657
314 -1.9124347585293657
315 -1.9124347585293657
316 -1.9124347585293657
317 -1.9124347585293657
318 -1.9124347585293657
319 -1.9124347585293657
320 -1.9124347585293657
321 -1.9124347585293657
322 -1.9124347585293657
323 -1.9124347585293657
324 -1.9124347585293657
325 -1.9124347585293657
326 -1.9124347585293657
327 -1.9124347585293657
328 -1.9124347585293657
329 -1.9124347585293657
330 -1.9124347585293657
331 -1.9124347585293657
332 -1.9124347585293657
333 -1.9124347585293657
334 -1.9124347585293657
335 -1.9124347585293657
336 -1.9124347585293657
337 -1.9124347585293657
338 -1.9124347585293657
339 -1.9124347585293657
340 -1.9124347585293657
341 -1.9124347585293657
342 -1.9124347585293657
343 -1.9124347585293657
344 -1.9124347585293657
345 -1.9124347585293657
346 -1.9124347585293657
347 -1.9124347585293657
348 -1.9124347585293657
349 -1.9124347585293657
350 -1.9124347585293657
351 -1.9124347585293657
352 -1.9124347585293657
353 -1.9124347585293657
354 -1.9124347585293657
355 -1.9124347585293657
356 -1.9124347585293657
357 -1.9124347585293657
358 -1.9124347585293657
359 -1.9124347585293657
360 -1.9124347585293657
361 -1.9124347585293657
362 -1.9124347585293657
363 -1.9124347585293657
364 -1.9124347585293657
365 -1.9124347585293657
366 -1.9124347585293657
367 -1.9124347585293657
368 -1.9124347585293657
369 -1.9124347585293657
370 -1.9124347585293657
371 -1.9124347585293657
372 -1.9124347585293657
373 -1.9124347585293657
374 -1.9124347585293657
375 -1.9124347585293657
376 -1.9124347585293657
377 -1.9124347585293657
378 -1.9124347585293657
379 -1.9124347585293657
380 -1.9124347585293657
381 -1.9124347585293657
382 -1.9124347585293657
383 -1.9124347585293657
384 -1.9124347585293657
385 -1.9124347585293657
386 -1.9124347585293657
387 -1.9124347585293657
388 -1.9124347585293657
389 -1.9124347585293657
390 -1.9124347585293657
391 -1.9124347585293657
392 -1.9124347585293657
393 -1.9124347585293657
394 -1.9124347585293657
395 -1.9124347585293657
396 -1.9124347585293657
397 -1.9124347585293657
398 -1.9124347585293657
399 -1.9124347585293657
400 -1.9124347585293657
401 -1.9124347585293657
402 -1.9124347585293657
403 -1.9124347585293657
404 -1.9124347585293657
405 -1.9124347585293657
406 -1.9124347585293657
407 -1.9124347585293657
408 -1.9124347585293657
409 -1.9124347585293657
410 -1.9124347585293657
411 -1.9124347585293657
412 -1.9124347585293657
413 -1.9124347585293657
414 -1.9124347585293657
415 -1.9124347585293657
416 -1.9124347585293657
417 -1.9124347585293657
418 -1.9124347585293657
419 -1.9124347585293657
420 -1.9124347585293657
421 -1.9124347585293657
422 -1.9124347585293657
423 -1.9124347585293657
424 -1.9124347585293657
425 -1.9124347585293657
426 -1.9124347585293657
427 -1.9124347585293657
428 -1.9124347585293657
429 -1.9124347585293657
430 -1.9124347585293657
431 -1.9124347585293657
432 -1.9124347585293657
433 -1.9124347585293657
434 -1.9124347585293657
435 -1.9124347585293657
436 -1.9124347585293657
437 -1.9124347585293657
438 -1.9124347585293657
439 -1.9124347585293657
440 -1.9124347585293657
441 -1.9124347585293657
442 -1.9124347585293657
443 -1.9124347585293657
444 -1.9124347585293657
445 -1.9124347585293657
446 -1.9124347585293657
447 -1.9124347585293657
448 -1.9124347585293657
449 -1.9124347585293657
450 -1.9124347585293657
451 -1.9124347585293657
452 -1.9124347585293657
453 -1.9124347585293657
454 -1.9124347585293657
455 -1.9124347585293657
456 -1.9124347585293657
457 -1.9124347585293657
458 -1.9124347585293657
459 -1.9124347585293657
460 -1.9124347585293657
461 -1.9124347585293657
462 -1.9124347585293657
463 -1.9124347585293657
464 -1.9124347585293657
465 -1.9124347585293657
466 -1.9124347585293657
467 -1.9124347585293657
468 -1.9124347585293657
469 -1.9124347585293657
470 -1.9124347585293657
471 -1.9124347585293657
472 -1.9124347585293657
473 -1.9124347585293657
474 -1.9124347585293657
475 -1.9124347585293657
476 -1.9124347585293657
477 -1.9124347585293657
478 -1.9124347585293657
479 -1.9124347585293657
480 -1.9124347585293657
481 -1.9124347585293657
482 -1.9124347585293657
483 -1.9124347585293657
484 -1.9124347585293657
485 -1.9124347585293657
486 -1.9124347585293657
487 -1.9124347585293657
488 -1.9124347585293657
489 -1.9124347585293657
490 -1.9124347585293657
491 -1.9124347585293657
492 -1.9124347585293657
493 -1.9124347585293657
494 -1.9124347585293657
495 -1.9124347585293657
496 -1.9124347585293657
497 -1.9124347585293657
498 -1.9124347585293657
499 -1.9124347585293657
500 -1.9124347585293657
501 -1.9124347585293657
502 -1.9124347585293657
503 -1.9124347585293657
504 -1.9124347585293657
505 -1.9124347585293657
506 -1.9124347585293657
507 -1.9124347585293657
508 -1.9124347585293657
509 -1.9124347585293657
510 -1.9124347585293657
511 -1.9124347585293657
512 -1.9124347585293657
513 -1.9124347585293657
514 -1.9124347585293657
515 -1.9124347585293657
516 -1.9124347585293657
517 -1.9124347585293657
518 -1.9124347585293657
519 -1.9124347585293657
520 -1.9124347585293657
521 -1.9124347585293657
522 -1.9124347585293657
523 -1.9124347585293657
524 -1.9124347585293657
525 -1.9124347585293657
526 -1.9124347585293657
527 -1.9124347585293657
528 -1.9124347585293657
529 -1.9124347585293657
530 -1.9124347585293657
531 -1.9124347585293657
532 -1.9124347585293657
533 -1.9124347585293657
534 -1.9124347585293657
535 -1.9124347585293657
536 -1.9124347585293657
537 -1.9124347585293657
538 -1.9124347585293657
539 -1.9124347585293657
540 -1.9124347585293657
541 -1.9124347585293657
542 -1.9124347585293657
543 -1.9124347585293657
544 -1.9124347585293657
545 -1.9124347585293657
546 -1.9124347585293657
547 -1.9124347585293657
548 -1.9124347585293657
549 -1.9124347585293657
550 -1.9124347585293657
551 -1.9124347585293657
552 -1.9124347585293657
553 -1.9124347585293657
554 -1.9124347585293657
555 -1.9124347585293657
556 -1.9124347585293657
557 -1.9124347585293657
558 -1.9124347585293657
559 -1.9124347585293657
560 -1.9124347585293657
561 -1.9124347585293657
562 -1.9124347585293657
563 -1.9124347585293657
564 -1.9124347585293657
565 -1.9124347585293657
566 -1.9124347585293657
567 -1.9124347585293657
568 -1.9124347585293657
569 -1.9124347585293657
570 -1.9124347585293657
571 -1.9124347585293657
572 -1.9124347585293657
573 -1.9124347585293657
574 -1.9124347585293657
575 -1.9124347585293657
576 -1.9124347585293657
577 -1.9124347585293657
578 -1.9124347585293657
579 -1.9124347585293657
580 -1.9124347585293657
581 -1.9124347585293657
582 -1.9124347585293657
583 -1.9124347585293657
584 -1.9124347585293657
585 -1.9124347585293657
586 -1.9124347585293657
587 -1.9124347585293657
588 -1.9124347585293657
589 -1.9124347585293657
590 -1.9124347585293657
591 -1.9124347585293657
592 -1.9124347585293657
593 -1.9124347585293657
594 -1.9124347585293657
595 -1.9124347585293657
596 -1.9124347585293657
597 -1.9124347585293657
598 -1.9124347585293657
599 -1.9124347585293657
600 -1.9124347585293657
601 -1.9124347585293657
602 -1.9124347585293657
603 -1.9124347585293657
604 -1.9124347585293657
605 -1.9124347585293657
606 -1.9124347585293657
607 -1.9124347585293657
608 -1.9124347585293657
609 -1.9124347585293657
610 -1.9124347585293657
611 -1.9124347585293657
612 -1.9124347585293657
613 -1.9124347585293657
614 -1.9124347585293657
615 -1.9124347585293657
616 -1.9124347585293657
617 -1.9124347585293657
618 -1.9124347585293657
619 -1.9124347585293657
620 -1.9124347585293657
621 -1.9124347585293657
622 -1.9124347585293657
623 -1.9124347585293657
624 -1.9124347585293657
625 -1.9124347585293657
626 -1.9124347585293657
627 -1.9124347585293657
628 -1.9124347585293657
629 -1.9124347585293657
630 -1.9124347585293657
631 -1.9124347585293657
632 -1.9124347585293657
633 -1.9124347585293657
634 -1.9124347585293657
635 -1.9124347585293657
636 -1.9124347585293657
637 -1.9124347585293657
638 -1.9124347585293657
639 -1.9124347585293657
640 -1.9124347585293657
641 -1.9124347585293657
642 -1.9124347585293657
643 -1.9124347585293657
644 -1.9124347585293657
645 -1.9124347585293657
646 -1.9124347585293657
647 -1.9124347585293657
648 -1.9124347585293657
649 -1.9124347585293657
650 -1.9124347585293657
651 -1.9124347585293657
652 -1.9124347585293657
653 -1.9124347585293657
654 -1.9124347585293657
655 -1.9124347585293657
656 -1.9124347585293657
657 -1.9124347585293657
658 -1.9124347585293657
659 -1.9124347585293657
660 -1.9124347585293657
661 -1.9124347585293657
662 -1.9124347585293657
663 -1.9124347585293657
664 -1.9124347585293657
665 -1.9124347585293657
666 -1.9124347585293657
667 -1.9124347585293657
668 -1.9124347585293657
669 -1.9124347585293657
670 -1.9124347585293657
671 -1.9124347585293657
672 -1.9124347585293657
673 -1.9124347585293657
674 -1.9124347585293657
675 -1.9124347585293657
676 -1.9124347585293657
677 -1.9124347585293657
678 -1.9124347585293657
679 -1.9124347585293657
680 -1.9124347585293657
681 -1.9124347585293657
682 -1.9124347585293657
683 -1.9124347585293657
684 -1.9124347585293657
685 -1.9124347585293657
686 -1.9124347585293657
687 -1.9124347585293657
688 -1.9124347585293657
689 -1.9124347585293657
690 -1.9124347585293657
691 -1.9124347585293657
692 -1.9124347585293657
693 -1.9124347585293657
694 -1.9124347585293657
695 -1.9124347585293657
696 -1.9124347585293657
697 -1.9124347585293657
698 -1.9124347585293657
699 -1.9124347585293657
700 -1.9124347585293657
701 -1.9124347585293657
702 -1.9124347585293657
703 -1.9124347585293657
704 -1.9124347585293657
705 -1.9124347585293657
706 -1.9124347585293657
707 -1.9124347585293657
708 -1.9124347585293657
709 -1.9124347585293657
710 -1.9124347585293657
711 -1.9124347585293657
712 -1.9124347585293657
713 -1.9124347585293657
714 -1.9124347585293657
715 -1.9124347585293657
716 -1.9124347585293657
717 -1.9124347585293657
718 -1.9124347585293657
719 -1.9124347585293657
720 -1.9124347585293657
721 -1.9124347585293657
722 -1.9124347585293657
723 -1.9124347585293657
724 -1.9124347585293657
725 -1.9124347585293657
726 -1.9124347585293657
727 -1.9124347585293657
728 -1.9124347585293657
729 -1.9124347585293657
730 -1.9124347585293657
731 -1.9124347585293657
732 -1.9124347585293657
733 -1.9124347585293657
734 -1.9124347585293657
735 -1.9124347585293657
736 -1.9124347585293657
737 -1.9124347585293657
738 -1.9124347585293657
739 -1.9124347585293657
740 -1.9124347585293657
741 -1.9124347585293657
742 -1.9124347585293657
743 -1.9124347585293657
744 -1.9124347585293657
745 -1.9124347585293657
746 -1.9124347585293657
747 -1.9124347585293657
748 -1.9124347585293657
749 -1.9124347585293657
750 -1.9124347585293657
751 -1.9124347585293657
752 -1.9124347585293657
753 -1.9124347585293657
754 -1.9124347585293657
755 -1.9124347585293657
756 -1.9124347585293657
757 -1.9124347585293657
758 -1.9124347585293657
759 -1.9124347585293657
760 -1.9124347585293657
761 -1.9124347585293657
762 -1.9124347585293657
763 -1.9124347585293657
764 -1.9124347585293657
765 -1.9124347585293657
766 -1.9124347585293657
767 -1.9124347585293657
768 -1.9124347585293657
769 -1.9124347585293657
770 -1.9124347585293657
771 -1.9124347585293657
772 -1.9124347585293657
773 -1.9124347585293657
774 -1.9124347585293657
775 -1.9124347585293657
776 -1.9124347585293657
777 -1.9124347585293657
778 -1.9124347585293657
779 -1.9124347585293657
780 -1.9124347585293657
781 -1.9124347585293657
782 -1.9124347585293657
783 -1.9124347585293657
784 -1.9124347585293657
785 -1.9124347585293657
786 -1.9124347585293657
787 -1.9124347585293657
788 -1.9124347585293657
789 -1.9124347585293657
790 -1.9124347585293657
791 -1.9124347585293657
792 -1.9124347585293657
793 -1.9124347585293657
794 -1.9124347585293657
795 -1.9124347585293657
796 -1.9124347585293657
797 -1.9124347585293657
798 -1.9124347585293657
799 -1.9124347585293657
800 -1.9124347585293657
801 -1.9124347585293657
802 -1.9124347585293657
803 -1.9124347585293657
804 -1.9124347585293657
805 -1.9124347585293657
806 -1.9124347585293657
807 -1.9124347585293657
808 -1.9124347585293657
809 -1.9124347585293657
810 -1.9124347585293657
811 -1.9124347585293657
812 -1.9124347585293657
813 -1.9124347585293657
814 -1.9124347585293657
815 -1.9124347585293657
816 -1.9124347585293657
817 -1.9124347585293657
818 -1.9124347585293657
819 -1.9124347585293657
820 -1.9124347585293657
821 -1.9124347585293657
822 -1.9124347585293657
823 -1.9124347585293657
824 -1.9124347585293657
825 -1.9124347585293657
826 -1.9124347585293657
827 -1.9124347585293657
828 -1.9124347585293657
829 -1.9124347585293657
830 -1.9124347585293657
831 -1.9124347585293657
832 -1.9124347585293657
833 -1.9124347585293657
834 -1.9124347585293657
835 -1.9124347585293657
836 -1.9124347585293657
837 -1.9124347585293657
838 -1.9124347585293657
839 -1.9124347585293657
840 -1.9124347585293657
841 -1.9124347585293657
842 -1.9124347585293657
843 -1.9124347585293657
844 -1.9124347585293657
845 -1.9124347585293657
846 -1.9124347585293657
847 -1.9124347585293657
848 -1.9124347585293657
849 -1.9124347585293657
850 -1.9124347585293657
851 -1.9124347585293657
852 -1.9124347585293657
853 -1.9124347585293657
854 -1.9124347585293657
855 -1.9124347585293657
856 -1.9124347585293657
857 -1.9124347585293657
858 -1.9124347585293657
859 -1.9124347585293657
860 -1.9124347585293657
861 -1.9124347585293657
862 -1.9124347585293657
863 -1.9124347585293657
864 -1.9124347585293657
865 -1.9124347585293657
866 -1.9124347585293657
867 -1.9124347585293657
868 -1.9124347585293657
869 -1.9124347585293657
870 -1.9124347585293657
871 -1.9124347585293657
872 -1.9124347585293657
873 -1.9124347585293657
874 -1.9124347585293657
875 -1.9124347585293657
876 -1.9124347585293657
877 -1.9124347585293657
878 -1.9124347585293657
879 -1.9124347585293657
880 -1.9124347585293657
881 -1.9124347585293657
882 -1.9124347585293657
883 -1.9124347585293657
884 -1.9124347585293657
885 -1.9124347585293657
886 -1.9124347585293657
887 -1.9124347585293657
888 -1.9124347585293657
889 -1.9124347585293657
890 -1.9124347585293657
891 -1.9124347585293657
892 -1.9124347585293657
893 -1.9124347585293657
894 -1.9124347585293657
895 -1.9124347585293657
896 -1.9124347585293657
897 -1.9124347585293657
898 -1.9124347585293657
899 -1.9124347585293657
900 -1.9124347585293657
901 -1.9124347585293657
902 -1.9124347585293657
903 -1.9124347585293657
904 -1.9124347585293657
905 -1.9124347585293657
906 -1.9124347585293657
907 -1.9124347585293657
908 -1.9124347585293657
909 -1.9124347585293657
910 -1.9124347585293657
911 -1.9124347585293657
912 -1.9124347585293657
913 -1.9124347585293657
914 -1.9124347585293657
915 -1.9124347585293657
916 -1.9124347585293657
917 -1.9124347585293657
918 -1.9124347585293657
919 -1.9124347585293657
920 -1.9124347585293657
921 -1.9124347585293657
922 -1.9124347585293657
923 -1.9124347585293657
924 -1.9124347585293657
925 -1.9124347585293657
926 -1.9124347585293657
927 -1.9124347585293657
928 -1.9124347585293657
929 -1.9124347585293657
930 -1.9124347585293657
931 -1.9124347585293657
932 -1.9124347585293657
933 -1.9124347585293657
934 -1.9124347585293657
935 -1.9124347585293657
936 -1.9124347585293657
937 -1.9124347585293657
938 -1.9124347585293657
939 -1.9124347585293657
940 -1.9124347585293657
941 -1.9124347585293657
942 -1.9124347585293657
943 -1.9124347585293657
944 -1.9124347585293657
945 -1.9124347585293657
946 -1.9124347585293657
947 -1.9124347585293657
948 -1.9124347585293657
949 -1.9124347585293657
950 -1.9124347585293657
951 -1.9124347585293657
952 -1.9124347585293657
953 -1.9124347585293657
954 -1.9124347585293657
955 -1.9124347585293657
956 -1.9124347585293657
957 -1.9124347585293657
958 -1.9124347585293657
959 -1.9124347585293657
960 -1.9124347585293657
961 -1.9124347585293657
962 -1.9124347585293657
963 -1.9124347585293657
964 -1.9124347585293657
965 -1.9124347585293657
966 -1.9124347585293657
967 -1.9124347585293657
968 -1.9124347585293657
969 -1.9124347585293657
970 -1.9124347585293657
971 -1.9124347585293657
972 -1.9124347585293657
973 -1.9124347585293657
974 -1.9124347585293657
975 -1.9124347585293657
976 -1.9124347585293657
977 -1.9124347585293657
978 -1.9124347585293657
979 -1.9124347585293657
980 -1.9124347585293657
981 -1.9124347585293657
982 -1.9124347585293657
983 -1.9124347585293657
984 -1.9124347585293657
985 -1.9124347585293657
986 -1.9124347585293657
987 -1.9124347585293657
988 -1.9124347585293657
989 -1.9124347585293657
990 -1.9124347585293657
991 -1.9124347585293657
992 -1.9124347585293657
993 -1.9124347585293657
994 -1.9124347585293657
995 -1.9124347585293657
996 -1.9124347585293657
997 -1.9124347585293657
998 -1.9124347585293657
999 -1.9124347585293657
1000 -1.9124347585293657
