1 6.667197238721493
2 7.505069336100872
3 7.630001037688728
4 6.650034183927917
5 5.056518473014988
6 5.3310921052961495
7 7.046964597376282
8 8.379350012924332
9 8.523322445703398
10 6.801202988715907
11 7.670670469072716
12 7.983941294485577
13 8.557849774435576
14 7.048227221401478
15 7.111755928384791
16 6.124194458645486
17 7.05462685514548
18 8.777125326785212
19 7.917797908524964
20 7.729543716976697
21 8.083353904693372
22 7.214659030056477
23 7.019674526722327
24 6.883953459146651
25 6.897010377917368
26 5.005325310054479
27 8.281647920617846
28 7.983026904114886
29 6.526631509682472
30 7.3783356814449865
31 8.800884899677405
32 7.256627265726924
33 7.224417153213792
34 7.943520345180237
35 6.937225474452037
36 6.281474539657459
37 7.0837075185146645
38 6.348850732675567
39 5.419454313962336
40 6.100931152431365
41 6.294097147683699
42 6.62904170920019
43 8.482897719738114
44 8.6932373224208
45 6.835536849271086
46 6.1207006354868065
47 7.46722570273166
48 7.51265044217997
49 8.827311870417924
50 7.319272230379656
51 7.6545202150028135
52 8.29882610791761
53 7.262425483514635
54 7.559621700138344
55 6.865848351859195
56 7.300054836730724
57 7.9875036142151785
58 6.006244464122043
59 8.557701253274818
60 8.428341363308267
61 7.260890576072529
62 7.376399446249406
63 6.991766674504292
64 7.068514053772239
65 7.792323732860597
66 6.923742931193464
67 5.515774807517841
68 8.087512832780694
69 5.634578579733149
70 6.995460450650949
71 6.92506152535197
72 6.641530650036745
73 6.849826033454057
74 7.194299323977878
75 8.05786831247399
76 7.377539544356347
77 7.810501720742605
78 8.061220066873172
79 7.622340630439208
80 7.019713899046953
81 6.661249621903017
82 6.816552856672385
83 6.71503287249302
84 7.256893412031468
85 6.897806909521054
86 7.868396576117203
87 6.820609480592367
88 6.515093989106522
89 7.332645530013683
90 7.121852959441951
91 7.45344090152525
92 7.737034235816428
93 5.708854582760838
94 8.317510489927308
95 7.736347435026626
96 7.744967514365536
97 7.246268948148801
98 7.021578694097891
99 8.569948191954493
100 7.438688881079315
101 6.399433421563063
102 6.099326061245484
103 7.3256804130019555
104 7.463923777725217
105 7.284303215887555
106 7.58490209853667
107 7.0724258713327375
108 6.548584556851012
109 7.868360669355698
110 7.42134798953498
111 8.226585850451848
112 7.6622362427408115
113 8.882362812399565
114 7.046376565560714
115 6.590052301651829
116 7.472168741458913
117 6.324247597665232
118 6.897585149466898
119 7.347109633170434
120 7.8910424890886794
121 7.980930466557184
122 5.8110974160828786
123 5.724237512502813
124 8.114129012314104
125 8.851930878286064
126 8.364499281920029
127 7.971587834824721
128 5.416701405356613
129 7.980515403394477
130 7.507270750266392
131 5.2477261182716415
132 7.013131710363147
133 7.612971055085878
134 9.147615110472984
135 5.874038809862401
136 6.7258171198107295
137 6.834854590730631
138 6.580214545960309
139 6.810829696473772
140 7.567790019194639
141 8.069884762421733
142 8.763336375600407
143 8.446463730700591
144 7.602869216564986
145 7.528631995618783
146 7.340898809526925
147 6.972624246142259
148 6.559141368971347
149 6.375582269363054
150 7.897407408643048
151 7.3638572114575105
152 8.15756072557973
153 8.083117861787608
154 7.200229064144471
155 6.484250294261706
156 8.786701942290476
157 6.746129777144251
158 7.144732580178229
159 7.700194732637891
160 7.666129388515205
161 6.433022009746707
162 8.057890096000811
163 8.108872710768846
164 6.5133043738338845
165 7.223212419043533
166 8.420109253025752
167 6.8692166293873465
168 8.224813773413072
169 8.477988517209669
170 7.437228464669911
171 8.88161084519847
172 6.899572893661268
173 7.419726753425868
174 5.118806415830595
175 6.709478750120504
176 7.618055789289839
177 7.97141520682487
178 6.965801110282208
179 7.494520343104635
180 8.206825602038139
181 7.643352673434133
182 6.955773825615911
183 6.332259746799265
184 9.087233573164982
185 7.34523721824464
186 8.139858251032901
187 7.3497268246312695
188 6.932538637213823
189 7.093077716429388
190 8.189445342712057
191 9.279923573310874
192 8.688330298714023
193 6.350425335469236
194 7.476725380680786
195 7.7195322141536895
196 9.933170955479799
197 8.26790815925045
198 7.97144658305269
199 7.162241852424999
200 7.32344873071059
201 7.744947690340031
202 8.719838027670827
203 6.741924068060509
204 7.907651681973743
205 6.00572829901955
206 7.741042100064136
207 6.350565138024072
208 5.37828235100053
209 6.898973175231038
210 8.920688131532161
211 6.428310987843057
212 6.782338798792863
213 7.521348035060795
214 8.062828589555979
215 6.018982950919366
216 7.665632552051428
217 7.697665167695494
218 7.5621718050906095
219 6.604567260442636
220 7.597089723611101
221 7.78231657737742
222 7.238946352136281
223 8.756280738832002
224 8.33063726256761
225 8.184526183820296
226 7.619709589519449
227 6.205056921754319
228 8.191350854774964
229 7.988081553402883
230 8.675127680929634
231 6.015094708116968
232 9.213722301924053
233 7.441307805162128
234 6.7229244959149135
235 8.778729345461525
236 6.575721459656104
237 7.266241901545206
238 6.39203587577727
239 7.007247202555002
240 8.239606538652446
241 7.1900870851629275
242 6.896587109724117
243 7.952501196968348
244 7.639026728331484
245 7.3135812315205255
246 7.057525460777763
247 8.060424546446637
248 7.619844213940304
249 6.3723518646120985
250 7.470360631269959
251 5.895721307768865
252 6.620159371057812
253 8.583445979945772
254 6.646483467078548
255 6.117442068758078
256 7.728154601104445
257 7.154771710888672
258 7.233575097079922
259 7.129761268046353
260 6.037386854166313
261 7.920127270693145
262 7.211359808991559
263 7.210623623322151
264 7.732516441344746
265 7.4906643527529475
266 8.642431508507913
267 8.150145818922184
268 7.895614584142803
269 8.09938239976074
270 6.755262130828807
271 6.80900228931771
272 7.123824135714854
273 6.049776985733057
274 6.058009907365384
275 5.847907184063597
276 8.695296024393658
277 8.504054121976443
278 6.993646190299344
279 6.641491877242589
280 6.363324702099766
281 7.8742986500869225
282 6.5164712161376395
283 5.838267116940731
284 8.33737255305561
285 8.093194041374208
286 7.024041410550371
287 6.945645845661503
288 6.772745653678438
289 6.428493076318092
290 8.977392465689302
291 8.39764788600262
292 8.277271659140192
293 7.977495159564025
294 5.802754907707584
295 7.530368265829471
296 8.010530042685039
297 6.726843928372273
298 6.886258559275402
299 7.266149637918832
300 8.205238745530323
301 6.5947435877531575
302 7.36628514213261
303 6.715631354644628
304 7.942953742296401
305 6.85781830302596
306 7.386951643112622
307 6.696174062260468
308 7.270871809443979
309 7.249482197282541
310 8.488998902650032
311 7.364044317889576
312 7.365186517061296
313 8.449209966195777
314 9.406389736277244
315 7.877918290093235
316 5.856039806197834
317 6.318886380567485
318 7.221628044787253
319 7.243098561667876
320 7.9132771890526525
321 8.937534395245894
322 7.875296262199201
323 8.317476704459551
324 6.630633079490909
325 8.348135089926915
326 7.896791996277634
327 6.510616363475713
328 6.824032027695798
329 7.684091142616741
330 6.899407700396567
331 6.55784015841074
332 7.328815132416062
333 8.439340000689786
334 8.154361379165039
335 7.987979752939796
336 7.582688311036492
337 7.925429984181254
338 8.01889554235694
339 6.750516004422703
340 5.90038593939664
341 5.982883913080777
342 7.789721654374662
343 5.7344362774474575
344 6.865610165424763
345 7.818540944179384
346 6.910660249733824
347 8.160322055692827
348 6.074731574203454
349 6.366175701635302
350 8.14344988093259
351 7.094799041277134
352 5.8656086108523136
353 7.344642563647193
354 7.247543275582982
355 7.759605859099341
356 7.567152716763593
357 7.785247364795694
358 8.033919911001167
359 6.122256089077794
360 6.723378026171183
361 8.902240523969148
362 8.576948344328406
363 7.651869988456066
364 7.400558493837485
365 7.299669013589362
366 8.022717654220873
367 7.796611607792636
368 8.206604986813863
369 8.592160581367612
370 6.871191646221431
371 8.670426654238678
372 7.6383687850141575
373 6.160497162066457
374 6.40815016388224
375 5.861993985268143
376 7.027114033565242
377 7.683491920206667
378 7.955265677472146
379 7.435298657224796
380 7.810380607522219
381 5.6776660281451115
382 8.381111279954558
383 6.774247715381201
384 6.579379885108007
385 7.2662209827351125
386 7.531905560348283
387 7.958678818381174
388 7.188353182084393
389 7.606323059720125
390 5.569302581151274
391 8.184536959808463
392 7.86931482260649
393 8.147136896984604
394 5.666167441112866
395 7.321151772390221
396 7.042430156893966
397 7.493938640314552
398 8.337991948558432
399 5.654487746390251
400 8.299871297560173
401 7.549079029320842
402 9.690788334249076
403 7.303315753832323
404 7.410850749240007
405 7.3606008191015695
406 7.2993875827815895
407 7.596248295514131
408 7.9960078855601315
409 7.023415068178211
410 6.137380229068836
411 7.698071513877009
412 7.706530893462913
413 8.317778682135257
414 9.586541849737426
415 9.884104588087466
416 8.196382326795492
417 7.7371477519249074
418 4.917405813220789
419 8.360476720744062
420 7.806286297778197
421 7.907125856173949
422 6.683462253695021
423 7.015928660106544
424 7.777556213531423
425 7.96735355101967
426 8.193483452544735
427 7.338998624283042
428 7.773784659411902
429 6.49441613898356
430 7.802492249081571
431 6.1392757842705254
432 7.0982206319514995
433 6.926357267776511
434 7.060598967544793
435 8.494818927817565
436 8.879616506013502
437 9.046269458780342
438 8.411155124425242
439 6.247260397384364
440 6.270573690518972
441 7.307188928128529
442 8.170606842730058
443 8.087769195862487
444 7.796449909772986
445 6.755128457205801
446 5.950703675376426
447 7.6765513102030845
448 7.802267103849883
449 7.259155384356818
450 9.628045271936996
451 8.396560973411995
452 8.994373526034275
453 7.737649251476335
454 6.889595156387997
455 6.660105421462992
456 7.499941839253844
457 6.174155801939602
458 7.604523881161103
459 8.543735857149624
460 7.763287516103498
461 7.403554464694335
462 7.202485885132731
463 7.4414653628780885
464 6.852630680314102
465 8.404771131523205
466 7.395871330181847
467 7.335309413781718
468 8.242513651956882
469 6.052400160031106
470 8.320339736425398
471 4.942138945679338
472 7.345825870949563
473 5.407422120190774
474 6.78851472703158
475 6.285322183987295
476 7.096765364020163
477 8.206157346308338
478 6.978422733751156
479 7.3841949080085625
480 8.996046954287381
481 7.442433608140615
482 5.923956569076389
483 6.831873284066893
484 6.903416758695456
485 8.439486921675282
486 6.792141955357605
487 6.690716659577857
488 8.524578340747608
489 7.587260669684003
490 8.603129961076387
491 6.348048974161019
492 5.689904658800231
493 6.573984435823464
494 6.730054689349632
495 8.76782629747174
496 7.784616920165547
497 8.863758444590626
498 6.143850857444734
499 7.370633665780313
500 9.483843973282815
501 8.353440118029004
502 7.713411377437923
503 7.655147323543904
504 7.2069817897838435
505 5.697795886974454
506 7.536367709729064
507 5.645441193377694
508 7.937039545565236
509 7.832498776232063
510 7.691054553193445
511 6.112378761946046
512 7.033677299070413
513 8.92898679156218
514 6.664704879040874
515 8.29208770534351
516 8.322066877875296
517 8.020608275343827
518 7.543941207116307
519 7.714812158037425
520 8.26704313343747
521 7.535866817330093
522 6.966919652210285
523 7.4737340179309175
524 8.648894734235343
525 7.580462080565035
526 7.595239278737651
527 7.850041541392807
528 8.690017881994185
529 7.407051936746876
530 5.351897237785814
531 7.520798993574842
532 6.645699797287491
533 8.948721161664324
534 6.878213425372177
535 6.222636451579124
536 7.874228644692303
537 7.143858751967915
538 6.543588594203744
539 6.636367522735634
540 6.90061958436007
541 6.610961919509973
542 7.998459094386803
543 7.482868864012405
544 5.8800010860957155
545 6.9739173172573725
546 7.491684080095621
547 5.647592572220362
548 7.382345966190621
549 6.274938593245828
550 7.252059205518324
551 5.319252296975656
552 6.881614141275444
553 7.052148157903034
554 9.382260631247844
555 7.948151250896611
556 7.838968384752908
557 6.21830139004036
558 6.8698407609045375
559 7.116213153972207
560 8.257389146079703
561 5.798824087560126
562 8.309369482316203
563 8.136694571113555
564 8.080554670917019
565 7.690502816975117
566 8.34129171429973
567 5.736616314392165
568 6.808490385761944
569 8.083073237307168
570 6.897636012980776
571 6.605900006275141
572 5.930114340542181
573 7.86048896473676
574 6.37379191494035
575 8.207339052873836
576 7.107684401167265
577 8.795175033681945
578 6.365656315326632
579 7.304421792956046
580 8.050258847494225
581 7.397277670156608
582 7.360539061258207
583 7.526986348138668
584 7.9494447507459975
585 6.423714977347089
586 6.647635727542096
587 8.598663555379725
588 8.261178726516631
589 8.694538139775242
590 7.1673186904149055
591 6.986946103195361
592 8.633833428542223
593 8.008964167832545
594 6.528084573020388
595 8.238277196756384
596 7.190315502038763
597 7.728891338663329
598 6.7847876930801485
599 7.653377847635064
600 7.954660039656803
601 6.698656763339591
602 7.033327386485437
603 7.35115347568305
604 8.22274739496202
605 7.169867437124556
606 6.597295076195528
607 8.640971398942302
608 7.224172522267413
609 6.743030846339716
610 6.899016346554211
611 5.816073518453876
612 9.243254025956185
613 7.530761518286859
614 7.73967059352615
615 7.695397200591594
616 7.837941364430117
617 8.11239485300965
618 7.857321107301441
619 7.500124070214573
620 7.206853846037874
621 7.564940855578289
622 7.896706520547189
623 8.088556601483608
624 6.704667863014768
625 7.17008704272822
626 6.942864924682529
627 7.527228219670874
628 8.589788053351047
629 7.009940670540508
630 7.372283100673067
631 5.99078795904673
632 6.133830159604609
633 7.780287073543303
634 8.983938549758646
635 8.269386622692624
636 7.891491561119942
637 7.094506102699496
638 8.491063476918933
639 7.365112349755008
640 8.945804460529885
641 6.5656462964379285
642 7.484463324546053
643 7.873621710972261
644 6.550742380113573
645 7.368227372579824
646 8.02275557013863
647 5.573223801500822
648 7.983320672139101
649 5.533214920033002
650 6.355207364491548
651 8.246713490260298
652 8.329425483873969
653 7.80136488265106
654 7.166527103344327
655 8.58565841760375
656 9.069710770584926
657 7.734296820668525
658 7.305737427535954
659 7.03684984141794
660 8.349596631743468
661 6.648707284749365
662 7.126202238114627
663 7.521055025294419
664 7.541297676089478
665 7.165161483985667
666 7.207137240755944
667 7.202648881227556
668 7.4805664875225215
669 6.971610620571779
670 8.488745139104978
671 6.3307719458857274
672 6.687245852047347
673 7.6495782642651955
674 7.93663255722281
675 7.724630789182433
676 7.875787387069334
677 7.178973613136778
678 6.481387519815115
679 7.243146653214951
680 8.263855197882734
681 8.483586056811474
682 8.324202067147603
683 6.4772290686637195
684 6.491077116192744
685 7.874934542314044
686 7.487145566782644
687 8.026991247374223
688 7.805436412379141
689 5.950858168342783
690 6.679057623903531
691 6.7274462801584995
692 8.500141208033146
693 7.5076863128806055
694 5.68693808837785
695 7.790455241631553
696 7.534659807703411
697 6.627340649518276
698 8.502121416759053
699 6.116634809518877
700 7.921800367790385
701 9.047539505665894
702 9.043151954554922
703 8.12208771153752
704 10.163996552551637
705 8.177135978437345
706 7.694858068724869
707 7.249513995938035
708 7.241359238682337
709 7.251939243097082
710 8.805839943722667
711 7.2294952704724915
712 5.199982021247156
713 7.707423438925031
714 8.3123527755029
715 6.939392349839306
716 8.693474780632535
717 7.837528391788883
718 7.643473522958302
719 7.468106905502392
720 6.280655779145017
721 7.040106906727252
722 7.70751799898242
723 8.101045172144993
724 8.21798559866989
725 7.251442952899446
726 6.35141811701037
727 6.946129215919685
728 6.129901203445084
729 7.91728373395939
730 7.252647934772534
731 6.616289192784439
732 8.846195186205906
733 8.250456123597287
734 6.40633619241611
735 8.596098629371593
736 7.111097533086601
737 8.293882849135578
738 8.352415210356545
739 4.958458150427811
740 6.740079089070361
741 7.263612594617296
742 7.4537871772713045
743 7.146547027581455
744 6.820548422384346
745 6.207724530791564
746 6.696275991846403
747 8.198949652585142
748 7.88835758632755
749 5.9895513764247035
750 7.379940705286716
751 8.822935525434115
752 6.356983936279631
753 8.155549239769766
754 6.836962897721788
755 7.7546141453983
756 7.824542669622455
757 7.6508016812082955
758 6.4133773562510665
759 7.637205930088152
760 7.917884229536504
761 6.824377991639498
762 7.423714054979133
763 7.152490563709347
764 7.1264332281472305
765 8.201710608593826
766 6.958906622113533
767 8.339069410810149
768 6.825367021237466
769 8.005034089924829
770 6.641593666704013
771 7.046129838354357
772 6.2812589913740435
773 8.037910121767908
774 7.949102869519952
775 7.447200893167014
776 6.002820289532744
777 7.619434159187327
778 6.762913186105571
779 7.181039778744455
780 7.495415504092092
781 9.143086137701639
782 5.5275437284615645
783 7.9417924349012825
784 8.650492594878713
785 8.40572784384602
786 6.390366761517644
787 8.401924837858951
788 6.4296600270062285
789 5.929436753295985
790 7.943525578753296
791 7.324564889731141
792 7.238054133946376
793 7.4336228109449936
794 7.387573229186872
795 8.1983027154102
796 8.38719210396231
797 8.909860332773555
798 9.308397535807408
799 7.678758843049175
800 7.274489634961506
801 7.12233691629251
802 7.055567870688749
803 7.995079616723123
804 7.2729556406441835
805 6.411114869241145
806 6.8462725904676285
807 7.461400618382671
808 7.80903897548133
809 7.792954046140237
810 7.3749459576182845
811 7.171630801428856
812 8.033845253457871
813 5.468361054788873
814 7.015683178188471
815 8.574728000410893
816 5.97417528262331
817 5.214096679753027
818 7.32837484971539
819 9.684431306657252
820 7.1482392128175745
821 7.89993901714709
822 7.17787185584331
823 6.562764698075158
824 7.24037505732796
825 7.24332481932675
826 7.844538020950912
827 6.200552620890441
828 8.020090675671423
829 6.7690292841512525
830 8.063702767377892
831 8.049330804576192
832 6.562016105476467
833 8.68835960777893
834 6.311357151695492
835 8.096891595754036
836 8.204333749062327
837 8.097514368641118
838 6.483065192883325
839 7.657219979124399
840 7.110551669057429
841 7.554466724047742
842 8.5425069538171
843 7.426471898691015
844 7.533226738361869
845 7.862871738392396
846 7.647257337734797
847 5.519656076416576
848 8.060053165655248
849 8.330828390548714
850 7.925910345015161
851 7.5331881900697635
852 6.0978894723665045
853 7.4405987277604595
854 7.730817198947752
855 6.673155469620366
856 8.607941922737469
857 7.7170542715677435
858 7.046425269122834
859 6.9342409088821295
860 8.196182730674566
861 8.013451260814083
862 7.113881061838316
863 7.4187546035307275
864 6.418717394348484
865 8.623611353822175
866 8.12333262223447
867 6.995473059393724
868 8.436282916000424
869 6.271590153284652
870 7.197886120269923
871 8.793704217216575
872 7.5495672632043
873 6.7244150190265515
874 7.254153139556162
875 6.666356796384707
876 8.631632651411234
877 7.172188575844638
878 7.708823131761611
879 6.914605918703048
880 7.3170929648537095
881 7.462717862868025
882 6.6277901971832165
883 7.747858159856384
884 7.796938512078284
885 8.377933578619682
886 8.261714762230051
887 8.282740176452556
888 4.759686432819756
889 6.153270210492088
890 7.071958541254073
891 7.336489515772534
892 9.574920308697514
893 7.09131881523095
894 5.900160272772938
895 6.423320375074571
896 8.135981132080156
897 8.669555745921578
898 7.702926167141721
899 7.32680744756906
900 7.488290186114591
901 7.496064371290558
902 6.357783654431311
903 7.9482873098488644
904 6.763213783259075
905 6.733296105849886
906 5.322880661570275
907 8.189137438235456
908 6.793768216417244
909 6.85934498475526
910 7.522258388619103
911 5.881659697661818
912 6.197029588237777
913 7.351612449762631
914 7.781289643345486
915 7.946470352310868
916 7.4214891917363985
917 9.359167598449
918 7.474424988214252
919 7.685653313640916
920 8.02061047585569
921 8.723962983829432
922 6.1235501245187
923 7.117082112212105
924 6.258366129562737
925 7.176496909656658
926 6.084518572400453
927 7.2727065616957836
928 8.427779012272156
929 6.432542017305866
930 7.097019873082878
931 8.165452667233465
932 5.36378320530022
933 6.708429024473419
934 7.525050687464102
935 6.958509314720812
936 6.513710099832789
937 5.297776376631086
938 8.266052210580671
939 6.17739543058216
940 6.400863768043016
941 7.269341967427541
942 6.164739485523021
943 6.072586234582085
944 6.505121447878655
945 9.141616718321604
946 7.9412672539561475
947 7.335014073616253
948 7.96555456084986
949 7.068323706742168
950 6.261902215056132
951 7.879184882728742
952 7.190726203721267
953 8.595910412980114
954 7.010998361890832
955 6.763599339367794
956 6.378910076928533
957 5.885968385778266
958 6.989791423973577
959 7.336401634348127
960 7.356544792308759
961 6.674582158829289
962 7.014841559449113
963 8.574419436875607
964 7.486226746829049
965 6.722865388235234
966 7.77546590372555
967 7.802407014431447
968 7.4969242115539405
969 7.108320573864896
970 7.3846485158477675
971 8.1897408677367
972 7.718671868988087
973 8.578437869461645
974 6.830464804837229
975 7.448568262228765
976 7.753558288286733
977 7.818029694409347
978 7.352835394264514
979 7.280947420183766
980 9.909863890803937
981 8.365790902458956
982 7.912891838911765
983 7.281610902483984
984 7.512366781794469
985 7.777113217558871
986 7.55740824123473
987 7.18560237757535
988 7.476938835549148
989 8.353654873029267
990 6.9662006114371
991 8.711431707845424
992 8.800150329427405
993 7.433358225097847
994 7.871230988473387
995 8.202802689403045
996 6.599404010031093
997 6.887122221471336
998 7.632841792032839
999 6.7867274444952015
1000 6.760498598537452
