1 4.704106574892979
2 4.188897791500162
3 3.4083669293916987
4 2.865951166365663
5 2.7399465296204415
6 2.3343330439120606
7 1.8149530275262422
8 1.8536808911640303
9 2.0515607621239194
10 1.5436078904637502
11 1.980745913461392
12 1.9254704486932064
13 1.343662797697258
14 1.7530223197715145
15 1.8582632602498688
16 1.6306218926685199
17 0.7816956088689005
18 1.0159737318130801
19 1.062807744923256
20 0.7996747153774717
21 1.1715464449103787
22 0.7557540402543091
23 0.5339386044664935
24 0.6155018604513953
25 0.3441937813359879
26 0.26790248621616486
27 1.045064848327689
28 0.2595522121318506
29 0.22086924898075402
30 0.202782605073749
31 0.28509809721845025
32 0.7015825263889517
33 0.05316539246027697
34 0.009837869349685642
35 0.2542406736168465
36 -0.07887516678268577
37 0.300089615490317
38 -0.34202095594131476
39 0.43002281754110167
40 0.31763591974116023
41 0.20898196615050757
42 -0.3086530546750609
43 -0.11081433620707866
44 -0.24094867408210333
45 -0.37657846179406745
46 0.011500689874744601
47 -0.5824518975704995
48 -0.20349018463410498
49 -0.09481144540551605
50 -0.7280331755793403
51 -0.1769423062586337
52 -0.5722800784893551
53 0.16654976678854463
54 -0.5626199748327462
55 -0.5694858538866342
56 -0.18925502239001965
57 -0.3985058681290509
58 -0.5965289081302236
59 -0.25916883494982434
60 -0.6906239168776864
61 0.03544486877708618
62 -0.15314424664050316
63 -0.45039754675328864
64 -0.6268967136192287
65 -0.34122866223163006
66 -0.43810047764703236
67 -0.7875624592805512
68 -0.4691709907429226
69 0.15444366597427703
70 -0.6947186966447739
71 -0.5268641136625312
72 -0.7053996181491767
73 -0.4776274288283436
74 -0.3728196921603337
75 -0.8040863295510751
76 -0.3227414711091041
77 -0.5520099311591016
78 -0.017417702795456225
79 -0.5472599067183408
80 -0.8388202078715409
81 -0.7218501868868076
82 -0.33476390748636986
83 -0.7753225902124083
84 -0.8695758719395783
85 -0.3704393404332308
86 -0.6524528049745254
87 -0.4433980055523199
88 -0.386644187773545
89 -0.5570257889405836
90 -0.4314278006454257
91 -0.18298719542057854
92 -0.601360850692158
93 -0.5598997911769854
94 -0.12591403889715252
95 -0.4599229569115157
96 0.041801883958057805
97 -1.1413828802715644
98 -1.0088318721328933
99 -0.5694280762088784
100 -0.6126205341393242
101 -0.4586024711798021
102 -0.07342890741357873
103 -0.9440987757586305
104 -0.6782277168061751
105 -0.8140910039546337
106 -0.5152317689933527
107 -0.5851159447193328
108 -0.7899257291060146
109 -0.92324865690806
110 -0.6200839115535033
111 -0.5348107426078406
112 -0.4798013213095724
113 -0.46222070576632823
114 -0.27148323172214733
115 -0.43530863087708466
116 -0.6406814934856939
117 -0.4911860845556323
118 -1.0419022167697034
119 -1.1668498618265877
120 -0.6296324892433862
121 -0.5896710226781444
122 -0.21147074456879753
123 -0.5410926395070998
124 -0.17839273301416253
125 -0.5237704108479175
126 -0.7369816310068654
127 -0.8503108421343631
128 -1.1364162797283435
129 -0.4957699133456973
130 -1.110368682422294
131 -0.7656413380017532
132 -0.43667276984256687
133 -0.2153361726194969
134 -0.8146721067401108
135 -0.9139465733628427
136 -0.7780911851862506
137 -0.6547500090948687
138 -0.41937221044678963
139 -0.9195428300197519
140 -0.15880229686006359
141 -0.38651830976319645
142 -0.8557247467320618
143 -0.6662477241443591
144 -0.701788945081057
145 -0.39301084101578854
146 -0.9473074018744911
147 -0.8486705243125902
148 -0.5311920244994358
149 -0.22535513978966468
150 -0.4997765161722614
151 -0.6777740204842668
152 -0.1612678253056833
153 -0.17729029839605054
154 -0.38851315979742695
155 -0.5862950283444424
156 -0.37300617720029294
157 -0.2198899865966094
158 -0.8144468205650784
159 -0.6867395125716159
160 -0.18155639600025247
161 -0.8227636566029228
162 -0.5981416194060005
163 -0.8060798183537919
164 -0.6960712915380058
165 -0.47541240130061463
166 -0.43925216359065933
167 -0.7244474783469032
168 -0.5159497530552475
169 -0.5587712286673369
170 -0.7479386045665538
171 -0.9407741110327698
172 -0.5527130244041313
173 -0.6883015940931562
174 -1.0122597317417903
175 -0.8122012252755172
176 -0.33878303219464506
177 -0.9198644857105918
178 -0.6787634707800672
179 -1.1638762515946284
180 -0.6487763865334315
181 -0.4618650403092191
182 -0.8805755749363859
183 -0.9704472456349105
184 -0.5872182400342849
185 -1.0827043120592537
186 -0.7597421676924515
187 -0.5260397074359098
188 -0.7877628067881318
189 -0.4369270951731996
190 -0.7463632651012071
191 -0.8288246173460472
192 -0.5377936592228569
193 -1.0285681557239452
194 -0.992282668486338
195 -0.9709507395510237
196 -0.4758206044571203
197 -0.7461453392670434
198 -0.8714320982979449
199 -0.8826758206210683
200 -0.8880635711406429
201 -0.6678050942105509
202 -0.5855129145889951
203 -0.7152009148936148
204 -0.606400088987093
205 -0.3711808819286766
206 -0.7809621506615079
207 -1.0199590803708876
208 -0.8996869764725907
209 -0.889675162759863
210 -0.14185855667130315
211 -0.6948308462126818
212 -0.5304838588771894
213 -1.2349142648635023
214 -0.13670217885048863
215 -0.5783974669751395
216 -0.6644550934933166
217 -0.037374495146959355
218 -0.703218356210205
219 -0.5323862864608128
220 -0.7056183917355199
221 -1.1485670350541193
222 -1.063651342959385
223 -0.7787441368835973
224 -0.8605148852790232
225 -0.5771418505225592
226 -0.945291146420255
227 -1.0330544174698941
228 -0.7690461029081895
229 -0.5545758418678417
230 -1.0028225354713514
231 -0.9392034338679172
232 -0.42300430248862675
233 -1.0450619279387225
234 -1.236622606884667
235 -1.047109791604607
236 -0.7831337163579738
237 -0.5424880716765892
238 -0.9411644592097832
239 -0.8882115550948144
240 -0.5247808750210345
241 -0.20587954135790426
242 -0.8181521505549145
243 -1.3617394231264384
244 -1.1037744287523008
245 -0.9970508549223305
246 -0.7965268547459732
247 -0.9178781144843892
248 -1.0365080240448434
249 -1.096594775905611
250 -0.4202002424673171
251 -0.9612397733531004
252 -0.7607379406500813
253 -0.5930221294214442
254 -1.1272620848464046
255 -0.3915440890708456
256 -0.7640415012395348
257 -0.8802644204798642
258 -1.1648870935857132
259 -1.036441103246481
260 -0.8558984430872125
261 -0.9222625241681066
262 -1.056555331057693
263 -0.7671536415401181
264 -0.6863124501985562
265 -0.24780771675972343
266 -0.35675472435816674
267 -1.312726539295052
268 -0.9326287130898103
269 -0.9754437297714834
270 -0.7015809472494964
271 -0.9411867027650008
272 -0.5477364169832705
273 -1.1144865999073352
274 -0.7762558995835367
275 -0.49692937794401376
276 -0.8327113659662361
277 -1.0113827715520503
278 -0.828024110627186
279 -0.7300089564986494
280 -0.5601265950716631
281 -0.6188205656598239
282 -0.3480251641091167
283 -0.7019199961730775
284 -0.9012954597898141
285 -0.4257573544179056
286 -0.6573281438666424
287 -0.7451413874685104
288 -1.4870870678923493
289 -1.1728244097853155
290 -1.2132186776708926
291 -1.2328944068901568
292 -0.8950505941960131
293 -0.8602997619174201
294 -0.4963731453406682
295 -1.0269483820214185
296 -1.3010946542924773
297 -1.1153885921691604
298 -0.9448549899913894
299 -0.45072074238916754
300 -0.8050340687871743
301 -1.3203925322860686
302 -0.7588889927126522
303 -0.8604719648195497
304 -1.3790125424878354
305 -1.253159638141001
306 -0.9589737567052674
307 -0.805432455525495
308 -0.8013399969024535
309 -1.0572545367149966
310 -0.9361535970575242
311 -0.7557925284351126
312 -1.2436780454405731
313 -0.31013541371988346
314 -0.6453427935609849
315 -0.7472798693429114
316 -1.0985198865313313
317 -1.1168352169248172
318 -0.2251814933809489
319 -0.7783593776854351
320 -0.8925093707190951
321 -0.591166610077152
322 -0.9314029539726808
323 -0.8030548811105348
324 -0.9397941981348678
325 -0.8843571318931965
326 -1.0079134906718639
327 -0.6211580735724059
328 -0.7664450600612817
329 -1.041116201274895
330 -0.700273648966534
331 -0.7480650116530514
332 -1.0006840654567828
333 -0.594287696598451
334 -0.7621025506885395
335 -0.6001552771165325
336 -0.8680103714218123
337 -0.8445153156757625
338 -0.8502371169337186
339 -0.7794531852376074
340 -1.286908527193809
341 -0.8321397121063073
342 -0.618492838969376
343 -0.9945780659851312
344 -0.8945507885971804
345 -0.9891532138153888
346 -0.4417283255666572
347 -0.8953706197513537
348 -0.7470655153989084
349 -1.0729314659060134
350 -0.43948094325640297
351 -0.9844197715861063
352 -1.1661881962249196
353 -1.1541459066316675
354 -1.1346678372086287
355 -0.45989392738269835
356 -1.0542136597473304
357 -0.4279402962199309
358 -1.294141057329213
359 -0.8257978126030591
360 -1.0564132260934098
361 -0.9020962312636144
362 -0.7385990665905118
363 -1.2996731592965538
364 -0.7979142511594608
365 -1.1522728134347855
366 -1.2727798018112688
367 -0.9129260135138931
368 -1.1764630488482126
369 -0.8753498163694455
370 -0.7837255661905356
371 -0.8747084261239713
372 -0.3689588400872458
373 -1.1409153893490058
374 -1.0896655898200933
375 -0.791828317152043
376 -0.3800504526515292
377 -0.6300185502374986
378 -0.892608309962483
379 -0.8445345656683299
380 -1.0518805703704666
381 -1.1990636442192824
382 -0.7580910583421095
383 -0.9623225302062797
384 -1.0862241666070482
385 -1.1114057899337402
386 -0.9003087531637987
387 -1.057818406383526
388 -0.9134936283073241
389 -1.1457072456253585
390 -1.3259247410501296
391 -0.8505600028596944
392 -0.9115573413388226
393 -0.7856147441188516
394 -1.0377495313493719
395 -0.7945467672362561
396 -0.625832201204734
397 -0.773899271240798
398 -1.1087137223949208
399 -0.4167008032306812
400 -0.9980265673243341
401 -0.11485585463537258
402 -0.9767043795838554
403 -0.8858224021720886
404 -0.8294731150617093
405 -0.8877157835130786
406 -0.8124975565358517
407 -0.3735798816356332
408 -0.5589775351322916
409 -0.9549801290187822
410 -1.07798851262697
411 -1.0896261378381327
412 -0.5150502036223927
413 -0.9034506725216196
414 -0.6049219163596943
415 -1.238088103740182
416 -0.7641017493911818
417 -0.6262529866854493
418 -0.8819561910479221
419 -0.7263729169394473
420 -1.3200817601173926
421 -0.674704153639769
422 -0.8836027627610263
423 -1.1881956542005927
424 -0.6640968244730833
425 -0.9793874705775147
426 -1.2915707785406447
427 -1.0725272121164549
428 -1.1714670272028151
429 -1.0178692484428238
430 -0.6860345250878622
431 -1.0101834288963374
432 -1.0306297127587762
433 -1.1953465064707998
434 -1.0505870352944124
435 -1.1654598096424111
436 -1.2979079976631995
437 -1.3681686981876304
438 -0.5347553010910154
439 -0.8954008508633448
440 -0.6013219780880806
441 -0.875917504588531
442 -0.781798153993374
443 -0.8386492242413481
444 -1.0159988217745322
445 -0.7321309748602487
446 -1.4648523347897362
447 -0.880846964140637
448 -0.6346237685961355
449 -0.718763112876577
450 -1.4579859906104107
451 -0.44365513681687024
452 -0.8569668427613831
453 -1.137897854358366
454 -0.9590428535534145
455 -1.2008700783808008
456 -0.6497050118914739
457 -0.9420537419533541
458 -1.1986293567977528
459 -0.7797395300836065
460 -1.3023342694980644
461 -1.2279582560674505
462 -1.1661134086366522
463 -0.7279880141835973
464 -1.007795037962984
465 -0.7408587825031551
466 -1.0489664318883987
467 -0.8831364639882748
468 -1.0169819522683357
469 -0.41423480575341143
470 -0.818635668534971
471 -0.05663378551861811
472 -1.0332542208994127
473 -1.2801312014121393
474 -0.8193233018441657
475 -0.9091040364558856
476 -0.7160427219079298
477 -0.6305975495055683
478 -0.7474812619527291
479 -0.6637165779881323
480 -0.6160121480853724
481 -0.9894967743844018
482 -0.9412936607185387
483 -1.0669194234123507
484 -0.799953764882397
485 -0.9677686686841481
486 -0.5462054655897579
487 -0.6436578108313715
488 -1.0862865914191926
489 -0.5368016784415294
490 -0.9892529624843934
491 -0.9469270699911136
492 -0.8412353131662046
493 -0.8324574626694354
494 -0.8620423828192404
495 -0.8597280205155845
496 -0.4353668176543472
497 -0.9400033021401372
498 -0.7641324584622715
499 -0.8348108910934884
500 -1.024380886587638
501 -0.9174773913707943
502 -0.790168856752681
503 -1.0746441132472513
504 -0.9521169981935992
505 -0.7738124300776404
506 -0.7859270970915171
507 -1.1370583249875812
508 -1.1070152579631312
509 -1.1531498757340362
510 -1.0859865909675512
511 -0.8101104046437684
512 -0.48518802470904027
513 -0.8656620904201562
514 -1.2291260983732804
515 -0.702147430988436
516 -0.5092932698433177
517 -1.2574520927692239
518 -0.9397046192125277
519 -0.7994288045398844
520 -1.1026325592160566
521 -0.5006951945624255
522 -0.9250908495753809
523 -0.7856333537363301
524 -0.9280949591420573
525 -0.7361678555230757
526 -0.9765792142002324
527 -0.9647134919832684
528 -0.9677017626157882
529 -1.2011083928912776
530 -1.2595456889510357
531 -0.7627266271538231
532 -1.288250630352583
533 -0.9636388148973444
534 -0.8074553655824951
535 -0.43020997184759663
536 -0.4159735880470944
537 -0.9822611151314803
538 -1.2698275902464684
539 -1.1191188965758747
540 -0.743014185027508
541 -0.9722394139651036
542 -1.0212236489548299
543 -0.6135506900087795
544 -0.3693392546912269
545 -0.6436899146899995
546 -0.37689085094752484
547 -0.6290749865566696
548 -0.5773913368324542
549 -0.884588009096707
550 -1.3400227570750842
551 -0.7851492271852255
552 -0.6615029592298365
553 -0.2722840268907623
554 -0.630902678425515
555 -0.8019006091011724
556 -0.5061454550776077
557 -0.9233196555344705
558 -0.8593690263115202
559 -0.3585169874699723
560 -0.443474703468696
561 -0.9310666491386655
562 -0.9996477087658373
563 -0.8258751122795605
564 -1.2121340568252388
565 -0.9960583069273176
566 -0.7062413019585767
567 -1.1223815911326933
568 -0.6814322556843515
569 -0.4187598803903863
570 -1.0871667306423374
571 -0.8737166761454173
572 -0.9659112010756707
573 -1.035141866109547
574 -0.7897453380214862
575 -0.7245289795009786
576 -1.2929455582024343
577 -1.1149243833574851
578 -0.8810986825239447
579 -0.846892988981156
580 -1.0723855895271377
581 -0.9875448509079443
582 -1.1340689171848568
583 -0.6985752189368055
584 -1.066125775703227
585 -0.45970712408503667
586 -0.7430443881654569
587 -0.7164608826962454
588 -0.7531423305662944
589 -0.9280742483136402
590 -0.886072372178718
591 -1.1593533809125267
592 -0.5236065258134143
593 -1.4467951278209352
594 -0.7921908982213338
595 -0.9090759341592141
596 -1.1605475407322108
597 -0.4868109527132735
598 -0.9422225829942835
599 -0.5543802330224716
600 -0.9676636241401974
601 -1.35378475191106
602 -1.0987417125021943
603 -1.193975031857274
604 -0.8643330944095193
605 -1.024031270023418
606 -0.654186880774759
607 -1.3715212568246966
608 -1.1022258919147376
609 -0.9320510084539875
610 -1.0250478941136307
611 -1.4023345483291865
612 -0.691107016201898
613 -1.0970171960653048
614 -0.7379067572765604
615 -0.896876758776601
616 -0.8705377841266562
617 -1.3525342540586194
618 -1.169609543334636
619 -0.3204029256788449
620 -0.8151953430087037
621 -0.8325138789454839
622 -1.209745785023737
623 -0.6452151875553506
624 -1.1036528973227135
625 -0.7640152878883463
626 -0.729838459063971
627 -0.936429422374898
628 -0.967145714251127
629 -0.5932695379576147
630 -1.1481182301084143
631 -1.1343774804384816
632 -1.050085266148813
633 -1.0907681866041568
634 -0.8059802210904692
635 -1.0514326028981633
636 -1.1580689450746875
637 -0.6298108152604059
638 -1.0291817250535293
639 -0.4734145258321871
640 -0.6545037660162167
641 -1.4278508324564654
642 -0.6537256879505736
643 -1.2395552938880754
644 -1.2831067510336254
645 -0.6698886976662644
646 -0.9272658772948984
647 -1.0310379384880546
648 -1.1531068306805086
649 -1.1617292112568438
650 -0.7886024782583889
651 -0.6222074718139343
652 -0.8928167852593895
653 -0.451671428489999
654 -0.9113738337271857
655 -0.8876917900408695
656 -1.0561160401578609
657 -0.9535167245478553
658 -0.9146407605032649
659 -0.5312277096104419
660 -1.09980240282366
661 -1.3205778965880872
662 -1.2085478663344036
663 -0.7439635528209899
664 -0.7701666958597571
665 -0.7597839005595323
666 -0.9931297623351856
667 -0.9137119484678276
668 -0.4527923532921539
669 -0.8930130697134271
670 -1.1544483873448854
671 -1.1712820414035219
672 -0.7277301824107744
673 -0.8283606018534033
674 -0.9439360894787275
675 -1.1424541336518959
676 -1.2443999699478316
677 -0.8367452590008191
678 -1.0392729201706643
679 -0.8307329816025493
680 -0.9712880147533616
681 -0.11906948425020084
682 -0.9799382335405689
683 -0.5109592025121806
684 -0.5926784705445063
685 -0.9500358824116857
686 -0.9153598668259666
687 -0.6860275180943493
688 -0.8781158990183097
689 -1.0844739667319854
690 -0.7892647411049638
691 -0.7968796920950979
692 -1.0504044520680076
693 -0.7847629350367469
694 -1.2585587389634803
695 -0.9734064867516037
696 -0.5883962365123928
697 -1.1642026145680513
698 -0.5657118315058772
699 -1.1083612876231141
700 -0.9555413197151116
701 -1.0781786967643596
702 -0.6569009955989393
703 -0.9149201646556938
704 -1.3120347203627825
705 -1.1460715232282677
706 -0.47451239572075743
707 -0.9961447796382507
708 -0.9881706322493403
709 -1.415800728482383
710 -0.8914133527268748
711 -0.8240707416548534
712 -1.0429799038819723
713 -1.2070496045835448
714 -0.8265199603574134
715 -1.0905444145118743
716 -0.966566407278929
717 -0.9401420567752234
718 -1.131007918049107
719 -1.0692827335946031
720 -0.4478936302819089
721 -1.2769386449022395
722 -1.0183460080693052
723 -0.8345233587864053
724 -0.9034926822231735
725 -0.8049148139187927
726 -1.0402463049689055
727 -0.9415199589669063
728 -1.354843706217938
729 -1.0893517261477301
730 -1.0890009234830633
731 -0.8596484242324804
732 -0.5157199906298123
733 -1.2562721327888817
734 -1.308293888401585
735 -1.0897989656224178
736 -0.5608868706230526
737 -1.0559386193925304
738 -0.7807774720520249
739 -0.6826968970897035
740 -1.0364396652453716
741 -0.49997370257013907
742 -0.6538687276851178
743 -1.0729709691138773
744 -0.1310246507450964
745 -1.1819312236750812
746 -0.9777358789881163
747 -1.0745593943142253
748 -1.2720885998794176
749 -0.7230070994293831
750 -0.9335125794600738
751 -0.8035671944643096
752 -1.0669267304014196
753 -0.4368222482185129
754 -0.9727394599813961
755 -0.9716157723555467
756 -1.0343891800704126
757 -0.8226649199891436
758 -0.8174476859783206
759 -1.1153197265373676
760 -0.7231539563424892
761 -1.0353754473397758
762 -0.6273923564923489
763 -0.9720058822020663
764 -0.9861199715850933
765 -0.9315614230514668
766 -0.9613574271681956
767 -0.6087321340106261
768 -0.7223044626003255
769 -0.9731689898918688
770 -0.7446002009434172
771 -0.9096352658859341
772 -1.1822460106570252
773 -0.8534342609430605
774 -0.7595515679463649
775 -0.7053364654955463
776 -0.7322177799307954
777 -0.964141129435516
778 -0.9345685204517953
779 -1.4412520750796078
780 -0.9116013177170329
781 -0.8192222214746728
782 -0.8185423424404253
783 -0.8787217590672651
784 -1.197862403767275
785 -0.7073278869116929
786 -0.7676062258648523
787 -0.7337475502454328
788 -1.0277155827689635
789 -1.2897581667392495
790 -1.0007079395779215
791 -0.7291405118967412
792 -0.6159237725994544
793 -0.5209947586716244
794 -1.0614565953098822
795 -1.2708139359970567
796 -1.3200832620429954
797 -1.05371506523613
798 -0.9876994499317249
799 -0.8005307534241701
800 -1.4164948426990565
801 -1.0099672098658612
802 -0.6778676158576726
803 -0.9428292305893519
804 -0.31463244697425435
805 -0.8299588515620614
806 -0.9298673941605101
807 -1.2505201510951691
808 -1.105012697925896
809 -0.8837739871656651
810 -0.9796475112015781
811 -1.020174316365419
812 -0.8615564790880776
813 -1.0625668052198758
814 -1.185332582852388
815 -1.1675964014990752
816 -1.04636369425283
817 -0.9277402725758773
818 -0.6841981189319548
819 -1.327152453437623
820 -1.2296560236137686
821 -0.8662690410628656
822 -0.9690146824762432
823 -0.675880881304679
824 -0.9147612597684736
825 -0.7882635287100554
826 -0.46945972898986726
827 -0.793169273743326
828 -0.6513172645671261
829 -0.8425516671507244
830 -0.6763473814071749
831 -0.7537294726102388
832 -0.5873587346194392
833 -0.28864543200879367
834 -1.0777862803234743
835 -1.1406617166442574
836 -1.2290382216509792
837 -1.1532455565254298
838 -0.8514179306674806
839 -0.9028891266556808
840 -1.1181095516070272
841 -1.0483045543883334
842 -0.5314099254535273
843 -0.3024686712902146
844 -1.2189932145555458
845 -0.9976781703767661
846 -0.7465201012911445
847 -0.8861930468121867
848 -0.5900964424421169
849 -0.861958766270412
850 -1.0873972123223117
851 -0.8841875905304144
852 -1.2271326342801523
853 -0.8929366193586071
854 -0.7458329785118685
855 -1.4465905741656586
856 -0.8144569514024537
857 -0.8952905161491457
858 -1.0821923816666554
859 -0.7886961893314742
860 -1.126408094957141
861 -0.9312609056406224
862 -0.3840632567545505
863 -1.2876616394905276
864 -1.1985695018069837
865 -0.4624373761313585
866 -0.5204710584423794
867 -0.3895123795688019
868 -0.8044347427181628
869 -0.735236672526963
870 -0.5026889863683887
871 -0.9442501234374651
872 -1.0804006654314444
873 -0.9672176373562149
874 -1.0770982602623644
875 -1.050267934302636
876 -0.9367507098272746
877 -1.1704721709531551
878 -0.9284260036302707
879 -0.9472281823529377
880 -1.0253645167890622
881 -0.9358766872552994
882 -0.8582140952912094
883 -1.3297970320995345
884 -1.3612717957973433
885 -0.9239949797601542
886 -0.9209514107545056
887 -0.6509616993706158
888 -0.8087533966350438
889 -0.23141822197728323
890 -1.1356796203670927
891 -0.6661260742651836
892 -0.7928545234701952
893 -0.8901605583671329
894 -0.9376556885995153
895 -0.9322327637825879
896 -0.8191168955919406
897 -1.0364564978811865
898 -1.2498361109219882
899 -0.994709764857721
900 -0.9836513761323213
901 -1.3201561793545784
902 -0.6292291453041519
903 -0.9969459950066691
904 -1.2353724764798029
905 -1.2306275249458412
906 -0.626464042742845
907 -1.2855506587758503
908 -0.9617098212813456
909 -0.8007982524674553
910 -1.0466005493995771
911 -1.2289275614752868
912 -0.3971176818600394
913 -0.6953774584328329
914 -0.8864894542348175
915 -1.1351267470117543
916 -0.9741279472460862
917 -0.5309800862933277
918 -0.8563606198266654
919 -0.718427419329154
920 -1.1194176916261498
921 -0.8897560792625666
922 -0.9429653698413089
923 -0.7834707018446926
924 -1.0534766589688493
925 -0.39864176238687477
926 -0.8315902551868802
927 -0.6208742054088615
928 -1.1041272247892229
929 -1.2238436412495206
930 -0.6343949006382733
931 -1.1896622368259677
932 -0.5141480223040857
933 -1.0642177056307487
934 -0.98986461499475
935 -0.5978625022581953
936 -1.3153091968332011
937 -1.2381273279724285
938 -0.6289807846143354
939 -1.2988059278887616
940 -0.349671743090071
941 -1.0367053279568497
942 -1.167951822208605
943 -0.9381934159029064
944 -0.955197811066628
945 -1.3059421593619536
946 -1.2132784483943206
947 -0.7778773003196374
948 -0.7894172838176022
949 -0.8732757740249046
950 -1.083827445789978
951 -1.0909357363794743
952 -1.2964621162235022
953 -1.0235867943030512
954 -1.3124778726723934
955 -0.8640013745506144
956 -0.902155621697857
957 -0.8292364395114604
958 -0.25967475493338094
959 -0.7813390247244285
960 -1.268163438909263
961 -0.9856202785474184
962 -0.9824460175889701
963 -0.8764899541758651
964 -1.1932666314369882
965 -0.7771071044226994
966 -1.3261887457668908
967 -1.0599205397712228
968 -1.0631150883945606
969 -0.40727067943058065
970 -0.6449304713000147
971 -1.0033886891900512
972 -0.7439669446172819
973 -0.8950351351995668
974 -0.43843596096930704
975 -0.646157195020455
976 -0.4894905594613846
977 -1.3568466784854207
978 -1.0152204606402722
979 -0.4010631310661442
980 -0.5998017187615939
981 -1.0905169428853407
982 -0.7184759337914554
983 -0.9500901695081351
984 -0.4725358753636995
985 -1.1707805005976037
986 -1.1102402825642252
987 -1.0136328080018628
988 -0.9632552733807629
989 -1.1780198771081343
990 -1.2317891941289276
991 -0.8910930198287184
992 -1.0969611734656242
993 -0.7316536163233864
994 -1.1194476491698375
995 -0.9297135975120093
996 -1.2837766588024937
997 -0.940151803101038
998 -1.0777537267957162
999 -1.0243640830824692
1000 -0.8738968622295212
