1 -1.904282600422441
2 -1.904282600422441
3 -1.904282600422441
4 -1.904282600422441
5 -1.904282600422441
6 -1.904282600422441
7 -1.904282600422441
8 -1.904282600422441
9 -1.904282600422441
10 -1.904282600422441
11 -1.904282600422441
12 -1.904282600422441
13 -1.904282600422441
14 -1.904282600422441
15 -1.904282600422441
16 -1.904282600422441
17 -1.904282600422441
18 -1.904282600422441
19 -1.904282600422441
20 -1.904282600422441
21 -1.904282600422441
22 -1.904282600422441
23 -1.904282600422441
24 -1.904282600422441
25 -1.904282600422441
26 -1.904282600422441
27 -1.904282600422441
28 -1.904282600422441
29 -1.904282600422441
30 -1.904282600422441
31 -1.904282600422441
32 -1.904282600422441
33 -1.904282600422441
34 -1.904282600422441
35 -1.904282600422441
36 -1.904282600422441
37 -1.904282600422441
38 -1.904282600422441
39 -1.904282600422441
40 -1.904282600422441
41 -1.904282600422441
42 -1.904282600422441
43 -1.904282600422441
44 -1.904282600422441
45 -1.904282600422441
46 -1.904282600422441
47 -1.904282600422441
48 -1.904282600422441
49 -1.904282600422441
50 -1.904282600422441
51 -1.904282600422441
52 -1.904282600422441
53 -1.904282600422441
54 -1.904282600422441
55 -1.904282600422441
56 -1.904282600422441
57 -1.904282600422441
58 -1.904282600422441
59 -1.904282600422441
60 -1.904282600422441
61 -1.904282600422441
62 -1.904282600422441
63 -1.904282600422441
64 -1.904282600422441
65 -1.904282600422441
66 -1.904282600422441
67 -1.904282600422441
68 -1.904282600422441
69 -1.904282600422441
70 -1.904282600422441
71 -1.904282600422441
72 -1.904282600422441
73 -1.904282600422441
74 -1.904282600422441
75 -1.904282600422441
76 -1.904282600422441
77 -1.904282600422441
78 -1.904282600422441
79 -1.904282600422441
80 -1.904282600422441
81 -1.904282600422441
82 -1.904282600422441
83 -1.904282600422441
84 -1.904282600422441
85 -1.904282600422441
86 -1.904282600422441
87 -1.904282600422441
88 -1.904282600422441
89 -1.904282600422441
90 -1.904282600422441
91 -1.904282600422441
92 -1.904282600422441
93 -1.904282600422441
94 -1.904282600422441
95 -1.904282600422441
96 -1.904282600422441
97 -1.904282600422441
98 -1.904282600422441
99 -1.904282600422441
100 -1.904282600422441
101 -1.904282600422441
102 -1.904282600422441
103 -1.904282600422441
104 -1.904282600422441
105 -1.904282600422441
106 -1.904282600422441
107 -1.904282600422441
108 -1.904282600422441
109 -1.904282600422441
110 -1.904282600422441
111 -1.904282600422441
112 -1.904282600422441
113 -1.904282600422441
114 -1.904282600422441
115 -1.904282600422441
116 -1.904282600422441
117 -1.904282600422441
118 -1.904282600422441
119 -1.904282600422441
120 -1.904282600422441
121 -1.904282600422441
122 -1.904282600422441
123 -1.904282600422441
124 -1.904282600422441
125 -1.904282600422441
126 -1.904282600422441
127 -1.904282600422441
128 -1.904282600422441
129 -1.904282600422441
130 -1.904282600422441
131 -1.904282600422441
132 -1.904282600422441
133 -1.904282600422441
134 -1.904282600422441
135 -1.904282600422441
136 -1.904282600422441
137 -1.904282600422441
138 -1.904282600422441
139 -1.904282600422441
140 -1.904282600422441
141 -1.904282600422441
142 -1.904282600422441
143 -1.904282600422441
144 -1.904282600422441
145 -1.904282600422441
146 -1.904282600422441
147 -1.904282600422441
148 -1.904282600422441
149 -1.904282600422441
150 -1.904282600422441
151 -1.904282600422441
152 -1.904282600422441
153 -1.904282600422441
154 -1.904282600422441
155 -1.904282600422441
156 -1.904282600422441
157 -1.904282600422441
158 -1.904282600422441
159 -1.904282600422441
160 -1.904282600422441
161 -1.904282600422441
162 -1.904282600422441
163 -1.904282600422441
164 -1.904282600422441
165 -1.904282600422441
166 -1.904282600422441
167 -1.904282600422441
168 -1.904282600422441
169 -1.904282600422441
170 -1.904282600422441
171 -1.904282600422441
172 -1.904282600422441
173 -1.904282600422441
174 -1.904282600422441
175 -1.904282600422441
176 -1.904282600422441
177 -1.904282600422441
178 -1.904282600422441
179 -1.904282600422441
180 -1.904282600422441
181 -1.904282600422441
182 -1.904282600422441
183 -1.904282600422441
184 -1.904282600422441
185 -1.904282600422441
186 -1.904282600422441
187 -1.904282600422441
188 -1.904282600422441
189 -1.904282600422441
190 -1.904282600422441
191 -1.904282600422441
192 -1.904282600422441
193 -1.904282600422441
194 -1.904282600422441
195 -1.904282600422441
196 -1.904282600422441
197 -1.904282600422441
198 -1.904282600422441
199 -1.904282600422441
200 -1.904282600422441
201 -1.904282600422441
202 -1.904282600422441
203 -1.904282600422441
204 -1.904282600422441
205 -1.904282600422441
206 -1.9087435383990083
207 -1.9087435383990083
208 -1.9087435383990083
209 -1.9087435383990083
210 -1.9087435383990083
211 -1.9087435383990083
212 -1.9087435383990083
213 -1.9087435383990083
214 -1.9087435383990083
215 -1.9087435383990083
216 -1.9087435383990083
217 -1.9087435383990083
218 -1.9087435383990083
219 -1.9087435383990083
220 -1.9087435383990083
221 -1.9087435383990083
222 -1.9087435383990083
223 -1.9087435383990083
224 -1.9087435383990083
225 -1.9087435383990083
226 -1.9087435383990083
227 -1.9087435383990083
228 -1.9087435383990083
229 -1.9087435383990083
230 -1.9087435383990083
231 -1.9087435383990083
232 -1.9087435383990083
233 -1.9087435383990083
234 -1.9087435383990083
235 -1.9087435383990083
236 -1.9087435383990083
237 -1.9087435383990083
238 -1.9087435383990083
239 -1.9087435383990083
240 -1.9087435383990083
241 -1.9087435383990083
242 -1.9087435383990083
243 -1.9087435383990083
244 -1.9087435383990083
245 -1.9087435383990083
246 -1.9087435383990083
247 -1.9087435383990083
248 -1.9087435383990083
249 -1.9087435383990083
250 -1.9087435383990083
251 -1.9087435383990083
252 -1.9087435383990083
253 -1.9087435383990083
254 -1.9087435383990083
255 -1.9087435383990083
256 -1.9087435383990083
257 -1.9087435383990083
258 -1.9087435383990083
259 -1.9087435383990083
260 -1.9087435383990083
261 -1.9087435383990083
262 -1.9087435383990083
263 -1.9087435383990083
264 -1.9087435383990083
265 -1.9087435383990083
266 -1.9087435383990083
267 -1.9087435383990083
268 -1.9087435383990083
269 -1.9087435383990083
270 -1.9087435383990083
271 -1.9087435383990083
272 -1.9087435383990083
273 -1.9087435383990083
274 -1.9087435383990083
275 -1.9087435383990083
276 -1.9087435383990083
277 -1.9087435383990083
278 -1.9087435383990083
279 -1.9087435383990083
280 -1.9087435383990083
281 -1.9087435383990083
282 -1.9087435383990083
283 -1.9087435383990083
284 -1.9087435383990083
285 -1.9087435383990083
286 -1.9087435383990083
287 -1.9087435383990083
288 -1.9087435383990083
289 -1.9087435383990083
290 -1.9087435383990083
291 -1.9087435383990083
292 -1.9087435383990083
293 -1.9087435383990083
294 -1.9087435383990083
295 -1.9087435383990083
296 -1.9087435383990083
297 -1.9087435383990083
298 -1.9087435383990083
299 -1.9087435383990083
300 -1.9087435383990083
301 -1.9087435383990083
302 -1.9087435383990083
303 -1.9087435383990083
304 -1.9087435383990083
305 -1.9087435383990083
306 -1.9087435383990083
307 -1.9087435383990083
308 -1.9087435383990083
309 -1.9087435383990083
310 -1.9087435383990083
311 -1.9087435383990083
312 -1.9087435383990083
313 -1.9087435383990083
314 -1.9087435383990083
315 -1.9087435383990083
316 -1.9087435383990083
317 -1.9087435383990083
318 -1.9087435383990083
319 -1.9087435383990083
320 -1.9087435383990083
321 -1.9087435383990083
322 -1.9087435383990083
323 -1.9087435383990083
324 -1.9087435383990083
325 -1.9087435383990083
326 -1.9087435383990083
327 -1.9087435383990083
328 -1.9087435383990083
329 -1.9087435383990083
330 -1.9087435383990083
331 -1.9087435383990083
332 -1.9087435383990083
333 -1.9087435383990083
334 -1.9087435383990083
335 -1.9087435383990083
336 -1.9087435383990083
337 -1.9087435383990083
338 -1.9087435383990083
339 -1.9087435383990083
340 -1.9087435383990083
341 -1.9087435383990083
342 -1.9087435383990083
343 -1.9093639085070002
344 -1.9093639085070002
345 -1.9093639085070002
346 -1.9093639085070002
347 -1.9093639085070002
348 -1.9093639085070002
349 -1.9093639085070002
350 -1.9093639085070002
351 -1.9093639085070002
352 -1.9093639085070002
353 -1.9093639085070002
354 -1.9093639085070002
355 -1.9093639085070002
356 -1.9093639085070002
357 -1.9093639085070002
358 -1.9093639085070002
359 -1.9093639085070002
360 -1.9093639085070002
361 -1.9093639085070002
362 -1.9093639085070002
363 -1.9093639085070002
364 -1.9093639085070002
365 -1.9093639085070002
366 -1.9093639085070002
367 -1.9093639085070002
368 -1.9093639085070002
369 -1.9093639085070002
370 -1.9093639085070002
371 -1.9093639085070002
372 -1.9093639085070002
373 -1.9093639085070002
374 -1.9093639085070002
375 -1.9093639085070002
376 -1.9093639085070002
377 -1.9093639085070002
378 -1.9093639085070002
379 -1.9093639085070002
380 -1.9093639085070002
381 -1.9093639085070002
382 -1.9093639085070002
383 -1.9093639085070002
384 -1.9093639085070002
385 -1.9093639085070002
386 -1.9093639085070002
387 -1.9093639085070002
388 -1.9093639085070002
389 -1.9093639085070002
390 -1.9093639085070002
391 -1.9093639085070002
392 -1.9093639085070002
393 -1.9093639085070002
394 -1.9093639085070002
395 -1.9093639085070002
396 -1.9093639085070002
397 -1.9093639085070002
398 -1.9093639085070002
399 -1.9093639085070002
400 -1.9093639085070002
401 -1.9093639085070002
402 -1.9093639085070002
403 -1.9093639085070002
404 -1.9093639085070002
405 -1.9093639085070002
406 -1.9093639085070002
407 -1.9093639085070002
408 -1.9093639085070002
409 -1.9093639085070002
410 -1.9093639085070002
411 -1.9093639085070002
412 -1.9093639085070002
413 -1.9093639085070002
414 -1.9093639085070002
415 -1.9093639085070002
416 -1.9093639085070002
417 -1.9093639085070002
418 -1.9093639085070002
419 -1.9093639085070002
420 -1.9093639085070002
421 -1.9093639085070002
422 -1.9093639085070002
423 -1.9093639085070002
424 -1.9093639085070002
425 -1.9093639085070002
426 -1.9093639085070002
427 -1.9093639085070002
428 -1.9093639085070002
429 -1.9093639085070002
430 -1.9093639085070002
431 -1.9093639085070002
432 -1.9093639085070002
433 -1.9093639085070002
434 -1.9093639085070002
435 -1.9093639085070002
436 -1.9093639085070002
437 -1.9093639085070002
438 -1.9093639085070002
439 -1.9093639085070002
440 -1.9093639085070002
441 -1.9093639085070002
442 -1.9093639085070002
443 -1.9093639085070002
444 -1.9093639085070002
445 -1.9093639085070002
446 -1.9093639085070002
447 -1.9093639085070002
448 -1.9093639085070002
449 -1.9093639085070002
450 -1.9093639085070002
451 -1.9093639085070002
452 -1.9093639085070002
453 -1.9093639085070002
454 -1.9093639085070002
455 -1.9093639085070002
456 -1.9093639085070002
457 -1.9096236742393535
458 -1.9096236742393535
459 -1.9096236742393535
460 -1.9096236742393535
461 -1.9096236742393535
462 -1.9096236742393535
463 -1.9096236742393535
464 -1.9096236742393535
465 -1.9096236742393535
466 -1.9096236742393535
467 -1.9096236742393535
468 -1.9096236742393535
469 -1.9096236742393535
470 -1.9096236742393535
471 -1.9096236742393535
472 -1.9096236742393535
473 -1.9096236742393535
474 -1.9096236742393535
475 -1.9096236742393535
476 -1.9096236742393535
477 -1.9096236742393535
478 -1.9096236742393535
479 -1.9096236742393535
480 -1.9096236742393535
481 -1.9096236742393535
482 -1.9096236742393535
483 -1.9096236742393535
484 -1.9096236742393535
485 -1.9096236742393535
486 -1.9096236742393535
487 -1.9096236742393535
488 -1.9096236742393535
489 -1.9096236742393535
490 -1.9096236742393535
491 -1.9096236742393535
492 -1.9096236742393535
493 -1.9096236742393535
494 -1.9096236742393535
495 -1.9096236742393535
496 -1.9096236742393535
497 -1.9096236742393535
498 -1.9096236742393535
499 -1.9096236742393535
500 -1.9096236742393535
501 -1.9096236742393535
502 -1.9096236742393535
503 -1.9096236742393535
504 -1.9096236742393535
505 -1.9096236742393535
506 -1.9096236742393535
507 -1.9096236742393535
508 -1.9096236742393535
509 -1.9096236742393535
510 -1.9096236742393535
511 -1.9096236742393535
512 -1.9096236742393535
513 -1.9096236742393535
514 -1.9096236742393535
515 -1.9096236742393535
516 -1.9096236742393535
517 -1.9096236742393535
518 -1.9096236742393535
519 -1.9096236742393535
520 -1.9096236742393535
521 -1.9096236742393535
522 -1.9096236742393535
523 -1.9096236742393535
524 -1.9096236742393535
525 -1.9096236742393535
526 -1.9096236742393535
527 -1.9096236742393535
528 -1.9096236742393535
529 -1.9096236742393535
530 -1.9096236742393535
531 -1.9096236742393535
532 -1.9096236742393535
533 -1.9096236742393535
534 -1.9096236742393535
535 -1.9096236742393535
536 -1.9096236742393535
537 -1.9096236742393535
538 -1.9096236742393535
539 -1.9096236742393535
540 -1.9096236742393535
541 -1.9096236742393535
542 -1.9096236742393535
543 -1.9096236742393535
544 -1.9096236742393535
545 -1.9096236742393535
546 -1.9096236742393535
547 -1.9096236742393535
548 -1.9096236742393535
549 -1.9096236742393535
550 -1.9096236742393535
551 -1.9096236742393535
552 -1.9096236742393535
553 -1.9096236742393535
554 -1.9096236742393535
555 -1.9096236742393535
556 -1.9096236742393535
557 -1.9096236742393535
558 -1.9096236742393535
559 -1.9096236742393535
560 -1.9096236742393535
561 -1.9096236742393535
562 -1.9096236742393535
563 -1.9096236742393535
564 -1.9096236742393535
565 -1.9096236742393535
566 -1.9096236742393535
567 -1.9096236742393535
568 -1.9096236742393535
569 -1.9096236742393535
570 -1.9096236742393535
571 -1.9096236742393535
572 -1.9096236742393535
573 -1.9096236742393535
574 -1.9096236742393535
575 -1.9096236742393535
576 -1.9096236742393535
577 -1.9096236742393535
578 -1.9096236742393535
579 -1.9096236742393535
580 -1.9096236742393535
581 -1.9096236742393535
582 -1.9096236742393535
583 -1.9096236742393535
584 -1.9096236742393535
585 -1.9096236742393535
586 -1.9096236742393535
587 -1.9096236742393535
588 -1.9096236742393535
589 -1.9096236742393535
590 -1.9096236742393535
591 -1.9096236742393535
592 -1.9096236742393535
593 -1.9096236742393535
594 -1.9096236742393535
595 -1.9096236742393535
596 -1.9096236742393535
597 -1.9096236742393535
598 -1.9096236742393535
599 -1.9096236742393535
600 -1.9096236742393535
601 -1.9096236742393535
602 -1.9096236742393535
603 -1.9096236742393535
604 -1.9096236742393535
605 -1.9096236742393535
606 -1.9096236742393535
607 -1.9096236742393535
608 -1.9096236742393535
609 -1.9096236742393535
610 -1.9096236742393535
611 -1.9096236742393535
612 -1.9096236742393535
613 -1.9096236742393535
614 -1.9096236742393535
615 -1.9096236742393535
616 -1.9096236742393535
617 -1.9096236742393535
618 -1.9096236742393535
619 -1.9096236742393535
620 -1.9096236742393535
621 -1.9096236742393535
622 -1.9096236742393535
623 -1.9096236742393535
624 -1.9096236742393535
625 -1.9096236742393535
626 -1.9096236742393535
627 -1.9096236742393535
628 -1.9096236742393535
629 -1.9096236742393535
630 -1.9096236742393535
631 -1.9096236742393535
632 -1.9096236742393535
633 -1.9096236742393535
634 -1.9096236742393535
635 -1.9096236742393535
636 -1.9096236742393535
637 -1.9096236742393535
638 -1.9096236742393535
639 -1.9096236742393535
640 -1.9096236742393535
641 -1.9096236742393535
642 -1.9096236742393535
643 -1.9096236742393535
644 -1.9096236742393535
645 -1.9096236742393535
646 -1.9096236742393535
647 -1.9096236742393535
648 -1.9096236742393535
649 -1.9096236742393535
650 -1.9096236742393535
651 -1.9096236742393535
652 -1.9096236742393535
653 -1.9096236742393535
654 -1.9096236742393535
655 -1.9096236742393535
656 -1.9096236742393535
657 -1.9096236742393535
658 -1.9096236742393535
659 -1.9096236742393535
660 -1.9096236742393535
661 -1.9096236742393535
662 -1.9096236742393535
663 -1.9096236742393535
664 -1.9096236742393535
665 -1.9096236742393535
666 -1.9096236742393535
667 -1.9096236742393535
668 -1.9096236742393535
669 -1.9096236742393535
670 -1.9096236742393535
671 -1.9096236742393535
672 -1.9096236742393535
673 -1.9096236742393535
674 -1.9096236742393535
675 -1.9096236742393535
676 -1.9096236742393535
677 -1.9096236742393535
678 -1.9096236742393535
679 -1.9096236742393535
680 -1.9096236742393535
681 -1.9096236742393535
682 -1.9096236742393535
683 -1.9096236742393535
684 -1.9096236742393535
685 -1.9096236742393535
686 -1.9096236742393535
687 -1.9096236742393535
688 -1.9096236742393535
689 -1.9096236742393535
690 -1.9096236742393535
691 -1.9096236742393535
692 -1.9096236742393535
693 -1.9096236742393535
694 -1.9096236742393535
695 -1.9096236742393535
696 -1.9096236742393535
697 -1.9096236742393535
698 -1.9096236742393535
699 -1.9096236742393535
700 -1.9096236742393535
701 -1.9096236742393535
702 -1.9096236742393535
703 -1.9096236742393535
704 -1.9096236742393535
705 -1.9096236742393535
706 -1.9096236742393535
707 -1.9096236742393535
708 -1.9096236742393535
709 -1.9096236742393535
710 -1.9096236742393535
711 -1.9096236742393535
712 -1.9096236742393535
713 -1.9096236742393535
714 -1.9096236742393535
715 -1.9096236742393535
716 -1.9096236742393535
717 -1.9096236742393535
718 -1.9096236742393535
719 -1.9096236742393535
720 -1.9096236742393535
721 -1.9128500401704294
722 -1.9128500401704294
723 -1.9128500401704294
724 -1.9128500401704294
725 -1.9128500401704294
726 -1.9128500401704294
727 -1.9128500401704294
728 -1.9128500401704294
729 -1.9128500401704294
730 -1.9128500401704294
731 -1.9128500401704294
732 -1.9128500401704294
733 -1.9128500401704294
734 -1.9128500401704294
735 -1.9128500401704294
736 -1.9128500401704294
737 -1.9128500401704294
738 -1.9128500401704294
739 -1.9128500401704294
740 -1.9128500401704294
741 -1.9128500401704294
742 -1.9128500401704294
743 -1.9128500401704294
744 -1.9128500401704294
745 -1.9128500401704294
746 -1.9128500401704294
747 -1.9128500401704294
748 -1.9128500401704294
749 -1.9128500401704294
750 -1.9128500401704294
751 -1.9128500401704294
752 -1.9128500401704294
753 -1.9128500401704294
754 -1.9128500401704294
755 -1.9128500401704294
756 -1.9128500401704294
757 -1.9128500401704294
758 -1.9128500401704294
759 -1.9128500401704294
760 -1.9128500401704294
761 -1.9128500401704294
762 -1.9128500401704294
763 -1.9128500401704294
764 -1.9128500401704294
765 -1.9128500401704294
766 -1.9128500401704294
767 -1.9128500401704294
768 -1.9128500401704294
769 -1.9128500401704294
770 -1.9128500401704294
771 -1.9128500401704294
772 -1.9128500401704294
773 -1.9128500401704294
774 -1.9128500401704294
775 -1.9128500401704294
776 -1.9128500401704294
777 -1.9128500401704294
778 -1.9128500401704294
779 -1.9128500401704294
780 -1.9128500401704294
781 -1.9128500401704294
782 -1.9128500401704294
783 -1.9128500401704294
784 -1.9128500401704294
785 -1.9128500401704294
786 -1.9128500401704294
787 -1.9128500401704294
788 -1.9128500401704294
789 -1.9128500401704294
790 -1.9128500401704294
791 -1.9128500401704294
792 -1.9128500401704294
793 -1.9128500401704294
794 -1.9128500401704294
795 -1.9128500401704294
796 -1.9128500401704294
797 -1.9128500401704294
798 -1.9128500401704294
799 -1.9128500401704294
800 -1.9128500401704294
801 -1.9128500401704294
802 -1.9128500401704294
803 -1.9128500401704294
804 -1.9128500401704294
805 -1.9128500401704294
806 -1.9128500401704294
807 -1.9128500401704294
808 -1.9128500401704294
809 -1.9128500401704294
810 -1.9128500401704294
811 -1.9128500401704294
812 -1.9128500401704294
813 -1.9128500401704294
814 -1.9128500401704294
815 -1.9128500401704294
816 -1.9128500401704294
817 -1.9128500401704294
818 -1.9128500401704294
819 -1.9128500401704294
820 -1.9128500401704294
821 -1.9128500401704294
822 -1.9128500401704294
823 -1.9128500401704294
824 -1.9128500401704294
825 -1.9128500401704294
826 -1.9128500401704294
827 -1.9128500401704294
828 -1.9128500401704294
829 -1.9128500401704294
830 -1.9128500401704294
831 -1.9128500401704294
832 -1.9128500401704294
833 -1.9128500401704294
834 -1.9128500401704294
835 -1.9128500401704294
836 -1.9128500401704294
837 -1.9128500401704294
838 -1.9128500401704294
839 -1.9128500401704294
840 -1.9128500401704294
841 -1.9128500401704294
842 -1.9128500401704294
843 -1.9128500401704294
844 -1.9128500401704294
845 -1.9128500401704294
846 -1.9128500401704294
847 -1.9128500401704294
848 -1.9128500401704294
849 -1.9128500401704294
850 -1.9128500401704294
851 -1.9128500401704294
852 -1.9128500401704294
853 -1.9128500401704294
854 -1.9128500401704294
855 -1.9128500401704294
856 -1.9128500401704294
857 -1.9128500401704294
858 -1.9128500401704294
859 -1.9128500401704294
860 -1.9128500401704294
861 -1.9128500401704294
862 -1.9128500401704294
863 -1.9128500401704294
864 -1.9128500401704294
865 -1.9128500401704294
866 -1.9128500401704294
867 -1.9128500401704294
868 -1.9128500401704294
869 -1.9128500401704294
870 -1.9128500401704294
871 -1.9128500401704294
872 -1.9128500401704294
873 -1.9128500401704294
874 -1.9128500401704294
875 -1.9128500401704294
876 -1.9128500401704294
877 -1.9128500401704294
878 -1.9128500401704294
879 -1.9128500401704294
880 -1.9128500401704294
881 -1.9128500401704294
882 -1.9128500401704294
883 -1.9128500401704294
884 -1.9128500401704294
885 -1.9128500401704294
886 -1.9128500401704294
887 -1.9128500401704294
888 -1.9128500401704294
889 -1.9128500401704294
890 -1.9128500401704294
891 -1.9128500401704294
892 -1.9128500401704294
893 -1.9128500401704294
894 -1.9128500401704294
895 -1.9128500401704294
896 -1.9128500401704294
897 -1.9128500401704294
898 -1.9128500401704294
899 -1.9128500401704294
900 -1.9128500401704294
901 -1.9128500401704294
902 -1.9128500401704294
903 -1.9128500401704294
904 -1.9128500401704294
905 -1.9128500401704294
906 -1.9128500401704294
907 -1.9128500401704294
908 -1.9128500401704294
909 -1.9128500401704294
910 -1.9128500401704294
911 -1.9128500401704294
912 -1.9128500401704294
913 -1.9128500401704294
914 -1.9128500401704294
915 -1.9128500401704294
916 -1.9128500401704294
917 -1.9128500401704294
918 -1.9128500401704294
919 -1.9128500401704294
920 -1.9128500401704294
921 -1.9128500401704294
922 -1.9128500401704294
923 -1.9128500401704294
924 -1.9128500401704294
925 -1.9128500401704294
926 -1.9128500401704294
927 -1.9128500401704294
928 -1.9128500401704294
929 -1.9128500401704294
930 -1.9128500401704294
931 -1.9128500401704294
932 -1.9128500401704294
933 -1.9128500401704294
934 -1.9128500401704294
935 -1.9128500401704294
936 -1.9128500401704294
937 -1.9128500401704294
938 -1.9128500401704294
939 -1.9128500401704294
940 -1.9128500401704294
941 -1.9128500401704294
942 -1.9128500401704294
943 -1.9128500401704294
944 -1.9128500401704294
945 -1.9128500401704294
946 -1.9128500401704294
947 -1.9128500401704294
948 -1.9128500401704294
949 -1.9128500401704294
950 -1.9128500401704294
951 -1.9128500401704294
952 -1.9128500401704294
953 -1.9128500401704294
954 -1.9128500401704294
955 -1.9128500401704294
956 -1.9128500401704294
957 -1.9128500401704294
958 -1.9128500401704294
959 -1.9128500401704294
960 -1.9128500401704294
961 -1.9128500401704294
962 -1.9128500401704294
963 -1.9128500401704294
964 -1.9128500401704294
965 -1.9128500401704294
966 -1.9128500401704294
967 -1.9128500401704294
968 -1.9128500401704294
969 -1.9128500401704294
970 -1.9128500401704294
971 -1.9128500401704294
972 -1.9128500401704294
973 -1.9128500401704294
974 -1.9128500401704294
975 -1.9128500401704294
976 -1.9128500401704294
977 -1.9128500401704294
978 -1.9128500401704294
979 -1.9128500401704294
980 -1.9128500401704294
981 -1.9128500401704294
982 -1.9128500401704294
983 -1.9128500401704294
984 -1.9128500401704294
985 -1.9128500401704294
986 -1.9128500401704294
987 -1.9128500401704294
988 -1.9128500401704294
989 -1.9128500401704294
990 -1.9128500401704294
991 -1.9128500401704294
992 -1.9128500401704294
993 -1.9128500401704294
994 -1.9128500401704294
995 -1.9128500401704294
996 -1.9128500401704294
997 -1.9128500401704294
998 -1.9128500401704294
999 -1.9128500401704294
1000 -1.9128500401704294
