1 4.938698255049502
2 4.8148297235160324
3 3.8692028274817045
4 2.946544340450153
5 3.8442674868352884
6 2.9788580590759923
7 2.2571976035924246
8 2.7527126561940674
9 4.411137835708951
10 2.7911525186107244
11 4.564110636811613
12 4.49797485935129
13 3.5860623127441467
14 4.5321423517480035
15 5.458318186111491
16 5.203267150567109
17 2.160756638649079
18 2.86902489045948
19 3.4191462246879367
20 2.692968989379922
21 4.996129013401836
22 2.934151840504819
23 2.802801775707266
24 3.7327960028398834
25 2.284589729142289
26 2.34689394873407
27 4.947089837608665
28 2.331407366228066
29 2.7011441804939063
30 3.1537696067237473
31 2.8428811664239286
32 5.226557238927421
33 2.748074194010096
34 2.6454232317161948
35 4.097193692451885
36 2.5120765869902932
37 4.797565969614257
38 2.052112958265034
39 5.093688512628746
40 4.961782335235518
41 4.1439727797182995
42 2.7288710164559404
43 3.119908544882985
44 3.3151667725957568
45 2.975535794556012
46 4.380372830933487
47 1.6494733723651374
48 3.967944798412008
49 3.327062396363557
50 1.4383354398637485
51 3.2049524606024087
52 2.3750647887609038
53 4.835423461800776
54 2.4212915319815527
55 2.2807379210421534
56 3.9509100230580585
57 2.9633424160373134
58 2.708288323982992
59 4.284502617440255
60 2.3137369192746258
61 5.01579843329914
62 4.80759192072737
63 3.8657698605921684
64 2.6632872747332073
65 3.940264267675207
66 3.704589965621997
67 1.8689825823228996
68 3.1823736988767792
69 5.935944147184187
70 3.110803840944965
71 3.0248868809207266
72 2.573683091984332
73 3.356454601881998
74 4.2410364107129475
75 2.783170411470474
76 4.320507461041552
77 3.691407785845401
78 5.44273085717816
79 3.497051156974642
80 2.235768067838183
81 2.5648781366512643
82 4.250346266695653
83 2.766823833728265
84 2.0402839276750346
85 4.416850708035344
86 3.5139789287042036
87 3.784418682167922
88 4.626540656806285
89 3.561313481865224
90 3.956684069225023
91 4.769394872141004
92 3.4344233035491563
93 3.2739066249251696
94 5.627619795241122
95 4.145608776359666
96 5.752234453203684
97 1.2958080157771212
98 1.8186326144856924
99 3.3937790468571527
100 3.5347195445592536
101 3.950370363595521
102 4.779409187668467
103 2.218233199176907
104 3.168934761257431
105 2.205707254697451
106 3.472519229023502
107 3.671126790528263
108 3.41653122866012
109 2.2198968808610906
110 3.7230598571924727
111 3.7375142926278464
112 4.227977569647726
113 4.1179125477431455
114 4.979113405350482
115 4.714883669916169
116 4.1820931144082945
117 3.687138224293695
118 2.2401223461855673
119 1.3293386722399123
120 3.4157472515736393
121 4.37862864774745
122 4.992726633235555
123 3.899101766699705
124 4.913442001325144
125 4.0083333304076625
126 3.446379779343628
127 2.538083421963406
128 1.3323378453024455
129 4.57435174947034
130 1.4948339009989005
131 3.0013293163858896
132 4.4151783410010195
133 4.9323587619811375
134 2.679935608249283
135 2.787995590337955
136 2.9172890366912916
137 3.6493805096800638
138 4.694083401807899
139 2.533005740794253
140 4.87943786508743
141 4.835124929984128
142 2.8077888878345614
143 3.1278413778537275
144 3.1913086483828326
145 4.772246394991433
146 2.4153532490207943
147 2.9727822449306056
148 4.17385900012917
149 4.813128044786478
150 4.501216588551512
151 3.3009438544794354
152 5.230860850986723
153 5.840535670772188
154 4.563945888792694
155 4.171485165612994
156 4.774558693665478
157 5.057445332629267
158 3.0888490365673786
159 3.2837996390693474
160 5.347893858347669
161 2.8317059084864007
162 4.287131170008522
163 2.977553399886459
164 3.432088178992479
165 4.506435931998124
166 4.654571180804011
167 3.344443346737589
168 4.319017126804296
169 4.137528373666515
170 3.236463354009004
171 2.39849583253254
172 3.897425723049719
173 4.707608270719587
174 1.9148856939634469
175 3.1587560139316926
176 5.008469706799638
177 2.700727951418292
178 3.7082714886362758
179 1.6218621244482627
180 3.5439643093922517
181 3.851342943255919
182 2.704406603102032
183 2.396953243315144
184 4.487663545539036
185 2.2340046521674526
186 3.003428946383716
187 4.181162290507612
188 3.2692516548709927
189 4.398399157319193
190 3.185247903937706
191 3.467218200986028
192 4.897646929094291
193 2.714663786065064
194 2.0839483525691116
195 2.420539907344475
196 4.206728263234477
197 3.0417613630220752
198 3.2806800658746202
199 3.1172836208170707
200 3.6707581390007427
201 3.236238540289918
202 4.0343020347492935
203 4.089018507056218
204 4.541606277768914
205 5.064734637646185
206 3.402009182829597
207 2.312796589675794
208 3.0261140800357396
209 2.785091782293423
210 5.5250657628420985
211 3.5976067254832014
212 4.357043332820398
213 1.5350283779924612
214 6.235035288694883
215 4.807399275704118
216 3.6520112513896414
217 5.5036734962444305
218 4.1215662647116
219 4.646305784069018
220 4.022829298966708
221 1.5916917273202036
222 2.3674367906052436
223 2.928524099731449
224 2.811058735252909
225 4.464453994373206
226 2.604751540777478
227 3.1683339652365374
228 3.827703392857144
229 4.836409084380139
230 2.775844332315333
231 2.998229082354103
232 4.644117675701973
233 2.741944130551518
234 1.8062231479691984
235 2.2920117127900026
236 3.3815063365421096
237 4.178695007559647
238 2.71644881720264
239 3.1528443196793887
240 4.674256004969933
241 5.610780249411248
242 3.472237043473237
243 1.330585843555738
244 2.1278451327471553
245 2.557131221714952
246 4.415559700495709
247 3.0769133336784447
248 3.3483909631170055
249 2.617644705551002
250 5.3931888994734445
251 2.8251482290362087
252 3.8785103222509805
253 4.707812599758141
254 2.1813383788218865
255 4.544169169272462
256 3.8530726320850675
257 3.5366971614065807
258 2.05114764047593
259 2.300055112624214
260 4.252849151043923
261 3.7934277542355246
262 2.36130198578429
263 3.387461823183281
264 3.8239083514380856
265 5.791443369216163
266 5.160386750721097
267 1.5205860888886011
268 3.206212084805075
269 2.909552927778409
270 3.9002456767782423
271 3.5448793216074677
272 4.1869427634946215
273 2.16436942316689
274 3.648184267508096
275 4.903196616489378
276 3.5846887520918775
277 2.984224288243412
278 3.661935783210371
279 4.188563460514041
280 4.486105445719707
281 5.112319793627186
282 6.067335925772399
283 4.292347583490491
284 2.8537821492693873
285 5.285794905769045
286 3.932396768044554
287 3.8930263264773846
288 1.3027182481040531
289 2.389120890284985
290 1.7877528439732941
291 1.884996579740346
292 3.7413536713998554
293 3.402851102240892
294 4.60790401408771
295 3.368621214429499
296 1.588150151307551
297 2.690440461599961
298 3.4392763186896693
299 4.686019447676581
300 3.462263560936375
301 1.6827218375174255
302 3.9563003187043613
303 3.6596839939144266
304 1.6724013321155693
305 2.0245689088173977
306 3.1482691196570256
307 4.099614342440256
308 3.993750278690987
309 2.869424885243853
310 3.1706645468379238
311 3.457642761588991
312 2.282490683511541
313 5.688481455338912
314 4.108543267359021
315 3.6561778191827474
316 2.7310468123724783
317 2.4620401591722874
318 5.417524692596834
319 3.8274543209140917
320 3.5398024748725176
321 4.042349500685878
322 2.813993415587682
323 4.7051175324790835
324 2.9351275244067416
325 3.6701982309080488
326 3.4692182767030983
327 4.129964044798758
328 4.160466804475385
329 2.6391618477006875
330 3.88545022682989
331 4.421477780153291
332 2.8313682800272932
333 4.740033267723398
334 4.228238408652379
335 4.635307179957341
336 4.084962005232534
337 3.183067466518228
338 3.2232214597631264
339 3.8784967519510136
340 1.5619481535802229
341 3.3826160917031634
342 4.026038668581685
343 2.849918217177422
344 3.5323649020902628
345 2.8114766956441684
346 5.060336631472702
347 3.7355747450034182
348 3.940792885840069
349 2.78698557155589
350 5.3714703676372375
351 2.725383223275571
352 2.3336879970241253
353 2.2610904926453492
354 2.2549451931674054
355 5.045761932481473
356 2.3657430732588236
357 5.2248221675162085
358 1.7332329607264256
359 4.110044329500475
360 3.5051409127963638
361 3.75883055761334
362 3.7932391607665252
363 1.8650323095052572
364 3.6878099241092728
365 2.322424714691955
366 2.1169042305200807
367 3.6281912904857356
368 2.1105707217209164
369 3.1045244912017487
370 3.7684523019090386
371 3.3546926447363123
372 5.2807392497998915
373 2.115448076887308
374 2.9360012930356545
375 3.772320811265559
376 5.584061745320902
377 4.045539300125566
378 3.519509677556081
379 3.3919906016437307
380 3.329552091094885
381 2.1470822122891007
382 4.656071102734621
383 2.8232794060233806
384 2.7890529640912103
385 2.2738155165559757
386 3.704537581852234
387 2.6508596140638416
388 2.9775650659623647
389 2.7339202555509226
390 1.7119009635006208
391 3.9230789717990686
392 3.058567453154772
393 3.869849785409401
394 2.8087731153950704
395 4.26899349008927
396 4.301647787139969
397 3.7867329272971166
398 2.383957323304324
399 5.583246055271248
400 3.4532506622556087
401 6.088692562573405
402 2.734284979947271
403 3.4106567638403336
404 3.3616172125535138
405 3.5040585438777687
406 3.7296989439298263
407 5.1097030216978325
408 4.557005797330527
409 4.099479281649481
410 2.437175393386512
411 2.811271044899824
412 5.322956960717944
413 3.5234686391933585
414 4.1333392974409096
415 1.8745490853358955
416 3.592299257893297
417 4.206146004951423
418 3.1756869788812687
419 3.73987872653245
420 1.7006763713087067
421 3.954261050576239
422 4.299248023783386
423 2.2923951992168647
424 4.607254399274416
425 3.4024433643125556
426 2.0419149026006758
427 3.000291079838688
428 2.4870817792995683
429 3.39593783623768
430 4.314258574956788
431 2.821734513490657
432 3.014718433124527
433 2.144113152044311
434 3.182003795547825
435 2.248724780394225
436 1.9081378428445703
437 1.638363464272966
438 4.779388762931101
439 3.3274215880813203
440 4.416846064898295
441 3.7124152212958417
442 4.5699248950452525
443 3.3656209169648483
444 2.736937465345603
445 4.40366551795929
446 1.2994958859794539
447 3.871869436959899
448 4.661333778164476
449 4.694299566330062
450 1.4057487140473954
451 5.000729136372902
452 3.9383155614379706
453 2.221067469450724
454 3.5664984838871936
455 2.2737577683214405
456 4.92380410870702
457 3.167489768365408
458 2.881234324237993
459 4.203071796414203
460 1.8823159839819261
461 2.416246523508166
462 2.8227499050140508
463 3.986705844753266
464 3.271721878213043
465 3.5122915310890765
466 3.101684250244145
467 3.3862859035007764
468 2.8809556897343693
469 5.069211125903276
470 4.269910940084619
471 5.918924765716084
472 2.71353429054505
473 2.5127017562165914
474 3.6744787596593063
475 3.462716634398827
476 4.30691666640292
477 4.614882340067599
478 3.929273186648072
479 4.67465736922399
480 4.637154104500882
481 3.3371372745881347
482 3.4351098723510862
483 2.707962039162436
484 4.315409583528498
485 2.976939846959437
486 4.56724727551263
487 4.0857468934222085
488 2.4590580652575245
489 4.785717411342736
490 3.210523069362889
491 2.9761923313777348
492 4.242982111130102
493 3.569704771792508
494 3.8608518646470387
495 3.8876932435503178
496 5.259321121755004
497 3.280237343652462
498 4.790535419216295
499 4.187961726274071
500 2.5674161010959216
501 3.153097514704531
502 4.068400520231155
503 2.561037354312242
504 3.083730277560372
505 3.5441254963581983
506 4.053757337602298
507 2.652376788602241
508 3.2934634450031814
509 2.056539489468615
510 2.451727031956362
511 3.60353195518691
512 4.80638688117695
513 4.078123399952061
514 2.2678267606537847
515 4.245479792393054
516 4.672123088592455
517 1.9374719874195225
518 3.4278451780983437
519 4.353809906887298
520 2.8085717498678155
521 4.673983779944247
522 3.12717057735423
523 3.9858847328315115
524 3.2946701448865827
525 4.254214373859331
526 3.2325656398844367
527 3.8829476136474774
528 3.6146867778029006
529 2.4725395793077327
530 2.2688312862831137
531 4.455525330581453
532 1.9956217048919647
533 3.177618534235016
534 4.2129226630782535
535 4.696986701831435
536 5.577350907864939
537 2.772254043222494
538 1.7825558290266212
539 2.6065407695712026
540 4.184735912634133
541 2.770303802928345
542 3.300825811830336
543 4.88842893601384
544 5.746431433596443
545 5.205290307412934
546 5.469151006085665
547 4.589728134374934
548 4.3623552535757835
549 3.4169788314394247
550 1.8675392872170988
551 3.793191759673385
552 4.447539325647173
553 6.1395043196946295
554 4.766969795666353
555 4.047232284440557
556 4.832291950730609
557 3.339906127739543
558 3.6607270907075042
559 5.456565799862076
560 4.937350483909089
561 3.119382341198327
562 2.987367388778909
563 3.719642062462206
564 2.0879467702564614
565 3.7366732418455078
566 4.352837612813239
567 3.603713643775745
568 3.9964279236589433
569 5.089828353656505
570 2.859592681828127
571 4.753151163566562
572 3.5866085616925294
573 3.0912061039321164
574 4.373725785778247
575 4.208468230738692
576 2.145514860051489
577 2.356158134197894
578 4.187692390621799
579 4.193897395850357
580 3.013610562339158
581 2.939760667573082
582 2.773201788852868
583 4.2696650927005315
584 2.5989645895520437
585 5.236905166960617
586 4.37027111474378
587 3.8422185346270146
588 4.177031986053513
589 3.225758895265374
590 3.372480236754843
591 2.3973332643836995
592 5.036854804616744
593 1.417243935431932
594 4.471272012205101
595 3.990858701905247
596 2.816713342140833
597 4.943236664183843
598 3.271789987028046
599 4.899445955727162
600 3.419806661863535
601 2.516167857524224
602 2.92091090635212
603 2.716401733850701
604 3.34616854245303
605 2.850939763197421
606 4.6901659252677765
607 1.6587738516047768
608 2.6360073751062307
609 3.623256095279217
610 3.281674958425037
611 1.7844360168187205
612 4.377190974672117
613 2.708346336363232
614 4.024539038541525
615 3.6084289119601833
616 3.4328496167385447
617 1.6015515232569402
618 3.2643650216193962
619 5.44063978966002
620 3.9945371035182946
621 3.781029522169976
622 2.3224206079978114
623 5.242286858719335
624 3.341108299526174
625 4.31967857296315
626 4.160785518061194
627 3.901927972129785
628 4.057417662755104
629 5.216000889229768
630 2.7473962287847207
631 2.6987641620438847
632 3.134550187490625
633 2.931764150186474
634 4.062763076052291
635 3.101051906925047
636 2.9176116799201437
637 5.1300232902153375
638 3.261238152072227
639 5.230139117789067
640 3.9918899043151033
641 1.564639697650225
642 4.4677802993089255
643 2.2353865385060043
644 1.9027352500775416
645 4.649938827168008
646 4.36889059931732
647 2.8567365044270137
648 2.373611583400797
649 2.9027344185553865
650 4.6195428942009436
651 5.32106472472873
652 3.9359468068560672
653 4.579776201312912
654 4.45912667624542
655 4.0226339988851665
656 3.0787123938650414
657 3.353270990930747
658 3.453789951386215
659 4.702194398221054
660 2.7072857361903346
661 1.8652231064448752
662 2.297691690137709
663 4.151375287320429
664 4.419131653091157
665 4.2172803260857314
666 3.566183199915822
667 3.6259330625460113
668 5.541659878645937
669 3.23605455925326
670 2.7214594506393954
671 2.4681040103777945
672 4.875804324114659
673 3.771967498855045
674 3.4657052119407608
675 2.7480204864408426
676 2.2354372891734045
677 3.576760716595349
678 3.1900633863434757
679 4.434263410286529
680 4.233710943794639
681 6.1365807732467115
682 3.5976576914327167
683 4.704240209252361
684 5.339896311742898
685 3.323333207257319
686 3.3573640884951574
687 4.486282961470739
688 3.3333682729382805
689 2.5530517216463253
690 4.683363661990801
691 4.14740745297138
692 3.4883587747226072
693 4.412449345578293
694 1.8676288215612327
695 3.356728280284739
696 5.505206881356664
697 2.7104071499706337
698 4.833397995647504
699 2.7714927380545373
700 3.6272008738284294
701 2.5031715690246754
702 4.338281978180171
703 3.430463127879594
704 2.201282087158828
705 2.638415911023134
706 5.62679502337546
707 3.649505438800384
708 3.20870705786636
709 1.6424949684240728
710 3.804828130596913
711 4.24548977940981
712 2.933272543294371
713 2.231102959639379
714 4.41679487996664
715 3.5039464380740735
716 3.544396969522451
717 4.071195884752361
718 2.790400665355052
719 3.167238377346958
720 5.702561470762268
721 2.290701708087654
722 3.5140060015561105
723 3.7226936706902314
724 3.591683396519315
725 3.94794530834624
726 3.3202799432510255
727 3.278166775492963
728 1.7828122896910201
729 3.3907331517315673
730 2.8036704263130674
731 3.750517208918979
732 4.883959649890232
733 2.6562481706386007
734 1.700320063292364
735 3.391237508475915
736 4.746187925645981
737 2.8681133242739034
738 4.517785253727025
739 4.646506737802865
740 3.5984723951448503
741 5.407195035607423
742 4.302109756999681
743 2.88394716059262
744 6.808155178704183
745 2.8009637890403782
746 3.548733333944906
747 3.296921691027179
748 2.215705446212593
749 4.253953645153438
750 3.0939000143232445
751 4.191849952646369
752 3.613548328383959
753 5.3396803378498525
754 3.130356069170867
755 3.5020812188842796
756 3.214078917378303
757 4.780510195353743
758 3.8186789150505778
759 2.462328073876233
760 4.357635722828801
761 3.021975723242306
762 4.5473569102091504
763 3.8942082285888637
764 3.1820830382554406
765 4.1402401507357895
766 3.6318145792235375
767 4.552667146831169
768 4.062867061547688
769 3.119267948943489
770 4.099147686640735
771 3.7376462802116706
772 2.829100277035628
773 4.1107756024239945
774 4.399229878333786
775 4.402957232450717
776 4.101179301116336
777 3.8722529749504933
778 3.940365947910023
779 1.4351776863390135
780 3.912696636887309
781 4.044546944599392
782 3.80807516611312
783 4.302186873715471
784 2.032091154943451
785 4.613832396997394
786 4.661126780404777
787 4.70557725113369
788 3.521959779351379
789 2.3544714606885027
790 3.6286748184167856
791 4.3852498502382415
792 4.75297683632673
793 5.3767235279069725
794 3.5379870581711037
795 2.3902178693401943
796 2.004692371158004
797 2.965232332032381
798 3.286637629694783
799 3.6949249397856287
800 1.545947886366364
801 3.3238659798090358
802 4.1620040776081835
803 3.372932415371207
804 6.075885776073018
805 3.9319577517622455
806 3.362507619338798
807 2.1660909122816836
808 2.766841082801526
809 3.6966200296419833
810 3.0262559576853474
811 3.474574340430825
812 3.6740756770237053
813 2.8139088958012546
814 2.1847166994270046
815 2.922672199568257
816 3.5337483284613316
817 3.424338490210961
818 4.984091461404796
819 1.939582896158422
820 3.107339280068503
821 3.3961219036749957
822 2.96425198828632
823 4.713880767661051
824 3.602363924912405
825 4.206012756206213
826 5.654182638498813
827 4.546710747145222
828 4.805035357124673
829 4.2609611843992425
830 4.8030352882864795
831 3.901110293916638
832 4.619591328001512
833 6.471136789855111
834 3.3564908278170287
835 3.35878507455694
836 3.0920627950906465
837 2.6318918690873034
838 3.849435244073566
839 3.2694996176046263
840 2.6034468447776207
841 3.1130796524879214
842 4.949908613813165
843 5.2408378080448585
844 2.4753417925813253
845 3.061327329844312
846 4.370854052757169
847 3.55785629592407
848 4.827060648393155
849 3.526063747750101
850 2.9777216706111878
851 3.974203011882028
852 2.185362583154222
853 3.501707273764335
854 4.08719248783262
855 1.839690260356706
856 4.305652536916792
857 3.3618313088852383
858 2.8876808574513375
859 4.198646573807119
860 2.73353870068
861 3.564728139100729
862 5.591195486660288
863 2.6044938704847493
864 2.3357024419727694
865 5.134668746876007
866 5.091436945210233
867 5.372450143371957
868 4.09486823959196
869 4.154205413307692
870 5.221850944567723
871 3.6925986889797517
872 2.7828088282617336
873 3.3776521859388833
874 3.214830138029402
875 3.2825513534436523
876 3.408847017476898
877 2.6033000303416642
878 3.2182749915380446
879 3.5549338929294683
880 3.6333477924108943
881 3.341922379576567
882 3.7494494383998167
883 1.839952669513591
884 1.9270729963492947
885 3.905991836583551
886 4.0987841176690605
887 4.185885681333443
888 4.6617452001263
889 6.0301086033523355
890 2.433306420387054
891 4.465572839112924
892 3.734196362792479
893 3.416406311433548
894 3.8046997368168576
895 4.1600680174101585
896 4.491351201204022
897 3.0546440984411793
898 3.111126212049176
899 3.312566976661494
900 3.791241682456203
901 1.8194003455935146
902 4.889516417395887
903 2.991381396788261
904 2.5160847102643493
905 2.2452079774792866
906 4.677085561584191
907 2.321758955983587
908 3.0133219954063484
909 4.1943815506780995
910 3.3124096863438868
911 2.3405379031628826
912 4.957586591688259
913 4.434854249292299
914 4.055984890729863
915 2.515477598520255
916 3.360519429266166
917 5.479992578461763
918 4.285319154644966
919 4.594658534952956
920 2.671731114291289
921 3.765263432408829
922 3.1815432312606515
923 4.273256476287737
924 3.179094871196419
925 5.35760936613471
926 4.349933750274672
927 4.619564418532159
928 3.360045573324214
929 2.8053100621276106
930 5.236994419322637
931 2.3898860097847368
932 4.933297389226999
933 3.143242855945749
934 2.9270904279858687
935 4.8296404022094706
936 1.9061865450561588
937 2.463740591505266
938 5.356545587815873
939 1.942966131232942
940 5.307094131711967
941 3.170604067558742
942 2.7049441392601814
943 3.200443386588803
944 3.143102010296826
945 2.0498043882728685
946 2.180450756646415
947 4.479704117461726
948 3.5133259492864757
949 3.5172361874056652
950 2.8641788664531918
951 3.091522670879887
952 1.968066265347597
953 3.3993335811370127
954 1.9375943342510853
955 4.035147803951873
956 4.339471998659045
957 4.038321807481718
958 6.4076853344818465
959 3.6477736326810954
960 2.236585583753568
961 3.3694449804337743
962 3.355084246853303
963 4.222844791610087
964 2.7614375833772784
965 4.452193874153198
966 2.0538222620229685
967 3.122088646358995
968 3.051014801756665
969 5.241441489942085
970 4.53828298764217
971 3.6095682595613763
972 4.514730507182317
973 3.90942462248104
974 5.596898645758716
975 4.728051139845112
976 5.31140253813911
977 2.385041737146996
978 3.317253282915018
979 5.852389608215388
980 4.904257952942244
981 2.7655383427111793
982 4.352738051022082
983 3.68962394654806
984 5.139316212095028
985 2.2961729571128826
986 2.9351320949739135
987 3.5437027842848954
988 3.5806113163135547
989 2.8242632221453627
990 2.3687587859927435
991 3.885122977608559
992 2.8731362687845605
993 4.758296273760471
994 3.6852471361554664
995 4.405426232634185
996 2.236907991965422
997 3.475615804293478
998 2.9034678258375375
999 3.0635128024099307
1000 3.692033049422548
