1 5.347030309172903
2 4.884184964826199
3 4.601610968001272
4 4.421090881344353
5 4.936616210401688
6 5.055369436503973
7 3.667982762791813
8 3.0978287334116743
9 3.8086755866693487
10 3.521145713937778
11 4.417274114692264
12 3.4658082209944387
13 3.5992513253135887
14 4.078459138596692
15 4.605408146196577
16 4.152162375258784
17 4.106379717471109
18 3.1897109070370853
19 3.3737912324233488
20 2.802630415109825
21 4.238490569111208
22 4.569569247850711
23 4.0310212192302135
24 4.309364949648201
25 4.122293523758395
26 3.220015662492143
27 4.708769147676278
28 3.528594888919236
29 3.9543093273471244
30 3.692435112293221
31 3.8349831118804163
32 3.026047509106626
33 4.4903905312417205
34 3.004506664055282
35 3.3775793690491827
36 4.023208249372281
37 3.0780319731845456
38 4.159884774837005
39 2.976341761017402
40 2.8548584039306437
41 2.9646089348816322
42 3.2083311808038832
43 3.9529584933293482
44 3.1663121246803745
45 3.456607984550924
46 5.06573345342999
47 3.224086618880418
48 3.4882429691165995
49 3.142887109669056
50 4.174894775756092
51 3.0148536011472715
52 3.7450561171063437
53 4.149029894267052
54 4.2202711296238435
55 4.814807392568781
56 3.2072818003536216
57 4.2264166805944186
58 4.44426403614239
59 2.3643173909375026
60 3.3179782125893507
61 3.1729431267510124
62 3.3289341900500617
63 2.949101472871762
64 3.216336869454918
65 2.079546226444278
66 4.373707390064479
67 3.3006137605826376
68 4.294118086771914
69 3.7613671618603086
70 3.9441661623773907
71 3.8358276409180108
72 4.277965802843497
73 3.295289083202148
74 2.565562671744848
75 3.5962524989399984
76 5.063261161398125
77 3.1060597926549773
78 3.8837577621790182
79 4.302361184581747
80 3.9362533967503976
81 3.6152224917179927
82 3.258456034019241
83 2.523411578940214
84 4.474211300916209
85 3.4071392013754047
86 4.373715603574649
87 2.960767943705355
88 4.930862606759941
89 4.274475500127071
90 3.3087497089190374
91 5.235929859021016
92 4.134256455837013
93 3.9702639085961304
94 4.621574183915902
95 3.225729308935574
96 5.366434628914595
97 4.454534385989824
98 4.720785747630039
99 3.2673198429170442
100 5.117619934665355
101 2.7269702221649363
102 3.920708869788182
103 3.9408828136038907
104 3.3460647795860514
105 4.1304754480567025
106 3.5148760385575595
107 3.212701005585957
108 3.142165765447477
109 4.338196068685168
110 2.7627674048779953
111 3.38455517551242
112 4.219238468608183
113 4.501408836975774
114 3.8196789443484938
115 2.241329002762061
116 3.8520980801819484
117 2.9580929248038723
118 3.3210579994419906
119 3.991877479816243
120 2.9485971857878126
121 3.0753926223864942
122 3.952332105635777
123 2.7505290332600127
124 3.508023465532241
125 2.24619061497015
126 2.8994824358255173
127 3.159241958869026
128 3.6592216206848236
129 3.006963102795067
130 3.7925143885055097
131 3.8315773076116733
132 4.398911163427944
133 4.278002454996471
134 4.736997985922216
135 4.426594325656896
136 4.651369577171592
137 3.167767576079571
138 2.4261298959405373
139 3.4429027551702664
140 3.2618059745725554
141 3.962979168115883
142 3.9229723071474365
143 3.7426581369602223
144 2.8023840177972055
145 3.3684499105569716
146 3.4839813487329034
147 3.7619917667051737
148 3.224526328609946
149 3.505276466662401
150 4.206304789757729
151 3.9073474886230897
152 3.477845418311868
153 3.6117415325755586
154 2.9187911293152498
155 4.010672968254017
156 3.860090315192673
157 3.766598640332345
158 3.038069485941264
159 4.221438689521167
160 3.315547283098748
161 3.266970911792523
162 3.229664570192466
163 4.31472677730653
164 4.154310424077411
165 3.8556471382974524
166 2.2184927590492007
167 2.869167880514579
168 4.448836303162937
169 2.889861230867957
170 3.4063057034498208
171 5.105581387257138
172 5.1289042528579625
173 2.738751252300325
174 3.063557673062754
175 4.8972715915400356
176 3.947243682188182
177 3.1414014712007576
178 3.8457081685185
179 3.2977421095936497
180 3.8052542601678954
181 3.880105047804909
182 3.7492147579802846
183 1.8155036773544995
184 3.5178547547855032
185 4.550764679659125
186 3.912826254514988
187 3.2847349102861614
188 4.513292575854892
189 3.372333131884564
190 3.665322779488309
191 3.2532132052194047
192 4.722704979292148
193 3.608989220446255
194 3.8228209419008805
195 3.9275967406929913
196 2.5549326679390267
197 3.6743027908676384
198 4.107713033871595
199 5.300989105309562
200 3.880683991228618
201 3.4155574497982504
202 4.298334091295147
203 3.6536918376703404
204 4.831815261281794
205 3.5754045189197114
206 3.9076466188971586
207 4.164049669610734
208 3.007180582573739
209 3.3927791568865193
210 3.8232419642777478
211 4.387677635594302
212 3.3022412770198484
213 3.9105197964574994
214 3.800764221553905
215 4.634261365658051
216 3.6876876211284833
217 3.5671601283103547
218 4.130490701631959
219 4.638756372536161
220 2.8088612811034137
221 3.8036272249613243
222 3.8494271678241123
223 4.7561160659917485
224 4.192205668290097
225 4.687191998518045
226 3.207797390560358
227 3.264208079746049
228 4.526986000036354
229 3.8764455179424977
230 3.6584377375832093
231 3.8668755988231567
232 4.7919945857296735
233 4.083144716873251
234 3.4241468958295913
235 3.3273318098290288
236 3.7738353743134145
237 3.1283722390684905
238 2.891963047607777
239 4.5130673852252805
240 4.150742883150543
241 2.8727921731085844
242 4.259068501536957
243 2.5524404005216774
244 3.0954497664763982
245 3.2135365426427027
246 3.41605823643441
247 3.1958401854584566
248 3.158741688697227
249 4.027676953541445
250 3.2183109393897866
251 3.8305730769163233
252 3.7593547330986006
253 4.105611990303755
254 3.893117999059997
255 3.865149354450632
256 3.67864463485863
257 4.722070810659449
258 5.2759782775620145
259 3.986324283829504
260 4.629093644850736
261 3.8773017650098063
262 3.885708789655851
263 4.022644793157688
264 3.656933949423062
265 3.5178129706996266
266 4.247957848145671
267 5.024002296495314
268 4.879467431984209
269 4.7195220956805155
270 3.3212356657615696
271 4.389097888568119
272 4.3675807726852405
273 3.255727125626963
274 3.5950248132635396
275 3.39282478361019
276 5.1572390932325005
277 4.2850990412669185
278 4.5088898570943305
279 3.9975891116020352
280 3.6368606154837395
281 3.7448643273393167
282 3.578337770447823
283 3.763169007620764
284 3.8324802167005405
285 3.8064048359260254
286 3.748147557531029
287 3.465350412721821
288 3.650044618634331
289 3.610038340285042
290 4.481483329235861
291 4.055280407460347
292 3.575959708737528
293 4.513029650323059
294 2.787326499173464
295 3.0487433105869868
296 3.559339104136969
297 4.305464389955409
298 3.41037123472226
299 5.66801990124576
300 4.083869594692399
301 3.9638891467026798
302 3.208817508564853
303 3.910591800043993
304 3.7437933146141775
305 3.9746010504034697
306 3.903160917033742
307 3.349809088562996
308 4.840640673395047
309 3.802276831682268
310 3.715116278911317
311 4.615123431360632
312 4.766831578897923
313 3.4804490040079132
314 3.5091819485508324
315 4.179399130942489
316 3.5917429259610567
317 3.5386138645028296
318 3.6120442045183507
319 4.1023726657638475
320 3.3964035160856354
321 3.5707970777997713
322 3.994993279840337
323 4.002499129780895
324 3.9665720204249237
325 3.5380512917474567
326 3.9238568240311142
327 3.9547045069324525
328 5.7073907271247775
329 2.697188394479964
330 5.072084932401778
331 3.333925093189466
332 4.530044694446831
333 3.1666416764909417
334 4.288148068519642
335 3.8223980615323927
336 4.363898065142671
337 3.1472567975144146
338 2.628032855984399
339 3.9717363868986344
340 4.295678733971488
341 3.403687132193481
342 3.603960468916516
343 2.963185883823554
344 3.7163036637045055
345 4.2639900756581035
346 3.5716196831711335
347 3.8156677034597006
348 2.4343855466762383
349 4.479775589970597
350 4.437017520610396
351 3.9030325956730416
352 4.020367624246831
353 4.048760441169016
354 4.742908393850915
355 4.481446255298381
356 4.1308883741765285
357 3.3466396262947904
358 2.8697938980950113
359 4.369231097513495
360 4.001689335992569
361 2.4920311657870435
362 4.670431175094253
363 4.118384566516298
364 4.30716883457555
365 3.116675427157947
366 4.1809658787399995
367 3.5684583100923613
368 3.2962870502074884
369 3.8334434660348182
370 3.5975627700981376
371 3.896313959750748
372 3.0490912539881183
373 3.4344781912533
374 3.599305590358837
375 3.3560580368334616
376 4.418842772531177
377 4.779019485697347
378 4.277575520536818
379 4.024713342154038
380 3.709856552927894
381 3.2326492628736285
382 3.0315130429457993
383 3.1635272362305344
384 3.2662926731609434
385 3.4852183710332487
386 4.162717526875532
387 2.8205019396280044
388 4.16446645559503
389 3.473572696053789
390 4.436924921383244
391 4.155341917413796
392 4.018093430259166
393 3.680762009022396
394 3.7999459843157735
395 3.4459170399765116
396 3.1470379235091084
397 3.272942272410226
398 3.6593414335271337
399 4.295734409995441
400 2.8384041613097293
401 3.273870190990175
402 4.507967411660932
403 4.447435888222607
404 3.593380104632115
405 4.0122160720957325
406 4.159870509973821
407 3.328467522160194
408 3.1543379720739093
409 4.697713982313939
410 4.07078862208827
411 4.728137710954717
412 3.531871674322974
413 3.4828537378722126
414 3.63402324122446
415 3.3041944556367504
416 4.458896255706816
417 3.756072059165841
418 2.9149139849964847
419 3.8162212948204317
420 3.89505859179291
421 4.412443371674525
422 3.3182337008381495
423 3.224186831862985
424 3.8959727727502296
425 2.6411551491008054
426 3.515086547447238
427 3.4360889725101877
428 3.2519024533450467
429 2.9648385152440313
430 2.5509852866949347
431 2.9193473138217794
432 2.4453989731767014
433 2.6786081347994872
434 3.811779534135844
435 3.325714112589937
436 5.712711925896649
437 3.0213284275051615
438 4.0350800675455165
439 4.203434132395699
440 3.8719764015536104
441 2.4614700613961964
442 2.9413900780427467
443 6.005984363745036
444 3.5890433407847855
445 4.359403169066741
446 3.927656595781882
447 4.042743949269915
448 4.780110208323981
449 3.3921954564582233
450 3.044917291007759
451 3.8075068719838248
452 3.02857784331902
453 3.5985539162425795
454 4.4825006628081185
455 3.7474233428544035
456 4.108404499192357
457 4.33766494775954
458 3.4020034355475572
459 4.4210672129738295
460 2.9205496106224325
461 3.6176790023020944
462 3.713705689334521
463 2.9861571731571366
464 3.9072968272509216
465 3.4407272886945766
466 3.5068313840491276
467 4.209980255696577
468 3.4701950448349295
469 3.773596482580034
470 4.416933938075178
471 2.77567486665249
472 3.3198408363929843
473 4.988199493362442
474 4.250061270199196
475 5.617256319574784
476 3.5208614851823103
477 3.9871656057090292
478 2.9345328491942837
479 3.9296189379255266
480 3.724952676948526
481 4.244862312066721
482 3.1813611519273026
483 2.3802196086902754
484 3.559245150603489
485 3.198724745508689
486 3.5818185536306624
487 3.056738335585858
488 3.6655384665868023
489 3.3025960249037185
490 4.098027762015414
491 4.444214617317968
492 4.206434856062461
493 3.8265263054357566
494 5.537684788322315
495 3.3842017794376074
496 3.2917683185352433
497 5.041312540065911
498 4.045185679686196
499 2.803467731243117
500 3.0704959029210768
501 3.757051672167177
502 4.209592708828537
503 4.2568146395227
504 2.8991613103704874
505 3.3104924731120575
506 3.7268357170724085
507 3.778404517840116
508 3.8272227140389203
509 4.294534344119391
510 3.312001123559201
511 3.6650744873912107
512 3.9510185684903587
513 4.077345751635896
514 3.784944987173524
515 3.115476901394583
516 4.163749794109623
517 4.0207945730433465
518 3.3725509274581675
519 4.194744276893531
520 3.996379743167893
521 4.692450696267956
522 3.2621660355790407
523 4.437453440617784
524 3.7778667459041593
525 5.1149996928505255
526 3.195332852724556
527 4.07915284419162
528 3.510816976582874
529 4.404880385897781
530 2.8867759239948305
531 4.387616043264459
532 4.610122008609968
533 3.380343450237934
534 5.137159119207463
535 4.469412590663788
536 3.4205043923026137
537 4.212834578603206
538 3.002206899597495
539 3.630974822958808
540 3.629790483655636
541 4.254425061964793
542 2.924228923238868
543 3.425270024253809
544 4.904483386722216
545 4.122497857109261
546 4.16512898560626
547 3.1465701714637295
548 5.333494275163592
549 3.763184519300935
550 2.354419745957207
551 3.0645089961634486
552 3.1440026773959344
553 4.427169449848324
554 4.352835579686262
555 4.318288443813742
556 4.363900836447307
557 4.578788547538696
558 4.063867205639776
559 4.300837618800371
560 4.321127106694521
561 3.9510087769155473
562 3.5529099990052297
563 3.5386702164648174
564 3.9039538259192046
565 3.8762040382512613
566 4.213812440351862
567 3.3856072636387715
568 4.134926444288805
569 4.462701376240381
570 3.6859457370072017
571 2.887875931819342
572 4.524958244254052
573 4.803323881301237
574 3.1119367949411196
575 3.441560351074502
576 4.780338436870449
577 3.613635041910793
578 4.314711988157818
579 3.4949819141864373
580 3.10611652158821
581 3.990908354858777
582 3.7454497723244615
583 2.7533739823210546
584 3.665304231206802
585 3.9858812001479555
586 3.2877877979214905
587 3.5754312755879982
588 4.308408597094937
589 3.70210918439075
590 2.972108717244674
591 3.784277762897137
592 3.924941764828443
593 3.9470966322506187
594 3.42905643628631
595 3.422724094184097
596 3.85132730443373
597 2.4673421865697964
598 3.379402790958082
599 3.1360602451535113
600 2.9951661705298442
601 2.6435581659621836
602 2.930109580214765
603 3.71726795882663
604 3.2491353060812873
605 4.330058177212442
606 3.4330397229987266
607 5.334862369262517
608 3.9045151309777624
609 2.6741037179067355
610 3.2607600851226635
611 4.130316361656563
612 3.4717066250617497
613 5.271549652211445
614 3.073055626424018
615 3.1742385043297
616 3.3722364930945754
617 4.254979450912725
618 3.7691792423553014
619 2.937852598456695
620 3.500965122707243
621 2.622709597945447
622 3.7934507736737664
623 4.422200902609655
624 2.9908487697379176
625 2.698371896297002
626 3.136245173886299
627 4.474227813892636
628 4.045085833511974
629 3.8454858956621045
630 3.3131384679915663
631 4.253923698461198
632 3.8530160911013924
633 4.148446186152871
634 3.093006858027047
635 3.50785556014047
636 5.138602943541538
637 2.844067473340144
638 3.3080627628464057
639 3.741182638296382
640 3.1539688628628717
641 3.7961358247778296
642 3.4613368685137993
643 3.069190727119743
644 3.567511001948201
645 4.207190196731819
646 3.62255069686867
647 4.813845725464245
648 3.857149519465289
649 3.7566600069726808
650 3.0184993457836917
651 3.6933618048593333
652 2.737685307237656
653 3.061967730099171
654 3.8257652521247767
655 2.5905385474461604
656 3.5950342986436836
657 3.364292314163093
658 3.6195404961950146
659 4.137061852082076
660 3.7290414748126643
661 3.7605352592821157
662 3.869288980243941
663 4.149079237111685
664 3.8767041994017553
665 3.9017053661255985
666 3.2435987670730797
667 4.067282795670318
668 3.6963868208684003
669 3.0540061747243534
670 3.2742944866942163
671 3.5235840311493973
672 2.637846198738548
673 4.295791833648651
674 3.155516748961917
675 2.5189267435983247
676 3.5403928973986125
677 3.2092763314543373
678 3.739484622274566
679 3.354712896599456
680 3.466179645262729
681 3.0336300392924653
682 4.557946044350215
683 2.7093379199620657
684 5.420785573350889
685 3.994365307549753
686 3.8066254495579392
687 2.780895892171923
688 3.3717183091826994
689 4.295019386700947
690 3.8155183809198636
691 4.456877895473223
692 3.5777421638989413
693 3.440658507213203
694 2.7267226784031933
695 3.3898646792934106
696 2.8721551300210315
697 3.277653992428685
698 3.455457353727783
699 4.31391419363828
700 4.270013415257374
701 3.6660253231774274
702 3.3393908699763752
703 3.907478106906859
704 2.929795485263706
705 3.0468988895535922
706 3.284951055439228
707 3.8171449059226954
708 3.5503745102768454
709 4.818638490156008
710 3.4869581843248345
711 3.309884627430684
712 4.485933299368121
713 4.489978860228772
714 3.8840877273605416
715 3.6363165549364997
716 2.7937486195055667
717 4.476399576751053
718 3.863988157209315
719 4.204977024219105
720 2.5791806668713892
721 4.21176435058749
722 3.20405509619436
723 3.0053132134727036
724 3.3771456592025233
725 2.4942553576815696
726 4.898674011397262
727 3.254620747810409
728 3.811692623544812
729 4.417911134148595
730 3.806295758818907
731 4.092704248054052
732 4.297247060785435
733 4.8595869522610045
734 4.241830445378858
735 4.245268418624339
736 3.888556546878303
