1 -1.8426461624630628
2 -1.8426461624630628
3 -1.8426461624630628
4 -1.8426461624630628
5 -1.8426461624630628
6 -1.8426461624630628
7 -1.8426461624630628
8 -1.8508181129057153
9 -1.8508181129057153
10 -1.8508181129057153
11 -1.8508181129057153
12 -1.9058636528724735
13 -1.9058636528724735
14 -1.9058636528724735
15 -1.9058636528724735
16 -1.9058636528724735
17 -1.9058636528724735
18 -1.9058636528724735
19 -1.9058636528724735
20 -1.9058636528724735
21 -1.9058636528724735
22 -1.9058636528724735
23 -1.9058636528724735
24 -1.9058636528724735
25 -1.9058636528724735
26 -1.9058636528724735
27 -1.9058636528724735
28 -1.9058636528724735
29 -1.9058636528724735
30 -1.9058636528724735
31 -1.9058636528724735
32 -1.9058636528724735
33 -1.9058636528724735
34 -1.9058636528724735
35 -1.9058636528724735
36 -1.9058636528724735
37 -1.9058636528724735
38 -1.9058636528724735
39 -1.9058636528724735
40 -1.9058636528724735
41 -1.9058636528724735
42 -1.9058636528724735
43 -1.9058636528724735
44 -1.9058636528724735
45 -1.9058636528724735
46 -1.9058636528724735
47 -1.9058636528724735
48 -1.9058636528724735
49 -1.9058636528724735
50 -1.9058636528724735
51 -1.9058636528724735
52 -1.9058636528724735
53 -1.9058636528724735
54 -1.9058636528724735
55 -1.9058636528724735
56 -1.9058636528724735
57 -1.9058636528724735
58 -1.9058636528724735
59 -1.9058636528724735
60 -1.9058636528724735
61 -1.9058636528724735
62 -1.9058636528724735
63 -1.9058636528724735
64 -1.9058636528724735
65 -1.9058636528724735
66 -1.9058636528724735
67 -1.9058636528724735
68 -1.9058636528724735
69 -1.9058636528724735
70 -1.9058636528724735
71 -1.9058636528724735
72 -1.9058636528724735
73 -1.9058636528724735
74 -1.9058636528724735
75 -1.9058636528724735
76 -1.9058636528724735
77 -1.9058636528724735
78 -1.9112562445576575
79 -1.9112562445576575
80 -1.9112562445576575
81 -1.9112562445576575
82 -1.9112562445576575
83 -1.9112562445576575
84 -1.9112562445576575
85 -1.9112562445576575
86 -1.9112562445576575
87 -1.9112562445576575
88 -1.9112562445576575
89 -1.9112562445576575
90 -1.9112562445576575
91 -1.9112562445576575
92 -1.9112562445576575
93 -1.9112562445576575
94 -1.9112562445576575
95 -1.9112562445576575
96 -1.9112562445576575
97 -1.9112562445576575
98 -1.9112562445576575
99 -1.9112562445576575
100 -1.9112562445576575
101 -1.9112562445576575
102 -1.9112562445576575
103 -1.9112562445576575
104 -1.9112562445576575
105 -1.9112562445576575
106 -1.9112562445576575
107 -1.9112562445576575
108 -1.9112562445576575
109 -1.9112562445576575
110 -1.9112562445576575
111 -1.9112562445576575
112 -1.9112562445576575
113 -1.9112562445576575
114 -1.9112562445576575
115 -1.9112562445576575
116 -1.9112562445576575
117 -1.9112562445576575
118 -1.9112562445576575
119 -1.9112562445576575
120 -1.9112562445576575
121 -1.9112562445576575
122 -1.9112562445576575
123 -1.9112562445576575
124 -1.9112562445576575
125 -1.9112562445576575
126 -1.9112562445576575
127 -1.9112562445576575
128 -1.9112562445576575
129 -1.9112562445576575
130 -1.9112562445576575
131 -1.9112562445576575
132 -1.9112562445576575
133 -1.9112562445576575
134 -1.9112562445576575
135 -1.9112562445576575
136 -1.9112562445576575
137 -1.9112562445576575
138 -1.9112562445576575
139 -1.9112562445576575
140 -1.9112562445576575
141 -1.9112562445576575
142 -1.9112562445576575
143 -1.9112562445576575
144 -1.9112562445576575
145 -1.9112562445576575
146 -1.9112562445576575
147 -1.9112562445576575
148 -1.9112562445576575
149 -1.9112562445576575
150 -1.9112562445576575
151 -1.9112562445576575
152 -1.9112562445576575
153 -1.9112562445576575
154 -1.9112562445576575
155 -1.9112562445576575
156 -1.9112562445576575
157 -1.9112562445576575
158 -1.9112562445576575
159 -1.9112562445576575
160 -1.9112562445576575
161 -1.9112562445576575
162 -1.9112562445576575
163 -1.9112562445576575
164 -1.9112562445576575
165 -1.9112562445576575
166 -1.9112562445576575
167 -1.9112562445576575
168 -1.9112562445576575
169 -1.9112562445576575
170 -1.9112562445576575
171 -1.9112562445576575
172 -1.9112562445576575
173 -1.9112562445576575
174 -1.9112562445576575
175 -1.9112562445576575
176 -1.9112562445576575
177 -1.9112562445576575
178 -1.9112562445576575
179 -1.9112562445576575
180 -1.9112562445576575
181 -1.9112562445576575
182 -1.9112562445576575
183 -1.9112562445576575
184 -1.9112562445576575
185 -1.9112562445576575
186 -1.9112562445576575
187 -1.9112562445576575
188 -1.9112562445576575
189 -1.9112562445576575
190 -1.9112562445576575
191 -1.9112562445576575
192 -1.9112562445576575
193 -1.9112562445576575
194 -1.9112562445576575
195 -1.9112562445576575
196 -1.9112562445576575
197 -1.9112562445576575
198 -1.9112562445576575
199 -1.9112562445576575
200 -1.9112562445576575
201 -1.9112562445576575
202 -1.9112562445576575
203 -1.9112562445576575
204 -1.9112562445576575
205 -1.9112562445576575
206 -1.9112562445576575
207 -1.9112562445576575
208 -1.9112562445576575
209 -1.9112562445576575
210 -1.9112562445576575
211 -1.9112562445576575
212 -1.9112562445576575
213 -1.9112562445576575
214 -1.9112562445576575
215 -1.9112562445576575
216 -1.9112562445576575
217 -1.9112562445576575
218 -1.9112562445576575
219 -1.9112562445576575
220 -1.9112562445576575
221 -1.9112562445576575
222 -1.9112562445576575
223 -1.9112562445576575
224 -1.9112562445576575
225 -1.9112562445576575
226 -1.9112562445576575
227 -1.9112562445576575
228 -1.9112562445576575
229 -1.9112562445576575
230 -1.9112562445576575
231 -1.9112562445576575
232 -1.9112562445576575
233 -1.9112562445576575
234 -1.9112562445576575
235 -1.9112562445576575
236 -1.9112562445576575
237 -1.9112562445576575
238 -1.9112562445576575
239 -1.9112562445576575
240 -1.9112562445576575
241 -1.9112562445576575
242 -1.9112562445576575
243 -1.9112562445576575
244 -1.9112562445576575
245 -1.9112562445576575
246 -1.9112562445576575
247 -1.9112562445576575
248 -1.9112562445576575
249 -1.9112562445576575
250 -1.9112562445576575
251 -1.9131405057329545
252 -1.9131405057329545
253 -1.9131405057329545
254 -1.9131405057329545
255 -1.9131405057329545
256 -1.9131405057329545
257 -1.9131405057329545
258 -1.9131405057329545
259 -1.9131405057329545
260 -1.9131405057329545
261 -1.9131405057329545
262 -1.9131405057329545
263 -1.9131405057329545
264 -1.9131405057329545
265 -1.9131405057329545
266 -1.9131405057329545
267 -1.9131405057329545
268 -1.9131405057329545
269 -1.9131405057329545
270 -1.9131405057329545
271 -1.9131405057329545
272 -1.9131405057329545
273 -1.9131405057329545
274 -1.9131405057329545
275 -1.9131405057329545
276 -1.9131405057329545
277 -1.9131405057329545
278 -1.9131405057329545
279 -1.9131405057329545
280 -1.9131405057329545
281 -1.9131405057329545
282 -1.9131405057329545
283 -1.9131405057329545
284 -1.9131405057329545
285 -1.9131405057329545
286 -1.9131405057329545
287 -1.9131405057329545
288 -1.9131405057329545
289 -1.9131405057329545
290 -1.9131405057329545
291 -1.9131405057329545
292 -1.9131405057329545
293 -1.9131405057329545
294 -1.9131405057329545
295 -1.9131405057329545
296 -1.9131405057329545
297 -1.9131405057329545
298 -1.9131405057329545
299 -1.9131405057329545
300 -1.9131405057329545
301 -1.9131405057329545
302 -1.9131405057329545
303 -1.9131405057329545
304 -1.9131405057329545
305 -1.9131405057329545
306 -1.9131405057329545
307 -1.9131405057329545
308 -1.9131405057329545
309 -1.9131405057329545
310 -1.9131405057329545
311 -1.9131405057329545
312 -1.9131405057329545
313 -1.9131405057329545
314 -1.9131405057329545
315 -1.9131405057329545
316 -1.9131405057329545
317 -1.9131405057329545
318 -1.9131405057329545
319 -1.9131405057329545
320 -1.9131405057329545
321 -1.9131405057329545
322 -1.9131405057329545
323 -1.9131405057329545
324 -1.9131405057329545
325 -1.9131405057329545
326 -1.9131405057329545
327 -1.9131405057329545
328 -1.9131405057329545
329 -1.9131405057329545
330 -1.9131405057329545
331 -1.9131405057329545
332 -1.9131405057329545
333 -1.9131405057329545
334 -1.9131405057329545
335 -1.9131405057329545
336 -1.9131405057329545
337 -1.9131405057329545
338 -1.9131405057329545
339 -1.9131405057329545
340 -1.9131405057329545
341 -1.9131405057329545
342 -1.9131405057329545
343 -1.9131405057329545
344 -1.9131405057329545
345 -1.9131405057329545
346 -1.9131405057329545
347 -1.9131405057329545
348 -1.9131405057329545
349 -1.9131405057329545
350 -1.9131405057329545
351 -1.9131405057329545
352 -1.9131405057329545
353 -1.9131405057329545
354 -1.9131405057329545
355 -1.9131405057329545
356 -1.9131405057329545
357 -1.9131405057329545
358 -1.9131405057329545
359 -1.9131405057329545
360 -1.9131405057329545
361 -1.9131405057329545
362 -1.9131405057329545
363 -1.9131405057329545
364 -1.9131405057329545
365 -1.9131405057329545
366 -1.9131405057329545
367 -1.9131405057329545
368 -1.9131405057329545
369 -1.9131405057329545
370 -1.9131405057329545
371 -1.9131405057329545
372 -1.9131405057329545
373 -1.9131405057329545
374 -1.9131405057329545
375 -1.9131405057329545
376 -1.9131405057329545
377 -1.9131405057329545
378 -1.9131405057329545
379 -1.9131405057329545
380 -1.9131405057329545
381 -1.9131405057329545
382 -1.9131405057329545
383 -1.9131405057329545
384 -1.9131405057329545
385 -1.9131405057329545
386 -1.9131405057329545
387 -1.9131405057329545
388 -1.9131405057329545
389 -1.9131405057329545
390 -1.9131405057329545
391 -1.9131405057329545
392 -1.9131405057329545
393 -1.9131405057329545
394 -1.9131405057329545
395 -1.9131405057329545
396 -1.9131405057329545
397 -1.9131405057329545
398 -1.9131405057329545
399 -1.9131405057329545
400 -1.9131405057329545
401 -1.9131405057329545
402 -1.9131405057329545
403 -1.9131405057329545
404 -1.9131405057329545
405 -1.9131405057329545
406 -1.9131405057329545
407 -1.9131405057329545
408 -1.9131405057329545
409 -1.9131405057329545
410 -1.9131405057329545
411 -1.9131405057329545
412 -1.9131405057329545
413 -1.9131405057329545
414 -1.9131405057329545
415 -1.9131405057329545
416 -1.9131405057329545
417 -1.9131405057329545
418 -1.9131405057329545
419 -1.9131405057329545
420 -1.9131405057329545
421 -1.9131405057329545
422 -1.9131405057329545
423 -1.9131405057329545
424 -1.9131405057329545
425 -1.9131405057329545
426 -1.9131405057329545
427 -1.9131405057329545
428 -1.9131405057329545
429 -1.9131405057329545
430 -1.9131405057329545
431 -1.9131405057329545
432 -1.9131405057329545
433 -1.9131405057329545
434 -1.9131405057329545
435 -1.9131405057329545
436 -1.9131405057329545
437 -1.9131405057329545
438 -1.9131405057329545
439 -1.9131405057329545
440 -1.9131405057329545
441 -1.9131405057329545
442 -1.9131405057329545
443 -1.9131405057329545
444 -1.9131405057329545
445 -1.9131405057329545
446 -1.9131405057329545
447 -1.9131405057329545
448 -1.9131405057329545
449 -1.9131405057329545
450 -1.9131405057329545
451 -1.9131405057329545
452 -1.9131405057329545
453 -1.9131405057329545
454 -1.9131405057329545
455 -1.9131405057329545
456 -1.9131405057329545
457 -1.9131405057329545
458 -1.9131405057329545
459 -1.9131405057329545
460 -1.9131405057329545
461 -1.9131405057329545
462 -1.9131405057329545
463 -1.9131405057329545
464 -1.9131405057329545
465 -1.9131405057329545
466 -1.9131405057329545
467 -1.9131405057329545
468 -1.9131405057329545
469 -1.9131405057329545
470 -1.9131405057329545
471 -1.9131405057329545
472 -1.9131405057329545
473 -1.9131405057329545
474 -1.9131405057329545
475 -1.9131405057329545
476 -1.9131405057329545
477 -1.9131405057329545
478 -1.9131405057329545
479 -1.9131405057329545
480 -1.9131405057329545
481 -1.9131405057329545
482 -1.9131405057329545
483 -1.9131405057329545
484 -1.9131405057329545
485 -1.9131405057329545
486 -1.9131405057329545
487 -1.9131405057329545
488 -1.9131405057329545
489 -1.9131405057329545
490 -1.9131405057329545
491 -1.9131405057329545
492 -1.9131405057329545
493 -1.9131405057329545
494 -1.9131405057329545
495 -1.9131405057329545
496 -1.9131405057329545
497 -1.9131405057329545
498 -1.9131405057329545
499 -1.9131405057329545
500 -1.9131405057329545
501 -1.9131405057329545
502 -1.9131405057329545
503 -1.9131405057329545
504 -1.9131405057329545
505 -1.9131405057329545
506 -1.9131405057329545
507 -1.9131405057329545
508 -1.9131405057329545
509 -1.9131405057329545
510 -1.9131405057329545
511 -1.9131405057329545
512 -1.9131405057329545
513 -1.9131405057329545
514 -1.9131405057329545
515 -1.9131405057329545
516 -1.9131405057329545
517 -1.9131405057329545
518 -1.9131405057329545
519 -1.9131405057329545
520 -1.9131405057329545
521 -1.9131405057329545
522 -1.9131405057329545
523 -1.9131405057329545
524 -1.9131405057329545
525 -1.9131405057329545
526 -1.9131405057329545
527 -1.9131405057329545
528 -1.9131405057329545
529 -1.9131405057329545
530 -1.9131405057329545
531 -1.9131405057329545
532 -1.9131405057329545
533 -1.9131405057329545
534 -1.9131405057329545
535 -1.9131405057329545
536 -1.9131405057329545
537 -1.9131405057329545
538 -1.9131405057329545
539 -1.9131405057329545
540 -1.9131405057329545
541 -1.9131405057329545
542 -1.9131405057329545
543 -1.9131405057329545
544 -1.9131405057329545
545 -1.9131405057329545
546 -1.9131405057329545
547 -1.9131405057329545
548 -1.9131405057329545
549 -1.9131405057329545
550 -1.9131405057329545
551 -1.9131405057329545
552 -1.9131405057329545
553 -1.9131405057329545
554 -1.9131405057329545
555 -1.9131405057329545
556 -1.9131405057329545
557 -1.9131405057329545
558 -1.9131405057329545
559 -1.9131405057329545
560 -1.9131405057329545
561 -1.9131405057329545
562 -1.9131405057329545
563 -1.9131405057329545
564 -1.9131405057329545
565 -1.9131405057329545
566 -1.9131405057329545
567 -1.9131405057329545
568 -1.9131405057329545
569 -1.9131405057329545
570 -1.9131405057329545
571 -1.9131405057329545
572 -1.9131405057329545
573 -1.9131405057329545
574 -1.9131405057329545
575 -1.9131405057329545
576 -1.9131405057329545
577 -1.9131405057329545
578 -1.9131405057329545
579 -1.9131405057329545
580 -1.9131405057329545
581 -1.9131405057329545
582 -1.9131405057329545
583 -1.9131405057329545
584 -1.9131405057329545
585 -1.9131405057329545
586 -1.9131405057329545
587 -1.9131405057329545
588 -1.9131405057329545
589 -1.9131405057329545
590 -1.9131405057329545
591 -1.9131405057329545
592 -1.9131405057329545
593 -1.9131405057329545
594 -1.9131405057329545
595 -1.9131405057329545
596 -1.9131405057329545
597 -1.9131405057329545
598 -1.9131405057329545
599 -1.9131405057329545
600 -1.9131405057329545
601 -1.9131405057329545
602 -1.9131405057329545
603 -1.9131405057329545
604 -1.9131405057329545
605 -1.9131405057329545
606 -1.9131405057329545
607 -1.9131405057329545
608 -1.9131405057329545
609 -1.9131405057329545
610 -1.9131405057329545
611 -1.9131405057329545
612 -1.9131405057329545
613 -1.9131405057329545
614 -1.9131405057329545
615 -1.9131405057329545
616 -1.9131405057329545
617 -1.9131405057329545
618 -1.9131405057329545
619 -1.9131405057329545
620 -1.9131405057329545
621 -1.9131405057329545
622 -1.9131405057329545
623 -1.9131405057329545
624 -1.9131405057329545
625 -1.9131405057329545
626 -1.9131405057329545
627 -1.9131405057329545
628 -1.9131405057329545
629 -1.9131405057329545
630 -1.9131405057329545
631 -1.9131405057329545
632 -1.9131405057329545
633 -1.9131405057329545
634 -1.9131405057329545
635 -1.9131405057329545
636 -1.9131405057329545
637 -1.9131405057329545
638 -1.9131405057329545
639 -1.9131405057329545
640 -1.9131405057329545
641 -1.9131405057329545
642 -1.9131405057329545
643 -1.9131405057329545
644 -1.9131405057329545
645 -1.9131405057329545
646 -1.9131405057329545
647 -1.9131405057329545
648 -1.9131405057329545
649 -1.9131405057329545
650 -1.9131405057329545
651 -1.9131405057329545
652 -1.9131405057329545
653 -1.9131405057329545
654 -1.9131405057329545
655 -1.9131405057329545
656 -1.9131405057329545
657 -1.9131405057329545
658 -1.9131405057329545
659 -1.9131405057329545
660 -1.9131405057329545
661 -1.9131405057329545
662 -1.9131405057329545
663 -1.9131405057329545
664 -1.9131405057329545
665 -1.9131405057329545
666 -1.9131405057329545
667 -1.9131405057329545
668 -1.9131405057329545
669 -1.9131405057329545
670 -1.9131405057329545
671 -1.9131405057329545
672 -1.9131405057329545
673 -1.9131405057329545
674 -1.9131405057329545
675 -1.9131405057329545
676 -1.9131405057329545
677 -1.9131405057329545
678 -1.9131405057329545
679 -1.9131405057329545
680 -1.9131405057329545
681 -1.9131405057329545
682 -1.9131405057329545
683 -1.9131405057329545
684 -1.9131405057329545
685 -1.9131405057329545
686 -1.9131405057329545
