1 8.746477180029746
2 8.442889662895354
3 7.806639221232458
4 7.850369987886172
5 8.628553910214375
6 8.829896821330031
7 7.029459706911772
8 6.452281259345629
9 8.32825227068756
10 7.3329927031184985
11 8.273962336749667
12 7.570850731157031
13 7.022956089158462
14 7.728111779453274
15 7.577925137005588
16 7.789594739413833
17 7.027968969965185
18 7.028214922056265
19 6.799391030471446
20 6.8914768288960655
21 7.824815153318778
22 8.383471568196368
23 9.039604409304907
24 7.516331246553867
25 8.560762593850846
26 6.245368543934087
27 8.655439292911769
28 7.329743410549896
29 7.558404052600798
30 7.402727055058975
31 7.685519324255267
32 6.349719727468559
33 8.897571008332713
34 7.636580637941331
35 6.550823964124567
36 7.687874484986808
37 5.851201447935647
38 7.638857519192936
39 6.540557274404167
40 6.337063294666997
41 6.463540415447222
42 7.028498014877015
43 8.827356923697332
44 7.103961562332504
45 6.923442966205937
46 9.937077824198544
47 6.26302097823364
48 7.761503807246898
49 6.757794874993095
50 7.864812367732032
51 5.877194499640034
52 7.592585276903412
53 8.056554453840551
54 8.769732365242058
55 8.92586847232461
56 7.061312463924631
57 8.832535261150833
58 8.34686164404892
59 6.271726536117733
60 6.599274312390907
61 6.851203931012911
62 6.982408100982522
63 6.158443195392423
64 6.853797344386673
65 5.587894623042675
66 7.970207486929558
67 7.467025404030159
68 7.608886140830865
69 7.553285975757871
70 7.9548813685412325
71 7.96441555233441
72 8.508277705879758
73 7.250464702419129
74 5.7835196256679895
75 7.580577524169054
76 9.252762237742314
77 6.457158617697873
78 8.135714688343505
79 8.446912049164377
80 6.935699175497486
81 7.862499975158514
82 7.081364067306806
83 5.7143697236217665
84 8.061721200393382
85 7.221516354468574
86 8.405071477448812
87 7.051445399682688
88 9.402011591501147
89 9.022138376417043
90 6.735345514290136
91 9.490696604168363
92 8.109318996334466
93 9.158240495833983
94 8.540670999495125
95 7.249763480534757
96 10.006866312642192
97 8.0774904165062
98 9.36512300503921
99 7.24261686635818
100 9.003599816247226
101 6.037078483228619
102 7.9695802999821295
103 8.041100218148737
104 7.518468483391343
105 7.830994957933206
106 8.31890923470007
107 7.142493911755354
108 6.5967360364933985
109 8.415484919214926
110 6.655342674496848
111 7.427847114501312
112 8.294699923100058
113 8.358656773531314
114 7.92982479879719
115 6.00230959475534
116 8.173290185238681
117 5.900962856189441
118 6.476848485694725
119 7.836084694301382
120 7.4681691006233715
121 6.766214657241935
122 7.637088442362945
123 6.413504231433269
124 7.2542733752359325
125 5.267658221028025
126 6.812762662744594
127 7.140656765680002
128 7.731875759057316
129 6.641049070390106
130 7.5255622207803965
131 7.220805687168641
132 8.813722041969422
133 8.587224036946916
134 8.596555560690355
135 8.228910219407537
136 8.85770748107086
137 7.080489007106874
138 5.923348099985353
139 7.7682364008076785
140 6.913858387075372
141 7.959678972859825
142 8.17534503192761
143 7.261630034653708
144 6.9601432291439025
145 6.630693632533067
146 6.941339038469275
147 7.647199813209619
148 6.5234860574158295
149 7.802965326718571
150 8.582131837438112
151 7.983290540504786
152 7.7864633248078325
153 7.033884421748231
154 6.347361330582919
155 8.128490348547562
156 8.824008391455687
157 8.306308059017958
158 7.332334308715846
159 8.1606962150221
160 6.3381367202416445
161 7.309149327166025
162 7.044042166621226
163 8.320346247823924
164 8.411906168455442
165 8.431879551144617
166 5.910354008173074
167 6.979492216498407
168 8.894777292484934
169 6.591170349589795
170 6.794824461661271
171 8.909603973984105
172 9.16753212920771
173 6.661627112804354
174 6.381942599516633
175 9.361527796549765
176 8.450744874204782
177 6.415445955293804
178 8.022285499285061
179 6.3571121804795565
180 8.084915963921063
181 7.913941290213514
182 7.546181917816833
183 4.650005769870572
184 7.39370716779113
185 9.123851547046655
186 7.932403791655011
187 7.588482161726734
188 8.658937065809168
189 7.544306404784726
190 7.856931587416912
191 6.802654263843476
192 8.304931973607273
193 7.2299962530809205
194 8.399428413913379
195 7.477653869692148
196 6.17683443093207
197 7.699760386605953
198 8.075794551557035
199 9.540451489944747
200 7.866527637238462
201 7.343462880777122
202 8.40892320261129
203 7.703327228777264
204 9.123616976735768
205 8.005462695708813
206 8.202953672400623
207 8.381179081882935
208 7.816284495164229
209 7.419787401461421
210 7.328055298327767
211 8.439557889595006
212 7.390685629504739
213 8.515253994677431
214 8.318211231697445
215 8.78914435565532
216 7.2874658055283765
217 7.443739924171558
218 7.708878839321782
219 9.050325507288148
220 6.2029211839966205
221 8.141510069145067
222 8.443231925397379
223 9.457174592964698
224 8.47015336771963
225 8.803298040485526
226 7.642146600183441
227 7.417462916659127
228 8.589500284089146
229 8.610252201447555
230 7.538008048012791
231 7.711663479946981
232 9.16145444949994
233 7.544405887381612
234 7.7764799741084225
235 7.844909693913518
236 7.811777261153303
237 7.5039807309123425
238 6.8006529222247645
239 8.922136765864538
240 8.176668870085837
241 6.309094158718865
242 8.483166020663298
243 6.849100152461348
244 6.889126393000331
245 7.685285693897149
246 7.011050045973901
247 7.007136134351695
248 7.029724064706825
249 8.732553553291677
250 7.628778934400252
251 7.925165928103898
252 7.736231196216733
253 8.65061892131868
254 8.020728725908063
255 8.652187582168306
256 7.885777973721788
257 7.805169401279866
258 9.668862679908385
259 8.273980868476917
260 8.729117180655894
261 8.074346423191656
262 8.91152207150221
263 7.894469961593239
264 7.889673659337611
265 7.726958423345412
266 8.146613486537731
267 8.692082958669229
268 8.700357499738542
269 8.339864204400701
270 7.699184354130808
271 8.367245025625369
272 8.15590932769146
273 7.484913889093899
274 8.047652864745334
275 7.348944730407635
276 9.618359316810121
277 8.129977292830826
278 8.766806756704371
279 7.959949937664841
280 7.653556785004944
281 7.059983759406009
282 8.068865613990392
283 8.677936738169317
284 7.664292664832119
285 7.880495040279455
286 8.0583629062183
287 6.922807842941618
288 8.05396446679133
289 8.083838618356491
290 8.530397073818758
291 8.847697454449117
292 7.981714394311624
293 8.538696138724388
294 6.384859784837791
295 7.013081023449847
296 7.301192371590381
297 8.806490562358976
298 7.602962714615667
299 10.516801975280961
300 8.257709841676283
301 8.336452571272332
302 7.499167838935378
303 8.351149990837879
304 7.7007728885466875
305 8.913180338407068
306 7.981080584914176
307 7.014723417492431
308 9.269428230721632
309 8.051854246884337
310 7.320604539670687
311 8.92069028082932
312 8.907163975567949
313 7.5916344794452435
314 7.616790977913353
315 8.159362140781239
316 7.938240606445792
317 7.269377298999726
318 7.691917002332137
319 8.056238805333898
320 6.9645443859238165
321 7.821629515723405
322 7.524506126074629
323 7.577481444136053
324 7.9650002956400066
325 6.763367284178222
326 7.798173351834462
327 8.701855569718633
328 10.205983720279269
329 6.60565193161758
330 9.484912985844474
331 7.58375254157241
332 8.191646919637268
333 7.59733008428651
334 8.20889728934055
335 7.812387210193816
336 8.949246789375843
337 7.115564024067861
338 6.520313427628024
339 8.120712319700708
340 8.736987825893522
341 6.912217035044521
342 7.8600485318659965
343 6.7435240063828354
344 8.000726800366884
345 9.099101016380272
346 7.586788637946278
347 7.669925937007523
348 6.509773784044898
349 9.340496202879189
350 8.641834098318197
351 7.675197628194783
352 7.2090197528491435
353 8.464256492994789
354 9.022882662834661
355 8.59136315462398
356 7.740434460397075
357 6.573059359890553
358 6.328879864579849
359 8.392045847858205
360 7.859890914345091
361 6.358921135621616
362 8.334257550177952
363 8.885668945648458
364 8.112773435724089
365 7.163704804380772
366 8.255596293706512
367 6.99862796322012
368 6.932341013604577
369 7.586892722798729
370 7.854172973660373
371 8.899321035781965
372 7.053653542769702
373 7.185708983428161
374 8.404047435466252
375 7.658374250928203
376 7.622399473816627
377 8.839908042925291
378 8.785561887042583
379 7.446836540937407
380 8.05423288023111
381 7.45079355626753
382 6.7891685899063
383 7.26032174098758
384 6.722999500335262
385 7.434269992197514
386 7.776148746974289
387 6.712791335235427
388 7.637891825133454
389 7.5898105022011855
390 8.68025737323918
391 8.92566728986668
392 7.650949922544855
393 7.549608565674993
394 7.114531356765439
395 7.247659760688492
396 7.747218728303109
397 7.907303656377081
398 7.555725632673112
399 8.814016494952371
400 6.492815430727344
401 6.786641217524923
402 9.009417501317552
403 9.097015176677408
404 6.98598768345769
405 8.045938760945322
406 7.690436233772609
407 6.770966610682868
408 7.046761656559573
409 8.72501821512009
410 8.140988968421883
411 8.687989153631353
412 7.470288359960029
413 7.413641995790681
414 7.587327230003021
415 6.854129632137797
416 8.014397276476636
417 8.128197134275052
418 7.185777429606411
419 7.602972508542328
420 7.575397872437162
421 8.010803517224375
422 6.77239365947109
423 7.1859558104681875
424 7.608512952631247
425 6.144692659151415
426 7.640081286370338
427 7.26227131946652
428 8.373904750316882
429 7.174521921104403
430 5.611338911078996
431 6.943993695383275
432 5.994839522077563
433 6.3704801677579015
434 8.018192366944536
435 7.558514749850574
436 10.230412204356554
437 6.351990897183337
438 7.7590298367841
439 8.994639553500546
440 7.608939214070187
441 6.627135137180849
442 6.988853914085382
443 9.917327356263275
444 7.694507482290353
445 9.669034825934263
446 8.31171491142406
447 8.519535572527673
448 8.36250536736633
449 6.955896581226256
450 6.629175286074553
451 7.655325302463936
452 7.0017290733252695
453 7.9765725876987466
454 8.225977442522774
455 7.380810906878761
456 8.147153651685976
457 8.491486043657861
458 7.980972527945706
459 8.289370959840909
460 6.333979506410225
461 7.680068196492424
462 7.7650012772125745
463 6.4797971516775785
464 7.42109801366935
465 7.065439463753638
466 7.6266175506567855
467 7.738674733966854
468 7.887194654761981
469 7.968101376348771
470 8.497015044973503
471 6.179467767402058
472 6.86109861638011
473 9.143304674053338
474 8.997741105157377
475 9.554536918886688
476 6.7585087981582594
477 8.371043813847251
478 6.989485105862833
479 7.526333749512256
480 7.190384220387061
481 8.134911843337148
482 7.290567276407777
483 5.851382878871069
484 6.673126810428976
485 7.013949121995536
486 7.070809952514997
487 6.613523584288224
488 7.489120284509824
489 7.947452666360335
490 8.355364063696154
491 8.74359693986364
492 7.802737857815977
493 8.281580163453128
494 9.580021418836498
495 7.757322063518207
496 7.22054788009734
497 9.163498955445373
498 7.626299463365127
499 6.065946189680082
500 6.7536304518897134
501 7.145861936803087
502 8.603901619750902
503 8.457773918914384
504 6.315395275369755
505 7.0779040054228615
506 7.892806832281598
507 7.791438620090299
508 7.870037786283031
509 8.676546797840055
510 7.4354582539932155
511 7.917463660755103
512 8.042166052880832
513 8.458500520931485
514 7.799544918416143
515 7.383861192153848
516 7.996964664609214
517 8.134764889813685
518 7.627786046116906
519 8.294637021958001
520 8.368589502889053
521 8.53404074153246
522 7.161179172183399
523 8.525869499435695
524 8.663929314667225
525 8.660334666061175
526 7.282712034310006
527 8.028352342868159
528 8.116309584720685
529 7.85188651188019
530 6.528070519020296
531 8.771949311002425
532 9.972841977864265
533 7.552188167252406
534 9.681534265572328
535 8.600105498145107
536 6.6336235865190085
537 8.768740355025205
538 7.020871850628634
539 7.901563354669277
540 7.1103379833527285
541 8.887527567217049
542 7.344383157147166
543 7.185722656404548
544 9.084252542711667
545 8.73629932254373
546 8.047203643241335
547 7.164606719808494
548 10.040934977183396
549 7.817513408103398
550 5.877926494221932
551 7.301137810395343
552 6.696452300432454
553 8.931010293885617
554 8.767381243336153
555 8.708642525482414
556 8.229176287718081
557 8.367864743596904
558 8.341667377180732
559 8.910104722746444
560 8.53284973032906
561 7.682803434897468
562 7.162776969606258
563 7.9284333563334695
564 7.919646660291275
565 8.342203854709322
566 8.419673573446012
567 7.758835925713576
568 8.242323374596635
569 8.788306203593796
570 7.351810025052236
571 5.926203628138503
572 9.347647562471606
573 9.943961739441189
574 7.39222950359838
575 7.128448461588699
576 8.478743865914385
577 8.152993022259372
578 8.113045305574174
579 7.541803040473466
580 7.021769552583071
581 8.185089868624786
582 7.562732466249454
583 6.4232012652295385
584 7.473683565761899
585 7.389913575920193
586 6.336990298490757
587 7.698223924703087
588 8.726927412087434
589 7.951362501566288
590 5.961060870055612
591 8.072213157249541
592 7.593618328216172
593 7.641734676538374
594 7.421024131562386
595 8.371929823115792
596 8.050812543725012
597 6.309479809969415
598 7.789847757652845
599 7.483744175410407
600 6.308192690453185
601 5.963059887492422
602 6.95706953022466
603 7.79055802739365
604 7.713338411492059
605 8.732544880207628
606 7.110468640011274
607 10.142057344366016
608 8.013850041373324
609 6.202098820083645
610 6.147369792976103
611 7.9918836041737125
612 7.549304188730067
613 9.25749515117254
614 6.676076269678277
615 6.563913842005552
616 6.676242047231232
617 7.343967261927042
618 8.101831872767482
619 5.907199897573137
620 7.598549848972938
621 7.323142197373071
622 7.389856689931169
623 8.247404158036803
624 6.8312336857485025
625 5.875862399492426
626 7.134041205298767
627 8.477772212616342
628 8.46488170133713
629 7.493974585330584
630 7.24758797292534
631 7.977043677278435
632 7.934381564566298
633 8.46033595993269
634 6.711412176351203
635 7.007731383768256
636 9.332633868579697
637 6.933771925746793
638 7.091093236013301
639 7.744568052331275
640 7.511979393664335
641 7.236889999408037
642 7.3828620391974615
643 6.882927985676145
644 6.767803775926103
645 7.947673144260576
646 8.075552272996472
647 9.50670785889613
648 7.8657365832267505
649 7.547496446584212
650 7.450787642061743
651 7.653056566767154
652 6.117161497816694
653 6.498596448763232
654 8.365013493076136
655 6.381842036698137
656 7.600307641929711
657 7.747078341932135
658 7.657903101174234
659 7.978424315855162
660 8.547200053181468
661 7.079316107772828
662 8.43530793609662
663 8.037170560336692
664 7.244853311858084
665 8.095666631466889
666 7.787082366836669
667 7.958481112914253
668 7.375505345951408
669 6.942374746454445
670 6.24703040352241
671 7.834440343730254
672 5.880089568682556
673 7.904751273345013
674 7.293246199981927
675 6.5251211531815985
676 8.026206435451005
677 6.909232337301333
678 7.577926012807514
679 6.589987942038041
680 7.290131559314068
681 6.647571420697109
682 8.81918297833527
683 6.2648305890689775
684 9.61392996352491
685 7.615927680768947
686 7.295069987874681
687 6.259357349463424
688 7.544512763905991
689 8.738483753388543
690 8.338171485959453
691 9.119030811538742
692 7.713560796375659
693 7.973050226585018
694 7.189644170371298
695 7.394895141904855
696 6.819309822822705
697 7.786723351588689
698 7.552428394241018
699 7.898473265315352
700 8.777474587102775
701 7.047530191545432
702 7.063736264646232
703 7.664625198864378
704 6.598176871598412
705 7.285802347926444
706 6.758021460067356
707 8.349522985743395
708 7.078807953037472
709 8.100321302192995
710 7.629064718486742
711 6.8416984815898205
712 9.437133582086446
713 7.905137130670098
714 8.590130820993457
715 7.73525317805758
716 6.934390484409523
717 8.755416950348094
718 8.163509233763461
719 9.358714040623722
720 6.4979058129561675
721 8.61303438934767
722 7.501907504888558
723 6.227743324914691
724 8.463303662488249
725 6.056354345633057
726 9.040118834526936
727 7.108587730084754
728 7.480673444094041
729 8.301580784610538
730 7.247033931449317
731 8.214469865384569
732 8.008433701136262
733 8.963136575452694
734 8.745062874734353
735 8.866607929495455
736 8.101929793466176
737 5.72936516902611
738 7.414708753055094
739 7.194427163860889
740 7.365155064184593
741 9.566734410024818
742 6.154051506816619
743 10.064076139855999
744 7.564179964301999
745 6.768060825766306
746 7.5848228859616285
747 7.199977855483955
748 8.219215086051667
749 7.586304192700582
