1 4.423560865848216
2 4.029744739730495
3 4.070168570849401
4 3.7324858491187505
5 3.601167536992165
6 3.4171907377379185
7 3.4937900452008734
8 3.199266096848207
9 3.367999538786464
10 2.8122462164836897
11 2.9548336858888495
12 2.9625994424005495
13 3.1157716774773094
14 3.326953738247073
15 3.0315525870266677
16 2.876378612357777
17 3.330448939003336
18 2.869972871403963
19 2.9102222753554696
20 3.044017845720504
21 2.7266608118644826
22 2.973404404444116
23 3.0547619526625502
24 3.156756164921582
25 2.8409912231276064
26 3.0882049657122708
27 2.835800397333097
28 2.8369890816376184
29 3.130427927634304
30 2.8965115695437964
31 2.9226811153718857
32 3.099589647784398
33 3.2154428285809042
34 2.6892386737650478
35 2.7318191679432338
36 2.8936471508547386
37 2.988683152938644
38 2.729535122509382
39 2.9762647959596817
40 2.7894671553330603
41 3.071637053959278
42 2.690205260632296
43 2.6248027586565086
44 3.0892384590181323
45 2.864576723940497
46 3.097054123181492
47 2.844639634961321
48 2.8737164602093164
49 2.909893601112356
50 3.1250047409479738
51 2.521398707692183
52 2.8886222221362305
53 3.0827118518676233
54 2.939485278615281
55 2.6127082817624565
56 2.838172550938919
57 2.8200089930911454
58 2.978857030312464
59 2.8256758788608747
60 2.4826744518458117
61 3.0300795978180415
62 2.837187383948151
63 3.0444900242984603
64 2.7086737408501893
65 2.9885975132784557
66 3.0660157624805713
67 2.884671740491957
68 3.0155039041576504
69 3.047290713269728
70 2.8889511479173264
71 2.7827823027877026
72 2.797527975858502
73 2.682728969688467
74 2.820231883894488
75 2.727178481870015
76 2.768390855059177
77 2.874522516925594
78 2.6756971072534674
79 2.787348778086962
80 2.860273948144807
81 2.95464133901687
82 3.114925627549685
83 2.9493852514781858
84 2.8799581310658233
85 2.627901843669828
86 2.92223973446099
87 3.0656009708655274
88 2.911846756536688
89 2.442800638935045
90 2.94252623181929
91 2.647522111608598
92 2.9054712968511955
93 2.9841565384661575
94 2.925372834872863
95 2.849093799753383
96 2.6966895017323766
97 3.0454534666714195
98 2.876392770643603
99 3.0447277614641965
100 2.7773725603634514
101 2.693803247156226
102 2.9832349559193485
103 3.0570455541412946
104 2.832948094035922
105 2.3772848353349123
106 2.8302727126154275
107 2.7454724094615863
108 2.8303817335239234
109 2.6251424890221324
110 2.957874717959402
111 2.7513903244372457
112 2.6350968295978863
113 2.739307535761668
114 2.570067262065214
115 3.1081766687362506
116 2.6702875993520645
117 2.803434408142039
118 2.982429982848077
119 2.674822202851814
120 2.733796472372901
121 2.606070714160449
122 3.0298619181400746
123 2.9596835974043936
124 2.6094668314489597
125 2.693463246341517
126 2.945764649674716
127 2.5439903081608852
128 3.0855805538702845
129 3.2729933698009592
130 3.1891809720862403
131 2.7972334797307283
132 2.7456903712337444
133 2.9072937852710314
134 2.916290379237166
135 2.8403291730617313
136 2.7419015563437115
137 2.8720112870707797
138 2.60801632975989
139 3.1323520842016506
140 2.830944726619978
141 3.1916130531809763
142 3.109548401266935
143 2.731450311279142
144 2.4853530209653663
145 3.046657282350424
146 2.901041203387775
147 2.8317989104673673
148 2.9611895757086986
149 2.8515901961113452
150 2.9020920167247404
151 3.058853742663135
152 2.4897160559761096
153 2.7335353034736936
154 2.894882315568182
155 2.952551644024925
156 3.0947002525059197
157 2.95510413031782
158 3.0015343890767765
159 2.6913501897863896
160 2.7486033424014034
161 2.857860875787495
162 2.846253303308823
163 2.9524032525041286
164 2.9646862399504825
165 2.8832583439784956
166 2.8834987361732103
167 2.5833141676033633
168 2.939643949546155
169 2.6191806526765986
170 2.8598702640373146
171 2.9941286902303608
172 2.699496191049824
173 3.009332708758625
174 2.7530336133138924
175 2.8654635306896568
176 2.690730537172133
177 2.7296637445472545
178 2.96508687066567
179 2.809813624898592
180 2.8399394780171487
181 2.9370732685892906
182 2.7137920554043204
183 2.822647452132946
184 2.6394716412662835
185 2.5691132532548773
186 2.979540078824184
187 2.9183677558592076
188 3.1564658992128143
189 2.7376677476595472
190 3.3037551061443273
191 2.9313196928031684
192 2.7548814078017805
193 2.7715022791957336
194 2.8775037632377742
195 3.1327477471590353
196 2.7968623409686733
197 2.4935405257699883
198 2.732062342247786
199 2.7290431820961936
200 2.9922523790632867
201 3.0350792094686283
202 2.9980484864375105
203 2.733016122161477
204 2.5815622000479532
205 2.772585913095498
206 2.87945282642085
207 3.026396016591603
208 2.907563156449725
209 2.904694153231525
210 2.7611775603363014
211 2.740200080077182
212 2.83595618318072
213 2.9722005067290107
214 2.794904671430119
215 2.830367339558702
216 2.7478098705745433
217 2.714234430122874
218 2.7476235956776223
219 2.7245277295756143
220 2.72320350720445
221 2.5774524301117063
222 2.887906875874877
223 2.8405476779442216
224 3.1291042403265283
225 2.770640114539339
226 2.7309503347723285
227 2.7772381308676612
228 2.6191422089360894
229 2.8021701302610262
230 3.059820950440504
231 3.0048201206037213
232 2.748522659785111
233 3.272232138858532
234 2.5615822429135653
235 2.900299034283406
236 2.8613148857275292
237 2.7311025494757812
238 2.985050201350374
239 2.8421698404512563
240 2.701034053765849
241 3.15001786205242
242 2.846338512875676
243 2.6519726417033063
244 2.9186706316511226
245 2.753182065689074
246 2.9136919769774363
247 2.9770704777165493
248 2.861715449802601
249 2.79986305871526
250 2.793662918646994
251 2.9274181679478484
252 2.850070266964941
253 3.1257933557626005
254 3.3111357487738284
255 2.9575369125926834
256 2.800460907130531
257 2.974374793581943
258 2.915978896845713
259 2.8078302983871777
260 2.8613732850263975
261 2.7584867446169703
262 2.9482903166646977
263 2.7034803136621433
264 2.767503039469804
265 2.755050742704152
266 2.6121549646201125
267 2.480419652517056
268 3.0922149768013227
269 2.8895213743886434
270 3.127080095849129
271 2.6018687023441625
272 3.1694731201731066
273 2.988266093849863
274 2.831586956886333
275 2.7293552852357092
276 2.964530901914074
277 2.974231446387607
278 2.7615929646839787
279 2.612897853630812
280 2.73167573440696
281 2.91424824196538
282 2.67718038495346
283 2.7465651156544832
284 2.6660426447976886
285 2.9466998321175497
286 3.1921406925999083
287 2.818263231478638
288 2.880630753231757
289 3.2197381562280354
290 2.651377644826107
291 2.7820447740400747
292 2.9400500895539983
293 2.6385110379362513
294 2.6755622466649056
295 2.8650519363153317
296 3.050730634881823
297 2.8850317700223242
298 2.5426498613876056
299 2.954054166682712
300 2.680507069123901
301 3.036499730637096
302 2.519397427890527
303 2.7506680165823516
304 2.7467529394553227
305 3.0999610078367543
306 2.7426851199882902
307 2.7456291889407707
308 2.6678066799714606
309 3.004084751172763
310 3.2694461574252305
311 2.648348219576892
312 2.705397537707325
313 2.862193538561342
314 2.727926623604387
315 2.9071774220652147
316 2.793011878111632
317 2.955470851500232
318 2.7986241003235084
319 2.7885005396133615
320 2.5111125163355887
321 3.0087717984262348
322 2.938249664683639
323 2.983994611507366
324 2.7248605969831123
325 2.9445572291578257
326 2.7237046249600336
327 2.8852986188864476
328 2.823505053076693
329 2.7635979460091464
330 2.4351512720230386
331 2.9242743674904172
332 2.7774342588570775
333 2.9681619947850892
334 2.805712598460913
335 2.927326313228911
336 2.9077755410907504
337 3.0890814383868586
338 2.9100606064680066
339 3.1332956577641426
340 2.650052390855426
341 3.149724176799809
342 2.7502181436942186
343 2.6679269005312056
344 3.0865413524265626
345 2.363872995490426
346 2.8468857490253203
347 2.8708970233100026
348 2.8234380969682396
349 3.033746152064936
350 3.0222324251995922
351 2.391819814997169
352 2.747183672945565
353 2.9470179665915808
354 2.8430305453586544
355 2.787170165033571
356 2.973852942858276
357 2.8407907657440696
358 2.510582464485108
359 2.6697855785581837
360 3.055027682560299
361 2.6493067361173943
362 2.580257463558128
363 2.642958573186287
364 2.495358566326422
365 2.566795244970308
366 2.6883309786579765
367 2.6120376633589535
368 2.7729734889140825
369 3.1271210293226197
370 3.252086438718006
371 2.7575480535567696
372 3.0779855830485947
373 3.0395591279320833
374 2.988078922857864
375 3.2425072275171125
376 2.685884518003316
377 2.7433912297264116
378 2.9105291699710016
379 2.938134707576286
380 2.5974740820583593
381 2.7370246544890637
382 2.557457016056799
383 2.617358792432438
384 2.823130022898042
385 2.8023162040772385
386 2.599329721752604
387 2.6320817602792337
388 2.7284565572838484
389 2.7452829088076096
390 2.9279133765400127
391 2.4972294145886416
392 2.8701217455646217
393 3.0931372966465087
394 2.62457849232603
395 2.8776135704787547
396 2.8236520422595377
397 2.833274367558657
398 2.849611381920026
399 2.750573750084981
400 2.8526461137842114
401 3.065544212541952
402 3.096370299067883
403 2.7118246844401273
404 2.7498725712815286
405 2.4429034941691494
406 3.125564801302896
407 2.4202565485920484
408 2.5903859135898037
409 2.459733693710021
410 2.637485316900602
411 2.7578109759944245
412 2.893171988103654
413 2.4500890112201987
414 2.9067035401788064
415 3.061151764774001
416 2.6779353089996323
417 2.6441745216093344
418 2.7312289597562884
419 2.7121385372666915
420 2.8125341285867953
421 2.9335576500285114
422 3.0208567966089723
423 2.9814582165855144
424 2.8679637835432232
425 2.7439198743653863
426 3.1907897158294065
427 2.7222979938317335
428 2.7073977982767605
429 2.7609207649188146
430 2.83302934754904
431 2.8417565652048715
432 2.8167174595822564
433 2.6166498736378996
434 3.1039013007870695
435 2.825452912825465
436 3.1745422100785574
437 2.8268946165084494
438 2.8513539655523936
439 3.1028472189294756
440 2.892998036133897
441 2.655741486309582
442 2.6538779476824144
443 3.3278455451864954
444 2.782959955039447
445 2.602344880115177
446 3.1020949957436668
447 2.7547295163604293
448 2.645851135249508
449 2.5458582596149517
450 2.6644570672329184
451 2.863483987170556
452 2.7166530572716425
453 3.0391477451711757
454 2.676928128335895
455 2.6343890818237976
456 3.151234722960758
457 2.9963977472742527
458 2.3992075537537403
459 2.666721475942043
460 2.935193568384951
461 2.6515752643798263
462 2.7274077489629898
463 2.8533694454492156
464 2.552882549842146
465 2.9470595908443067
466 2.7666821375879973
467 2.607336302321065
468 2.914918307370625
469 2.2918101765679206
470 2.5045592692000356
471 2.9196731544283483
472 2.874099755185742
473 3.0765515414415026
474 2.938796672091364
475 2.6009656780606103
476 2.7974727126996153
477 2.8261699892371355
478 2.522950640736497
479 2.8158927180817597
480 2.930255686149113
481 2.7810556256860335
482 3.0086083822127994
483 2.9792421223626393
484 2.5457716889306647
485 2.3012266173561735
486 2.5329065828568065
487 2.624775694283256
488 2.987098296002909
489 2.816272156829996
490 2.735752854186324
491 2.8859714480846717
492 3.0226273011886744
493 3.0016431174683436
494 2.577559888855422
495 2.838802065636776
496 2.661618931840724
497 2.8455745157116112
498 2.968817595107239
499 2.712720093370458
500 2.4164276344867037
501 2.561540345942266
502 2.6712726689796034
503 2.585248820070054
504 2.503051269104038
505 2.5576862327932774
506 2.5621516811013008
507 2.7602142515288417
508 2.791659974088605
509 2.9219944672215425
510 3.034216885972228
511 2.9650792405494184
512 2.8192198537030753
513 2.749620676464653
514 2.8836026406060054
515 2.49809763040945
516 2.7464132847319753
517 2.7067779519474806
518 3.2189747188039037
519 2.499420308937093
520 2.7039511685292323
521 2.59248350869191
522 2.8445327894079164
523 2.8565184909641985
524 2.8224951052728744
525 3.140788129434114
526 2.7706442054248472
527 2.8861315854837097
528 2.52274625823924
529 2.9359201239818766
530 2.784003686698186
531 2.7590675223317245
532 2.8998770195988954
533 2.8696318867265598
534 2.7017363195562756
535 2.9637145716852147
536 2.8544986933966885
537 2.773954804934699
538 2.9245322064931343
539 3.0877009241341713
540 3.0644661168395984
541 3.191729047633725
542 2.627543409943655
543 2.7712241066877
544 2.941622840707571
545 2.6493495957617665
546 2.9261586922807403
547 2.852038376657497
548 2.761301261556158
549 2.474009968552753
550 2.524153969463741
551 2.6316825385413476
552 2.8288968526290708
553 2.6406129585022686
554 2.8457827535585603
555 2.805326714225263
556 2.7824912540919167
557 2.798124688825432
558 3.214047340354575
559 2.7259654168817615
560 2.8951804344108854
561 2.7235083291387703
562 3.134723185065688
563 2.824700328220364
564 2.655111019411419
565 2.8032699435209003
566 3.0228145151028762
567 2.669838367571687
568 2.6985420633565638
569 2.96749645297673
570 3.113144501306125
571 2.5434090652231514
572 2.8891346124738333
573 2.925944550039275
574 2.6668598752242954
575 2.952879304059493
576 2.764663087932487
577 2.861499493922267
578 2.8023950840720517
579 2.5646238842387774
580 2.6614405486181583
581 2.9411988377638054
582 3.0418877376526092
583 2.617839751632062
584 2.703799550265445
585 2.5154471362423356
586 2.555195579962457
587 2.424396952331154
588 2.854906499931036
589 2.8648040486151736
590 2.8279367656968755
591 2.64546527389949
592 2.8619729021502507
593 2.733211244469544
594 2.7366772873597505
595 2.9699715320798434
596 2.8333901195192364
597 3.0415296415460618
598 2.8757944032659886
599 2.7315601167729655
600 2.91281828303442
601 2.6584917542846473
602 2.9749735273901026
603 3.037276338247786
604 2.8496498437580526
605 2.810873167996053
606 2.6687372252558315
607 3.0742053068421464
608 2.8837123641784173
609 2.615449635844287
610 2.9923961857453985
611 3.1377557526862256
612 2.8883905432136125
613 2.342347244611404
614 2.5420347768060183
615 2.721069047196324
616 2.9478260643915304
617 2.5980988797734272
618 2.7683751061718564
619 3.0094320906890126
620 2.9965111851959154
621 3.0713964001579317
622 2.732040979440395
623 2.704889936757436
624 2.8413637064773622
625 2.968621005496457
626 2.7016516985301515
627 2.6179805112040393
628 2.7673791654185624
629 2.775867487834663
630 2.8276096911023894
631 2.9294409349661423
632 2.9005681344021648
633 2.839578797220699
634 2.934475096522604
635 2.906891307267503
636 3.151750196977782
637 2.678636846853711
638 2.8393724188584084
639 2.9569071930113706
640 2.718444532948026
641 3.048013111268779
642 2.798044968993886
643 2.4900981370682356
644 2.950502501413046
645 2.9786724412304304
646 2.7333394522617005
647 2.733430317818473
648 2.458469996288803
649 2.698737519052848
650 2.720759783339965
651 2.6113508947450144
652 2.6523590528432894
653 2.7386195646548828
654 2.81130152811121
655 3.03365725349067
656 2.5086904431000803
657 2.7394569480821884
658 2.7540553452847205
659 3.012685872000534
660 2.9779263931437447
661 2.9636109250180853
662 2.4253061186683937
663 2.773532430939675
664 2.528785838822145
665 2.866898203724756
666 2.4794972625923792
667 2.6442213478906584
668 2.634134718385998
669 2.7668352960620513
670 2.8469854141416415
671 2.582676799597375
672 3.1341504233954156
673 2.4885219693221114
674 2.963085882213185
675 2.857163213181919
676 3.022298209351744
677 3.1907274544311894
678 2.807976432340811
679 2.8130453713882586
680 2.640349806768696
681 2.8488604943013915
682 3.003081707087933
683 2.750522517463781
684 2.8474188601236445
685 3.260854395739551
686 2.9950864160760475
687 3.010076620806587
688 3.024383255253542
689 2.674608835082454
690 2.7164134359737773
691 2.8199441276395536
692 2.9287318667167583
693 3.161534067726124
694 2.888923116224321
695 2.790354409606575
696 2.7348888984637156
697 2.7598904222245357
698 2.8974844286116497
699 3.0029010674304266
700 3.1854615431977247
701 2.6737169929811055
702 2.749255650221675
703 2.7694139278791217
704 2.5090115496586964
705 3.002306194394135
706 2.726541334078008
707 2.727286593143946
708 2.9195443772132745
709 2.493349068068656
710 3.0196621464270477
711 2.9070525127052895
712 2.968662597073112
713 2.686967089966561
714 2.919178342197532
715 2.7294032928053884
716 2.6922731869408607
717 2.8047508684798332
718 2.878505917261671
719 3.0623944510125516
720 2.7111412968177246
721 2.9084946204502478
722 3.0287706721092085
723 2.9774592059410723
724 2.680150618600113
725 2.763809996635033
726 2.6400751437889194
727 2.686735774429415
728 2.8956492984595563
729 2.8625401296854096
730 2.723899584576483
731 2.7899770380110667
732 2.8476672661539406
733 2.4763282809444216
734 2.629182074243748
735 2.7543455704062954
736 2.9034360798738845
737 2.8340342685069175
738 3.1019523875674797
739 2.6950139540235813
740 3.1744722675763173
741 2.9299243018903773
742 2.775811091700847
743 2.7776298270795188
744 2.8668167140458216
745 2.854096807925674
746 2.680064797277069
747 3.0022692298050524
748 2.8227829537684967
749 2.690741407385705
750 2.856401574117491
751 2.847225573568952
752 2.9588486590036682
753 2.5846444057135085
754 2.7093071481949615
755 2.7489097659840183
756 2.83525577886081
757 2.793588404271176
758 3.0952633030503693
759 2.7119335469712533
760 2.7909917949581176
761 2.6603944839166185
762 2.972678337371175
763 2.5293243282895777
764 2.739357743851305
765 2.9544137314591192
766 2.8592633211003196
767 3.083371887414218
768 2.882744057263829
769 2.7688878427392956
770 2.8282442625436426
771 3.1366749626849164
772 2.560825076893984
773 2.943353819007367
774 2.5201127943299375
775 2.7826043513366026
776 2.7521187571578776
777 2.92637255132578
778 2.74164790981804
779 2.7613866362781954
780 2.8144702326669466
781 2.7590933514510603
782 2.9109709617178527
783 2.996897266345218
784 2.9236091589102817
785 2.7619652274448914
786 2.6040922502701833
787 2.9186376820333884
788 2.7695952203810896
789 3.084693738481404
790 2.9694284468358205
791 2.425755959215695
792 2.843635542090973
793 2.998143708557096
794 2.7259750779827225
795 2.8627490184670554
796 2.747470858019377
797 2.992503296117011
798 3.2696267824283094
799 2.8484960671195565
800 2.8264243091275847
801 2.6672771197389755
802 3.324965010469526
803 2.548145840212604
804 3.200493939001565
805 2.310812446454055
806 2.860443698270948
807 2.538173106600335
808 2.5169846776588307
809 2.7577885025576823
810 2.854496963454204
811 2.768212326571999
812 2.8713684788700915
813 2.7126065078483323
814 2.922620623896232
815 2.818503641604722
816 2.6600549549464305
817 2.5810889892725455
818 2.609297124902035
819 2.8476200713325848
820 2.8337504677383447
821 2.6682084800131705
822 2.937138943664394
823 2.676089619762555
824 2.8030644783925127
825 2.7276927245469853
826 2.9202281762971034
827 2.6173453341739075
828 2.8800077767337187
829 2.7367961265054026
830 2.7301778476114413
831 2.9770014835941785
832 2.839190387734801
833 2.792850271839163
834 2.6164458296999262
835 2.827596536380025
836 2.9047911789229914
837 2.6291087634918444
838 2.8621640095577496
839 2.7541624229231276
840 2.725956072008751
841 2.941655887255425
842 2.942536396177119
843 2.578401655883951
844 2.787971204351199
845 2.9697916718210786
846 2.5401020404032115
847 2.6638307875427025
848 2.829229914280813
849 2.9267550812699854
850 2.7740690249429596
851 2.615586854321893
852 2.818191163972163
853 2.557898237618671
854 3.196178050968502
855 2.7697485698059983
856 2.5687844192595635
857 2.6578542671971324
858 3.0230090170068715
859 2.800400377761445
860 2.644486735027137
861 2.6672532810180263
862 2.6879404981289685
863 2.7959641697857562
864 2.8490495252623216
865 2.282457559239746
866 2.657375125382212
867 2.920347569054475
868 2.6416203230922957
869 3.2014720524930924
870 2.9620150212324963
871 2.7496580492991542
872 2.695411724500705
873 2.750847268965565
874 2.8895625928124744
875 2.940267911175557
876 2.7152952976245808
877 3.114445914541063
878 2.4677297463129304
879 2.6121888569176006
880 2.89786222003843
881 2.7100943387915293
882 2.7828650332661735
883 2.890787397260009
884 2.7842289661277264
885 2.80498757331707
886 3.080630108248676
887 2.4629140911192673
888 3.0984256604065314
889 2.7435957454266022
890 2.8975727330763377
891 2.811995930881835
892 2.9249045430161797
893 2.964136906976372
894 2.8233823628522616
895 2.660865784808572
896 2.712094110060543
897 2.8474395322434707
898 3.365246622103291
899 2.8848486915977825
900 2.443755696570616
901 2.728813502377546
902 2.7510334365066624
903 2.9406989956459184
904 2.9740093760585786
905 3.0871937161369187
906 2.69431739720023
907 2.6277381449850417
908 2.7939396458535275
909 2.668143853353114
910 2.9383126274711264
911 2.6120300220675423
912 2.953274422814265
913 3.146924967387881
914 2.707021473798378
915 2.6815415295437717
916 2.80282528025757
917 2.691108513715041
918 2.9380248847904014
919 2.677556027793662
920 2.671008458480329
921 2.8080963876271166
922 2.6145826305092323
923 3.045066694839388
924 2.9905086019505065
925 2.776280881740472
926 3.1075352277316592
927 2.6715364608239724
928 2.5842060210336903
929 2.6216735134130067
930 2.4313104708070115
931 3.0008281742071143
932 2.9779311870204768
933 2.860438113853371
934 2.816396039175516
935 2.964749346260344
936 2.816260885967451
937 2.6133320393720236
938 2.8580238074842805
939 2.6107635494628676
940 2.649499458851372
941 2.79020397408701
942 2.9663646995573187
943 2.5569871870034557
944 2.7416081455769215
945 2.522719917289689
946 3.0497941088008864
947 3.0782572610046817
948 2.948907909942777
949 2.811003843586749
950 2.6936903344414858
951 2.87497267746995
952 2.8260190323013967
953 2.6625008990988634
954 2.8485812787363267
955 2.757907246192896
956 2.7092430143891546
957 3.0213495236809162
958 2.7644656420843563
959 2.7082901886960373
960 2.483917755510967
961 2.86647398914262
962 2.926353606512697
963 2.8162668512020854
964 2.8840352201000625
965 2.9152481282735034
966 2.718676636162161
967 2.6837512303362936
968 2.609178683470339
969 2.6676776260850823
970 2.832315387607941
971 2.8162391012196153
972 2.664001652109733
973 3.0854684161134283
974 2.8017279129671673
975 3.074990158558562
976 2.964614255000065
977 2.7971987461353285
978 2.569874342384946
979 2.6468576971658213
980 2.491559024507387
981 2.4528318528304927
982 2.646248679801561
983 3.0372802892438333
984 2.6667733875112907
985 2.9811769384823035
986 2.844061998557666
987 3.1528700637344316
988 2.5908908701035536
989 2.725057334661465
990 2.8754600086048905
991 3.0153435458368114
992 3.0014842649878584
993 3.051620151552636
994 2.9670603574958365
995 2.5343784386088526
996 2.859263808573855
997 2.5181048353806212
998 2.5913890418054506
999 2.7634861368228334
1000 2.8830133927607067
