1 -1.905558580982874
2 -1.905558580982874
3 -1.905558580982874
4 -1.905558580982874
5 -1.9111860284988995
6 -1.9111860284988995
7 -1.9111860284988995
8 -1.9123116745361148
9 -1.9123116745361148
10 -1.9123116745361148
11 -1.9123116745361148
12 -1.9123116745361148
13 -1.9123116745361148
14 -1.9123116745361148
15 -1.9123116745361148
16 -1.9123116745361148
17 -1.9123116745361148
18 -1.9123116745361148
19 -1.9123116745361148
20 -1.9123116745361148
21 -1.9123116745361148
22 -1.9123116745361148
23 -1.9123116745361148
24 -1.9123116745361148
25 -1.9123116745361148
26 -1.9123116745361148
27 -1.9123116745361148
28 -1.9123116745361148
29 -1.9123116745361148
30 -1.9123116745361148
31 -1.9123116745361148
32 -1.9123116745361148
33 -1.9123116745361148
34 -1.9123116745361148
35 -1.9123116745361148
36 -1.9123116745361148
37 -1.9123116745361148
38 -1.9123116745361148
39 -1.9123116745361148
40 -1.9123116745361148
41 -1.9123116745361148
42 -1.9123116745361148
43 -1.9123116745361148
44 -1.9123116745361148
45 -1.9123116745361148
46 -1.9123116745361148
47 -1.9123116745361148
48 -1.9123116745361148
49 -1.9123116745361148
50 -1.9123116745361148
51 -1.9123141620035788
52 -1.9123141620035788
53 -1.9123141620035788
54 -1.9123141620035788
55 -1.9123141620035788
56 -1.9123141620035788
57 -1.9123141620035788
58 -1.9123141620035788
59 -1.9123141620035788
60 -1.9123141620035788
61 -1.9123141620035788
62 -1.9123142323146487
63 -1.9123142323146487
64 -1.9123142323146487
65 -1.91231494115004
66 -1.91231494115004
67 -1.91231494115004
68 -1.91231494115004
69 -1.91231494115004
70 -1.9128885839630523
71 -1.9128885839630523
72 -1.9128885839630523
73 -1.9128885839630523
74 -1.9128885839630523
75 -1.9128885839630523
76 -1.9128885839630523
77 -1.9128885839630523
78 -1.9128885839630523
79 -1.9128885839630523
80 -1.9128885839630523
81 -1.9128885839630523
82 -1.9128885839630523
83 -1.9128885839630523
84 -1.9128885839630523
85 -1.9128885839630523
86 -1.9128885839630523
87 -1.9128885839630523
88 -1.9128885839630523
89 -1.9128885839630523
90 -1.9128885839630523
91 -1.9128885839630523
92 -1.9128885839630523
93 -1.9128885839630523
94 -1.9128885839630523
95 -1.9128885839630523
96 -1.9128885839630523
97 -1.9128885839630523
98 -1.9128885839630523
99 -1.9128885839630523
100 -1.9128885839630523
101 -1.9128885839630523
102 -1.9128885839630523
103 -1.9128885839630523
104 -1.9128885839630523
105 -1.9128885839630523
106 -1.9128885839630523
107 -1.9128885839630523
108 -1.9128885839630523
109 -1.9128885839630523
110 -1.9128885839630523
111 -1.9128885839630523
112 -1.9128885839630523
113 -1.9128885839630523
114 -1.9128885839630523
115 -1.9128885839630523
116 -1.9128885839630523
117 -1.9128885839630523
118 -1.9128885839630523
119 -1.9128885839630523
120 -1.9128885839630523
121 -1.9128885839630523
122 -1.9128885839630523
123 -1.9128885839630523
124 -1.9128885839630523
125 -1.9128885839630523
126 -1.9128885839630523
127 -1.9128885839630523
128 -1.9128885839630523
129 -1.9128885839630523
130 -1.9128885839630523
131 -1.9128885839630523
132 -1.9128885839630523
133 -1.9128885839630523
134 -1.9128885839630523
135 -1.9128885839630523
136 -1.9128885839630523
137 -1.9128885839630523
138 -1.9128885839630523
139 -1.9128885839630523
140 -1.9128885839630523
141 -1.9128885839630523
142 -1.9128885839630523
143 -1.9128885839630523
144 -1.9128885839630523
145 -1.9128885839630523
146 -1.9128885839630523
147 -1.9128885839630523
148 -1.9128885839630523
149 -1.9128885839630523
150 -1.9128885839630523
151 -1.9128885839630523
152 -1.9128885839630523
153 -1.9128885839630523
154 -1.9128885839630523
155 -1.9128885839630523
156 -1.9128885839630523
157 -1.9128885839630523
158 -1.9128885839630523
159 -1.9128885839630523
160 -1.9128885839630523
161 -1.9128885839630523
162 -1.9128885839630523
163 -1.9128885839630523
164 -1.9128885839630523
165 -1.9128885839630523
166 -1.9128885839630523
167 -1.9128885839630523
168 -1.9128885839630523
169 -1.9128885839630523
170 -1.9128885839630523
171 -1.9128885839630523
172 -1.9128885839630523
173 -1.9128885839630523
174 -1.9128885839630523
175 -1.9128885839630523
176 -1.9128885839630523
177 -1.9128885839630523
178 -1.9128885839630523
179 -1.9128885839630523
180 -1.9128885839630523
181 -1.9128885839630523
182 -1.9128885839630523
183 -1.9128885839630523
184 -1.9128885839630523
185 -1.9128885839630523
186 -1.9128885839630523
187 -1.9128885839630523
188 -1.9128885839630523
189 -1.9128885839630523
190 -1.9128885839630523
191 -1.9128885839630523
192 -1.9128885839630523
193 -1.9128885839630523
194 -1.9128885839630523
195 -1.9128885839630523
196 -1.9128885839630523
197 -1.9128885839630523
198 -1.9128885839630523
199 -1.9128885839630523
200 -1.9128885839630523
201 -1.9128885839630523
202 -1.9128885839630523
203 -1.9128885839630523
204 -1.9128885839630523
205 -1.9128885839630523
206 -1.9128885839630523
207 -1.9128885839630523
208 -1.9128885839630523
209 -1.9128885839630523
210 -1.9128885839630523
211 -1.9128885839630523
212 -1.9128885839630523
213 -1.9128885839630523
214 -1.9128885839630523
215 -1.9128885839630523
216 -1.9128885839630523
217 -1.9128885839630523
218 -1.9128885839630523
219 -1.9128885839630523
220 -1.9128885839630523
221 -1.9128885839630523
222 -1.9128885839630523
223 -1.9128885839630523
224 -1.9128885839630523
225 -1.9128885839630523
226 -1.9128885839630523
227 -1.9128885839630523
228 -1.9128885839630523
229 -1.9128885839630523
230 -1.9128885839630523
231 -1.9128885839630523
232 -1.9128885839630523
233 -1.9128885839630523
234 -1.9128885839630523
235 -1.9128885839630523
236 -1.9128885839630523
237 -1.9128885839630523
238 -1.9128885839630523
239 -1.9128885839630523
240 -1.9128885839630523
241 -1.9128885839630523
242 -1.9128885839630523
243 -1.9128885839630523
244 -1.9128885839630523
245 -1.9128885839630523
246 -1.9128885839630523
247 -1.9128885839630523
248 -1.9128885839630523
249 -1.9128885839630523
250 -1.9128885839630523
251 -1.9128885839630523
252 -1.9128885839630523
253 -1.9128885839630523
254 -1.9128885839630523
255 -1.9128885839630523
256 -1.9128885839630523
257 -1.9128885839630523
258 -1.9128885839630523
259 -1.9128885839630523
260 -1.9128885839630523
261 -1.9128885839630523
262 -1.9128885839630523
263 -1.9128885839630523
264 -1.9128885839630523
265 -1.9128885839630523
266 -1.9128885839630523
267 -1.9128885839630523
268 -1.9128885839630523
269 -1.9128885839630523
270 -1.9128885839630523
271 -1.9128885839630523
272 -1.9128885839630523
273 -1.9128885839630523
274 -1.9128885839630523
275 -1.9128885839630523
276 -1.9128885839630523
277 -1.9128885839630523
278 -1.9128885839630523
279 -1.9128885839630523
280 -1.9128885839630523
281 -1.9128885839630523
282 -1.9128885839630523
283 -1.9128885839630523
284 -1.9128885839630523
285 -1.9128885839630523
286 -1.9128885839630523
287 -1.9128885839630523
288 -1.9128885839630523
289 -1.9128885839630523
290 -1.9128885839630523
291 -1.9128885839630523
292 -1.9128885839630523
293 -1.9128885839630523
294 -1.9129206530027885
295 -1.9129206530027885
296 -1.9129206530027885
297 -1.9129206530027885
298 -1.9129206530027885
299 -1.9129206530027885
300 -1.9129206530027885
301 -1.9129206530027885
302 -1.9129206530027885
303 -1.9129206530027885
304 -1.9129206530027885
305 -1.9129206530027885
306 -1.9129206530027885
307 -1.9129206530027885
308 -1.9129206530027885
309 -1.9129206530027885
310 -1.9129206530027885
311 -1.9129206530027885
312 -1.9129206530027885
313 -1.9129206530027885
314 -1.9129206530027885
315 -1.9129206530027885
316 -1.9129206530027885
317 -1.9129206530027885
318 -1.9129206530027885
319 -1.9129206530027885
320 -1.9129206530027885
321 -1.9129206530027885
322 -1.9129206530027885
323 -1.9129206530027885
324 -1.9129206530027885
325 -1.9129206530027885
326 -1.9129206530027885
327 -1.9129206530027885
328 -1.9129206530027885
329 -1.9129206530027885
330 -1.9129206530027885
331 -1.9129206530027885
332 -1.9129206530027885
333 -1.9129206530027885
334 -1.9129206530027885
335 -1.9129206530027885
336 -1.9129206530027885
337 -1.9129206530027885
338 -1.9129206530027885
339 -1.9129206530027885
340 -1.9129206530027885
341 -1.9129206530027885
342 -1.9129206530027885
343 -1.9129206530027885
344 -1.9129206530027885
345 -1.9129206530027885
346 -1.9129206530027885
347 -1.9129206530027885
348 -1.9129206530027885
349 -1.9129206530027885
350 -1.9129206530027885
351 -1.9129206530027885
352 -1.9129206530027885
353 -1.9129206530027885
354 -1.9129206530027885
355 -1.9129206530027885
356 -1.9129206530027885
357 -1.9129206530027885
358 -1.9129206530027885
359 -1.9129206530027885
360 -1.9129206530027885
361 -1.9129206530027885
362 -1.9129206530027885
363 -1.9129206530027885
364 -1.9129206530027885
365 -1.9129206530027885
366 -1.9129206530027885
367 -1.9129206530027885
368 -1.9129206530027885
369 -1.9129206530027885
370 -1.9129206530027885
371 -1.9129206530027885
372 -1.9129206530027885
373 -1.9129206530027885
374 -1.9129206530027885
375 -1.9129206530027885
376 -1.9129206530027885
377 -1.9129206530027885
378 -1.9129206530027885
379 -1.9129206530027885
380 -1.9129206530027885
381 -1.9129206530027885
382 -1.9129206530027885
383 -1.9129206530027885
384 -1.9129206530027885
385 -1.9129206530027885
386 -1.9129206530027885
387 -1.9129206530027885
388 -1.9129206530027885
389 -1.9129206530027885
390 -1.9129206530027885
391 -1.9129206530027885
392 -1.9129206530027885
393 -1.9129206530027885
394 -1.9129206530027885
395 -1.9129206530027885
396 -1.9129206530027885
397 -1.9129206530027885
398 -1.9129206530027885
399 -1.9129206530027885
400 -1.9129206530027885
401 -1.9129206530027885
402 -1.9129206530027885
403 -1.9129206530027885
404 -1.9129206530027885
405 -1.9129206530027885
406 -1.9129206530027885
407 -1.9129206530027885
408 -1.9129206530027885
409 -1.9129206530027885
410 -1.9129206530027885
411 -1.9129206530027885
412 -1.9129206530027885
413 -1.9129206530027885
414 -1.9129206530027885
415 -1.9129206530027885
416 -1.9129206530027885
417 -1.9129206530027885
418 -1.9129206530027885
419 -1.9129206530027885
420 -1.9129206530027885
421 -1.9129206530027885
422 -1.9129206530027885
423 -1.9129206530027885
424 -1.9129206530027885
425 -1.9129206530027885
426 -1.9129206530027885
427 -1.9129206530027885
428 -1.9129206530027885
429 -1.9129206530027885
430 -1.9129206530027885
431 -1.9129206530027885
432 -1.9129206530027885
433 -1.9129206530027885
434 -1.9129206530027885
435 -1.9129206530027885
436 -1.9129206530027885
437 -1.9129206530027885
438 -1.9129206530027885
439 -1.9129206530027885
440 -1.9129206530027885
441 -1.9129206530027885
442 -1.9129206530027885
443 -1.9131353118818892
444 -1.9131353118818892
445 -1.9131353118818892
446 -1.9131353118818892
447 -1.9131353118818892
448 -1.9131353118818892
449 -1.9131353118818892
450 -1.9131353118818892
451 -1.9131353118818892
452 -1.9131353118818892
453 -1.9131353118818892
454 -1.9131353118818892
455 -1.9131353118818892
456 -1.9131353118818892
457 -1.9131353118818892
458 -1.9131353118818892
459 -1.9131353118818892
460 -1.9131353118818892
461 -1.9131353118818892
462 -1.9131353118818892
463 -1.9131353118818892
464 -1.9131353118818892
465 -1.9131353118818892
466 -1.9131353118818892
467 -1.9131353118818892
468 -1.9131353118818892
469 -1.9131353118818892
470 -1.9131353118818892
471 -1.9131353118818892
472 -1.9131353118818892
473 -1.9131353118818892
474 -1.9131353118818892
475 -1.9131353118818892
476 -1.9131353118818892
477 -1.9131353118818892
478 -1.9131353118818892
479 -1.9131353118818892
480 -1.9131353118818892
481 -1.9131353118818892
482 -1.9131353118818892
483 -1.9131353118818892
484 -1.9131353118818892
485 -1.9131353118818892
486 -1.9131353118818892
487 -1.9131353118818892
488 -1.9131353118818892
489 -1.9131353118818892
490 -1.9131353118818892
491 -1.9131353118818892
492 -1.9131353118818892
493 -1.9131353118818892
494 -1.9131353118818892
495 -1.9131353118818892
496 -1.9131353118818892
497 -1.9131353118818892
498 -1.9131353118818892
499 -1.9131353118818892
500 -1.9131353118818892
501 -1.9131353118818892
502 -1.9131353118818892
503 -1.9131353118818892
504 -1.9131353118818892
505 -1.9131353118818892
506 -1.9131353118818892
507 -1.9131353118818892
508 -1.9131353118818892
509 -1.9131353118818892
510 -1.9131353118818892
511 -1.9131353118818892
512 -1.9131353118818892
513 -1.9131353118818892
514 -1.9131353118818892
515 -1.9131353118818892
516 -1.9131353118818892
517 -1.9131353118818892
518 -1.9131353118818892
519 -1.9131353118818892
520 -1.9131353118818892
521 -1.9131353118818892
522 -1.9131353118818892
523 -1.9131353118818892
524 -1.9131353118818892
525 -1.9131353118818892
526 -1.9131353118818892
527 -1.9131353118818892
528 -1.9131353118818892
529 -1.9131353118818892
530 -1.9131353118818892
531 -1.9131353118818892
532 -1.9131353118818892
533 -1.9131353118818892
534 -1.9131353118818892
535 -1.9131353118818892
536 -1.9131353118818892
537 -1.9131353118818892
538 -1.9131353118818892
539 -1.9131353118818892
540 -1.9131353118818892
541 -1.9131353118818892
542 -1.9131353118818892
543 -1.9131353118818892
544 -1.9131353118818892
545 -1.9131353118818892
546 -1.9131353118818892
547 -1.9131353118818892
548 -1.9131353118818892
549 -1.9131353118818892
550 -1.9131353118818892
551 -1.9131353118818892
552 -1.9131353118818892
553 -1.9131353118818892
554 -1.9131353118818892
555 -1.9131353118818892
556 -1.9131353118818892
557 -1.9131353118818892
558 -1.9131353118818892
559 -1.9131353118818892
560 -1.9131353118818892
561 -1.9131353118818892
562 -1.9131353118818892
563 -1.9131353118818892
564 -1.9131353118818892
565 -1.9131353118818892
566 -1.9131353118818892
567 -1.9131353118818892
568 -1.9131353118818892
569 -1.9131353118818892
570 -1.9131353118818892
571 -1.9131353118818892
572 -1.9131353118818892
573 -1.9131353118818892
574 -1.9131353118818892
575 -1.9131353118818892
576 -1.9131353118818892
577 -1.9131353118818892
578 -1.9131353118818892
579 -1.9131353118818892
580 -1.9131353118818892
581 -1.9131353118818892
582 -1.9131353118818892
583 -1.9131353118818892
584 -1.9131353118818892
585 -1.9131353118818892
586 -1.9131353118818892
587 -1.9131353118818892
588 -1.9131353118818892
589 -1.9131353118818892
590 -1.9131353118818892
591 -1.9131353118818892
592 -1.9131353118818892
593 -1.9131353118818892
594 -1.9131353118818892
595 -1.9131353118818892
596 -1.9131353118818892
597 -1.9131353118818892
598 -1.9131353118818892
599 -1.9131353118818892
600 -1.9131353118818892
601 -1.9131353118818892
602 -1.9131353118818892
603 -1.9131353118818892
604 -1.9131353118818892
605 -1.9131353118818892
606 -1.9131353118818892
607 -1.9131353118818892
608 -1.9131353118818892
609 -1.9131353118818892
610 -1.9131353118818892
611 -1.9131353118818892
612 -1.9131353118818892
613 -1.9131353118818892
614 -1.9131353118818892
615 -1.9131353118818892
616 -1.9131353118818892
617 -1.9131353118818892
618 -1.9131353118818892
619 -1.9131353118818892
620 -1.9131353118818892
621 -1.9131353118818892
622 -1.9131353118818892
623 -1.9131353118818892
624 -1.9131353118818892
625 -1.9131353118818892
626 -1.9131353118818892
627 -1.9131353118818892
628 -1.9131353118818892
629 -1.9131353118818892
630 -1.9131353118818892
631 -1.9131353118818892
632 -1.9131353118818892
633 -1.9131353118818892
634 -1.9131353118818892
635 -1.9131353118818892
636 -1.9131353118818892
637 -1.9131353118818892
638 -1.9131353118818892
639 -1.9131353118818892
640 -1.9131353118818892
641 -1.9131353118818892
642 -1.9131353118818892
643 -1.9131353118818892
644 -1.9131353118818892
645 -1.9131353118818892
646 -1.9131353118818892
647 -1.9131353118818892
648 -1.9131353118818892
649 -1.9131353118818892
650 -1.9131353118818892
651 -1.9131353118818892
652 -1.9131353118818892
653 -1.9131353118818892
654 -1.9131353118818892
655 -1.9131353118818892
656 -1.9131353118818892
657 -1.9131353118818892
658 -1.9131353118818892
659 -1.9131353118818892
660 -1.9131353118818892
661 -1.9131353118818892
662 -1.9131353118818892
663 -1.9131353118818892
664 -1.9131353118818892
665 -1.9131353118818892
666 -1.9131353118818892
667 -1.9131353118818892
668 -1.9131353118818892
669 -1.9131353118818892
670 -1.9131353118818892
671 -1.9131353118818892
672 -1.9131353118818892
673 -1.9131353118818892
674 -1.9131353118818892
675 -1.9131353118818892
676 -1.9131353118818892
677 -1.9131353118818892
678 -1.9131353118818892
679 -1.9131353118818892
680 -1.9131353118818892
681 -1.9131353118818892
682 -1.9131353118818892
683 -1.9131353118818892
684 -1.9131353118818892
685 -1.9131353118818892
686 -1.9131353118818892
687 -1.9131353118818892
688 -1.9131353118818892
689 -1.9131353118818892
690 -1.9131353118818892
691 -1.9131353118818892
692 -1.9131353118818892
693 -1.9131353118818892
694 -1.9131353118818892
695 -1.9131353118818892
696 -1.9131353118818892
697 -1.9131353118818892
698 -1.9131353118818892
699 -1.9131353118818892
700 -1.9131353118818892
701 -1.9131353118818892
702 -1.9131353118818892
703 -1.9131353118818892
704 -1.9131353118818892
705 -1.9131353118818892
706 -1.9131353118818892
707 -1.9131353118818892
708 -1.9131353118818892
709 -1.9131353118818892
710 -1.9131353118818892
711 -1.9131353118818892
712 -1.9131353118818892
713 -1.9131353118818892
714 -1.9131353118818892
715 -1.9131353118818892
716 -1.9131353118818892
717 -1.9131353118818892
718 -1.9131353118818892
719 -1.9131353118818892
720 -1.9131353118818892
721 -1.9131353118818892
722 -1.9131353118818892
723 -1.9131353118818892
724 -1.9131353118818892
725 -1.9131353118818892
726 -1.9131353118818892
727 -1.9131353118818892
728 -1.9131353118818892
729 -1.9131353118818892
730 -1.9131353118818892
731 -1.9131353118818892
732 -1.9131353118818892
733 -1.9131353118818892
734 -1.9131353118818892
735 -1.9131353118818892
736 -1.9131353118818892
737 -1.9131353118818892
738 -1.9131353118818892
739 -1.9131353118818892
740 -1.9131353118818892
741 -1.9131353118818892
742 -1.9131353118818892
743 -1.9131353118818892
744 -1.9131353118818892
745 -1.9131353118818892
746 -1.9131353118818892
747 -1.9131353118818892
748 -1.9131353118818892
749 -1.9131353118818892
750 -1.9131353118818892
751 -1.9131353118818892
752 -1.9131353118818892
753 -1.9131353118818892
754 -1.9131353118818892
755 -1.9131353118818892
756 -1.9131353118818892
757 -1.9131353118818892
758 -1.9131353118818892
759 -1.9131353118818892
760 -1.9131353118818892
761 -1.9131353118818892
762 -1.9131353118818892
763 -1.9131353118818892
764 -1.9131353118818892
765 -1.9131353118818892
766 -1.9131353118818892
767 -1.9131353118818892
768 -1.9131353118818892
769 -1.9131353118818892
770 -1.9131353118818892
771 -1.9131353118818892
772 -1.9131353118818892
773 -1.9131353118818892
774 -1.9131353118818892
775 -1.9131353118818892
776 -1.9131353118818892
777 -1.9131353118818892
778 -1.9131353118818892
779 -1.9131353118818892
780 -1.9131353118818892
781 -1.9131353118818892
782 -1.9131353118818892
783 -1.9131353118818892
784 -1.9131353118818892
785 -1.9131353118818892
786 -1.9131353118818892
787 -1.9131353118818892
788 -1.9131353118818892
789 -1.9131353118818892
790 -1.9131353118818892
791 -1.9131353118818892
792 -1.9131353118818892
793 -1.9131353118818892
794 -1.9131353118818892
795 -1.9131353118818892
796 -1.9131353118818892
797 -1.9131353118818892
798 -1.9131353118818892
799 -1.9131353118818892
800 -1.9131353118818892
801 -1.9131353118818892
802 -1.9131353118818892
803 -1.9131353118818892
804 -1.9131353118818892
805 -1.9131353118818892
806 -1.9131353118818892
807 -1.9131353118818892
808 -1.9131353118818892
809 -1.9131353118818892
810 -1.9131353118818892
811 -1.9131353118818892
812 -1.9131353118818892
813 -1.9131353118818892
814 -1.9131353118818892
815 -1.9131353118818892
816 -1.9131353118818892
817 -1.9131353118818892
818 -1.9131353118818892
819 -1.9131353118818892
820 -1.9131353118818892
821 -1.9131353118818892
822 -1.9131353118818892
823 -1.9131353118818892
824 -1.9131777815026432
825 -1.9131777815026432
826 -1.9131777815026432
827 -1.9131777815026432
828 -1.9131777815026432
829 -1.9131777815026432
830 -1.9131777815026432
831 -1.9131777815026432
832 -1.9131777815026432
833 -1.9131777815026432
834 -1.9131777815026432
835 -1.9131777815026432
836 -1.9131777815026432
837 -1.9131777815026432
838 -1.9131777815026432
839 -1.9131777815026432
840 -1.9131777815026432
841 -1.9131777815026432
842 -1.9131777815026432
843 -1.9131777815026432
844 -1.9131777815026432
845 -1.9131777815026432
846 -1.9131777815026432
847 -1.9131777815026432
848 -1.9131777815026432
849 -1.9131777815026432
850 -1.9131777815026432
851 -1.9131777815026432
852 -1.9131777815026432
853 -1.9131777815026432
854 -1.9131777815026432
855 -1.9131777815026432
856 -1.9131777815026432
857 -1.9131777815026432
858 -1.9131777815026432
859 -1.9131777815026432
860 -1.9131777815026432
861 -1.9131777815026432
862 -1.9131777815026432
863 -1.9131777815026432
864 -1.9131777815026432
865 -1.9131777815026432
866 -1.9131777815026432
867 -1.9131777815026432
868 -1.9131777815026432
869 -1.9131777815026432
870 -1.9131777815026432
871 -1.9131777815026432
872 -1.9131777815026432
873 -1.9131777815026432
874 -1.9131777815026432
875 -1.9131777815026432
876 -1.9131777815026432
877 -1.9131777815026432
878 -1.9131777815026432
879 -1.9131777815026432
880 -1.9131777815026432
881 -1.9131777815026432
882 -1.9131777815026432
883 -1.9131777815026432
884 -1.9131777815026432
885 -1.9131777815026432
886 -1.9131777815026432
887 -1.9131777815026432
888 -1.9131777815026432
889 -1.9131777815026432
890 -1.9131777815026432
891 -1.9131777815026432
892 -1.9131777815026432
893 -1.9131777815026432
894 -1.9131777815026432
895 -1.9131777815026432
896 -1.9131777815026432
897 -1.9131777815026432
898 -1.9131777815026432
899 -1.9131777815026432
900 -1.9131777815026432
901 -1.9131777815026432
902 -1.9131777815026432
903 -1.9131777815026432
904 -1.9131777815026432
905 -1.9131777815026432
906 -1.9131777815026432
907 -1.9131777815026432
908 -1.9131777815026432
909 -1.9131777815026432
910 -1.9131777815026432
911 -1.9131777815026432
912 -1.9131777815026432
913 -1.9131777815026432
914 -1.9131777815026432
915 -1.9131777815026432
916 -1.9131777815026432
917 -1.9131777815026432
918 -1.9131777815026432
919 -1.9131777815026432
920 -1.9131777815026432
921 -1.9131777815026432
922 -1.9131777815026432
923 -1.9131777815026432
924 -1.9131777815026432
925 -1.9131777815026432
926 -1.9131777815026432
927 -1.9131777815026432
928 -1.9131777815026432
929 -1.9131777815026432
930 -1.9131777815026432
931 -1.9131777815026432
932 -1.9131777815026432
933 -1.9131777815026432
934 -1.9131777815026432
935 -1.9131777815026432
936 -1.9131777815026432
937 -1.9131777815026432
938 -1.9131777815026432
939 -1.9131777815026432
940 -1.9131777815026432
941 -1.9131777815026432
942 -1.9131777815026432
943 -1.9131777815026432
944 -1.9131777815026432
945 -1.9131777815026432
946 -1.9131777815026432
947 -1.9131777815026432
948 -1.9131777815026432
949 -1.9131777815026432
950 -1.9131777815026432
951 -1.9131777815026432
952 -1.9131777815026432
953 -1.9131777815026432
954 -1.9131777815026432
955 -1.9131777815026432
956 -1.9131777815026432
957 -1.9131777815026432
958 -1.9131777815026432
959 -1.9131777815026432
960 -1.9131777815026432
961 -1.9131777815026432
962 -1.9131777815026432
963 -1.9131777815026432
964 -1.9131777815026432
965 -1.9131777815026432
966 -1.9131777815026432
967 -1.9131777815026432
968 -1.9131777815026432
969 -1.9131777815026432
970 -1.9131777815026432
971 -1.9131777815026432
972 -1.9131777815026432
973 -1.9131777815026432
974 -1.9131777815026432
975 -1.9131777815026432
976 -1.9131777815026432
977 -1.9131777815026432
978 -1.9131777815026432
979 -1.9131777815026432
980 -1.9131777815026432
981 -1.9131777815026432
982 -1.9131777815026432
983 -1.9131777815026432
984 -1.9131777815026432
985 -1.9131777815026432
986 -1.9131777815026432
987 -1.9131777815026432
988 -1.9131777815026432
989 -1.9131777815026432
990 -1.9131777815026432
991 -1.9131777815026432
992 -1.9131777815026432
993 -1.9131777815026432
994 -1.9131777815026432
995 -1.9131777815026432
996 -1.9131777815026432
997 -1.9131777815026432
998 -1.9131777815026432
999 -1.9131777815026432
1000 -1.9131777815026432
