1 6.512775472163896
2 6.49280145656583
3 7.2306358322124265
4 7.261840267381995
5 7.381591057998314
6 7.146109659563584
7 7.631274233445481
8 7.223692572550638
9 7.706356071395631
10 6.723315639739065
11 6.966303571185704
12 7.364434241554709
13 7.3555900014029705
14 7.71398781503278
15 7.271723066815551
16 7.218477253399309
17 7.837534050188119
18 7.253184992260841
19 7.237012699473531
20 7.322984602123941
21 6.808943561916493
22 7.312621669381067
23 7.57762348873543
24 7.840244162155689
25 7.201742185019834
26 7.70869417969564
27 7.224803498305774
28 7.2691236840506885
29 7.607087432696268
30 7.395326064082437
31 7.422311721847812
32 7.36439820689558
33 7.667738991131523
34 7.133818776408196
35 7.138913871518016
36 7.179151033510895
37 7.770059661121286
38 7.338377316508788
39 7.459268090968802
40 7.296622165230992
41 7.751938189555609
42 7.0544368982270536
43 6.89212994269619
44 7.558329316910984
45 7.288389213150206
46 7.606224585839652
47 7.406949297095414
48 7.63405818097708
49 7.449872251963297
50 7.825210176721526
51 6.785443223612491
52 7.379657840544221
53 7.423161370049525
54 7.524073523531039
55 7.105058206165038
56 7.657379950090678
57 7.35533450377496
58 7.608674398505055
59 7.381987066327736
60 6.7922525516426004
61 7.78278989689876
62 7.273793211260929
63 7.7461107227688535
64 7.3042386372717525
65 7.799716138446578
66 7.757025528690015
67 7.532651465238209
68 7.815337452639707
69 7.5785442400761065
70 7.4353894490345045
71 7.399928186740516
72 7.614585778480307
73 7.109116559777078
74 7.556135398208616
75 7.522214440782458
76 7.222964168916594
77 7.432840891063301
78 7.327055177598234
79 7.425661027720825
80 7.4248371098499275
81 7.572057359377043
82 7.720371726376485
83 7.596682114618516
84 7.770296482578693
85 7.214794120042736
86 7.5562167559403735
87 7.586761335122405
88 7.475604950896345
89 6.607200342588641
90 7.635102971392541
91 7.204784797183816
92 7.687066909119898
93 7.849930059317239
94 7.75679105444971
95 7.629403543718083
96 7.243875357735045
97 7.6266299640221655
98 7.545934780597475
99 7.734446109176235
100 7.328864686380762
101 7.018193484941081
102 7.625806982194283
103 7.776610772184168
104 7.458157865334458
105 6.879225607222023
106 7.286432211493657
107 7.20861933824177
108 7.355103752547428
109 7.057098003789843
110 7.52507733756171
111 7.456893335487007
112 7.012908690314835
113 7.310556037320213
114 7.328706167801545
115 7.717613450111478
116 7.439801034042012
117 7.346621074793562
118 7.6598217592089455
119 7.078325150716573
120 7.3765964835005295
121 7.181929425547319
122 7.626620809113415
123 7.7077877478037715
124 6.925189327844227
125 7.1187853529800025
126 7.787843445493072
127 7.127991855003607
128 7.716923665011173
129 8.023290746454007
130 7.968565046473453
131 7.567077198765968
132 7.208014830325711
133 7.671029200725152
134 7.459711108033103
135 7.737219396111042
136 7.384523254653799
137 7.357982785955327
138 7.0692406640314065
139 7.848153073927762
140 7.606807062788653
141 7.98752335415862
142 7.870990297384079
143 7.283553899212845
144 7.063011994341124
145 7.656875536687512
146 7.518801986966387
147 7.416136593858489
148 7.606673730741362
149 7.559046010884541
150 7.367237028379431
151 8.105137652324071
152 6.711004036787664
153 7.399561912535751
154 7.444118863957854
155 7.693421272124718
156 7.976103955073545
157 7.476281583480887
158 7.6513222167221695
159 7.428969556520176
160 7.347466276177343
161 7.6155961270733785
162 7.518523123926988
163 7.788287532206918
164 7.60451143239325
165 7.523568598906833
166 7.573866097129604
167 7.194280470618893
168 7.540950992063481
169 7.37572413273967
170 7.34176931909947
171 7.614101857646446
172 7.3312630045027625
173 7.584898476455415
174 7.3604080443679445
175 7.50810546405048
176 7.411901281916394
177 7.24274746736602
178 7.776767291698908
179 7.798456523209873
180 7.484109083048096
181 7.673172498162459
182 7.072709767088159
183 7.364708100362062
184 7.134644994685368
185 7.020024969855063
186 7.5763489222303235
187 7.735484345807411
188 8.041248670184164
189 7.180363131672455
190 8.019864262352705
191 7.424728665121856
192 7.491739071231699
193 7.718025454710317
194 7.527402123196163
195 7.717149665549719
196 7.452275380471354
197 7.004738341441618
198 7.234532344548451
199 7.108364409448346
200 7.396204771718044
201 7.879313079703556
202 7.625539999049757
203 7.139464324858901
204 6.936905705375109
205 7.4679412885879275
206 7.598474244038547
207 7.921001107032911
208 7.64570951043446
209 7.294842620077106
210 7.47618068569948
211 7.394803100561129
212 7.420533352277728
213 7.681099248288652
214 7.549783756194191
215 7.313172134228115
216 7.32890775069077
217 7.304690279343267
218 7.461086946825844
219 7.419575259045409
220 7.394111244277865
221 7.211677363376243
222 7.597872622250795
223 7.50283137679193
224 7.90008696888569
225 7.212677130793451
226 7.354210347176281
227 7.696876759825238
228 7.156624475442843
229 7.479415438666065
230 7.952674365715387
231 7.728928869019905
232 7.633959589988779
233 7.948691092899102
234 7.149021018274281
235 7.650202895128596
236 7.454268210509274
237 7.46586177040954
238 7.715640546472801
239 7.557222199573871
240 7.459998114895808
241 8.090345548694929
242 7.558526728032945
243 7.137105433464318
244 7.636890572791471
245 7.561629904349836
246 7.484230925184964
247 7.711699650283982
248 7.632313096091022
249 7.424286757627676
250 7.307569457798557
251 7.575396278834852
252 7.433654315390269
253 8.003735436556923
254 8.250091139877993
255 7.635352243997595
256 7.4830099513176265
257 7.744378779495694
258 7.545315716580661
259 7.699820969271906
260 7.379779214641245
261 7.443068486703903
262 7.58834678356256
263 7.109256274436558
264 7.429766016513851
265 7.753030510008331
266 7.093007823899592
267 6.665251848454177
268 7.69506956261587
269 7.661262344235392
270 7.832487135768423
271 7.332612113901337
272 7.959169547733103
273 7.852117809130257
274 7.273168524401509
275 7.2206034854237435
276 7.83340076440782
277 7.566126886814756
278 7.384679596022767
279 7.159053948790331
280 7.209646491968082
281 7.465106112661757
282 7.216898381997487
283 7.4911746602328515
284 7.221349295913932
285 7.595412945330426
286 8.049355124373262
287 7.55874286821598
288 7.5566026313061005
289 7.919113690708144
290 7.378789423468439
291 7.259771488328328
292 7.5192874175788855
293 7.328516143237694
294 7.347193685893379
295 7.576926453673795
296 7.747754096140698
297 7.5828815355978865
298 7.079175928725647
299 7.578093810686109
300 7.290362028715756
301 7.722856758671724
302 7.006290980666825
303 7.357942400071494
304 7.241406028955122
305 7.773485719355532
306 7.429052772589042
307 7.29877686135732
308 7.33837485449914
309 7.686577679548288
310 8.091344857936601
311 7.372278756681285
312 7.342602419132322
313 7.522080315660598
314 7.2208534182845305
315 7.530128582514994
316 7.494723226212443
317 7.478533861266333
318 7.543461101578442
319 7.477335454921056
320 6.929086348234857
321 7.801171722500632
322 7.473846422279727
323 7.568901228947889
324 7.550592624676299
325 7.578628848189737
326 7.3367388776343345
327 7.593191911206294
328 7.399504220993743
329 7.410911621088632
330 7.009231376431059
331 7.355118095349161
332 7.325241793113057
333 7.717423585044764
334 7.4690176736060465
335 7.543143193281242
336 7.734238684533338
337 8.115702327116942
338 7.5258743135894015
339 7.979144831088664
340 7.343674730135091
341 7.655451035773371
342 7.535131429165183
343 7.13761330216905
344 7.795808020597891
345 6.704685325369182
346 7.360555995434038
347 7.424632172350266
348 7.687541208384665
349 7.834122612901752
350 7.781308214920741
351 6.880797026250635
352 7.598346900604969
353 7.564163195426542
354 7.429760224338148
355 7.560230381125984
356 7.691461790981359
357 7.440846913214901
358 6.9245856402444375
359 7.237712560906059
360 7.568095476576684
361 7.1916504658926
362 6.882874715072001
363 7.2677038439996835
364 6.930964894724361
365 7.273260620619361
366 7.297116361344666
367 7.085373032354857
368 7.364574450271884
369 7.680933989664568
370 8.16581894452929
371 7.54328857430518
372 7.8602825285585025
373 7.954423664612269
374 7.94504543469595
375 8.167485796220273
376 7.1490362639366865
377 7.243135034449834
378 7.532816682424763
379 7.671799892116938
380 7.292471623613467
381 7.3055859702531825
382 7.116975579492279
383 7.25615402639427
384 7.186055224496144
385 7.464010308579106
386 7.234503600975715
387 7.013216354521946
388 7.36821209674679
389 7.562515201685766
390 7.428848526350508
391 6.990505930019452
392 7.641266479566238
393 7.847119408526463
394 7.057100161649894
395 7.581650792871633
396 7.387335145315171
397 7.439486171075767
398 7.666590519905943
399 7.664315008649548
400 7.582613805819599
401 7.926472881937191
402 7.825946453635665
403 7.3971641061137525
404 7.375321461805751
405 6.907525246784748
406 7.7958789121772565
407 6.751800989335948
408 6.916984316307408
409 6.959387127978447
410 7.304365531627699
411 7.325030215721175
412 7.596726147529371
413 7.166205154467673
414 7.594592891060947
415 7.923257949394347
416 7.360213593783892
417 7.183493194558645
418 7.074997509258531
419 7.327973981580773
420 7.576021481512477
421 7.614178891986341
422 7.587276545349905
423 7.740337191077955
424 7.559765794218256
425 7.427313514917029
426 7.99877599181465
427 7.269655401752014
428 7.331314630943547
429 7.35418176750537
430 7.446218629516515
431 7.619108280421038
432 7.470791237067621
433 7.106418287392572
434 7.7855569656036625
435 7.586197864964384
436 7.9395487665622415
437 7.507272157636362
438 7.327782244857495
439 7.8646725506065795
440 7.539866427790417
441 7.524409818178549
442 7.454472031616088
443 7.934574857621146
444 7.533840576488867
445 7.1723874943553145
446 8.16127183941542
447 7.277812549899474
448 6.959238309108218
449 6.978466833082432
450 7.2798116841415625
451 7.592970417379912
452 7.347302086649558
453 7.943579448115391
454 7.2943189705444205
455 7.302097493717433
456 8.020949334651252
457 7.721872459014328
458 6.801477240735808
459 7.271363961012982
460 7.595124918760805
461 7.068188128846503
462 7.352157962411527
463 7.680124408231213
464 7.090476320224865
465 7.599207229223634
466 7.438286135860676
467 7.018847325285659
468 7.733351862751649
469 6.644649431928473
470 7.0183842477516984
471 7.701053214659059
472 7.501735940065239
473 8.084546767463404
474 7.755651884019059
475 7.120970764776471
476 7.2839870430024
477 7.590382508992695
478 7.131203698531561
479 7.444337443320907
480 7.579030521363847
481 7.449479061397003
482 7.487776988448203
483 7.730858372239831
484 6.9897235278084535
485 6.612534860624773
486 7.053262164663936
487 7.176068143829997
488 7.876982786661111
489 7.542461631077749
490 7.424669440779522
491 7.443143446991539
492 7.73491193385834
493 7.634034311080965
494 7.048723883353942
495 7.745855927465297
496 7.115173948459366
497 7.444207537330281
498 7.5333422376792365
499 7.089188087630099
500 6.765062387308725
501 7.272096705100079
502 7.284634952528696
503 7.135609309886188
504 7.000776211052367
505 6.842762903301978
506 6.952372266250212
507 7.490190706160093
508 7.519887340449039
509 7.602078025912847
510 7.552494505969673
511 7.741521515662677
512 7.472691859255817
513 7.235536961671921
514 7.568131467066586
515 6.6425345938521465
516 7.467939096407624
517 7.228357310859091
518 7.914792270453451
519 7.091237392144809
520 7.282739602330852
521 7.268846689711699
522 7.3595668278303155
523 7.542056575834343
524 7.678772183545171
525 7.930533845893914
526 7.427926402985841
527 7.579532293706012
528 7.213241637027404
529 7.9238941037945105
530 7.172699116063278
531 7.477197801691363
532 7.586178661666532
533 7.3075967517002836
534 7.256397139217156
535 7.7800694323481645
536 7.642082347966918
537 7.427720448342319
538 7.715559971757548
539 7.767148302237531
540 7.957194880437069
541 8.094051184517122
542 7.2603167580025625
543 7.46821308955945
544 7.737922039127416
545 7.247800429864693
546 7.664726055219626
547 7.341497015696422
548 7.373340135877172
549 6.778372588373271
550 7.11171317837703
551 7.331910205435775
552 7.514218288962908
553 7.253415217212133
554 7.590551627314494
555 7.479351531983735
556 7.360348074762653
557 7.4239022356630135
558 7.993031775553958
559 7.307019953641807
560 7.539919334697543
561 7.237300901130173
562 7.838925351198201
563 7.459153408457458
564 7.203016669573094
565 7.24525702033648
566 7.916549675219763
567 7.312829837026896
568 7.334889841671564
569 7.721573188398332
570 7.764527008171006
571 7.049930065896286
572 7.560741462776647
573 7.651574602380836
574 7.272005405099652
575 7.759140550265755
576 7.239011271861446
577 7.692790373015572
578 7.355641948010114
579 7.2624995799609975
580 7.218830661114659
581 7.518633110166858
582 7.744341710661351
583 7.084692691826791
584 7.1714057889159735
585 7.000628643721094
586 7.094000291976157
587 6.993274163982419
588 7.734929139140327
589 7.458136194882039
590 7.1969140800547935
591 7.444645713326268
592 7.414036428690139
593 7.2951916657677
594 7.100055198683515
595 7.410292416311836
596 7.522151277877852
597 8.029604056043564
598 7.502273421828804
599 7.445448086117763
600 7.446889463713232
601 7.46313497803597
602 7.683841862779607
603 7.856070658713459
604 7.654091781580527
605 7.572542790552882
606 7.149981472823788
607 7.889198698070348
608 7.633620419533547
609 7.075264067212336
610 7.78801936994704
611 7.969886402425663
612 7.460411212702641
613 6.820053616015119
614 6.976842978456594
615 7.280963985227476
616 7.551826902059501
617 7.234750773105857
618 7.567367225001789
619 7.810056770354332
620 7.905491541717912
621 8.07953573287273
622 7.153524739244818
623 7.255925261901056
624 7.7264952896410595
625 7.596063073836119
626 7.1654583608229245
627 7.256674236793659
628 7.383518012860099
629 7.320465174682902
630 7.437577711114209
631 7.505311759659748
632 7.710746052740807
633 7.518033036756005
634 7.675475119485728
635 7.596803908441914
636 8.10445916409088
637 7.116935165975082
638 7.372931218619836
639 7.653640113943669
640 7.337008544700837
641 7.829953889758104
642 7.347290440951703
643 6.885260749866522
644 7.517061378019637
645 7.557273998916113
646 7.453681519310101
647 7.365070518219569
648 6.975034170697094
649 7.145942793186006
650 7.249027089631743
651 7.199349358333934
652 7.274988226599611
653 7.454772502590393
654 7.322562333305618
655 7.763170585026041
656 6.948067662440773
657 7.340998567489224
658 7.380575673165397
659 7.627712565212052
660 7.767434074974025
661 7.43893809993808
662 6.9512114875351525
663 7.305021625898923
664 7.186381485379432
665 7.4488344685604515
666 7.021587509801312
667 7.356185890260258
668 7.275151430251322
669 7.388551064130756
670 7.638308878301125
671 7.0331102446671725
672 7.855798298457261
673 7.083619885460861
674 7.423984844431472
675 7.584678540507662
676 7.358186946301429
677 8.07852046942056
678 7.6173044789197215
679 7.549591213846865
680 6.959326946723076
681 7.615614252168306
682 7.7719137306622645
683 7.38790921543958
684 7.459965556185078
685 7.869655351203482
686 7.55276323148006
687 7.634921533617471
688 7.570287824591057
689 7.379496507399449
690 7.298713293073108
691 7.58978355192355
692 7.682453387269181
693 7.787772455955034
694 7.515520813926287
695 7.332729139520314
696 7.262103454536881
697 7.55457243081962
698 7.711546748846202
699 7.84802584930701
700 7.8755730805723605
701 7.272861770658278
702 7.234250391189737
703 7.669400227343117
704 6.775290381939557
705 7.661802698653029
706 7.545248065881564
707 7.58225333215801
708 7.533268489605489
709 7.013573579736053
710 7.624342266376521
711 7.678127598253429
712 7.718722546328646
713 7.417457756386607
714 7.831425804791478
715 7.324987794342973
716 7.28951741474017
717 7.418460471844202
718 7.7312910268306325
719 7.870911437538486
720 7.65799543181839
721 7.540796422453096
722 7.834461469931766
723 7.681344880897362
724 7.335745222261532
725 7.212268572633077
726 7.193266186826975
727 7.24787016353026
728 7.54068008706939
729 7.342280069136798
730 7.080465100819773
731 7.442302391956124
732 7.686156187772938
733 6.613279477854211
734 7.197558670889528
735 7.476666480677357
736 7.805387637455047
737 7.478984835630179
738 7.657442113489227
739 7.1914468779267064
740 8.103521807970328
741 7.671143176748586
742 7.438590675305744
743 7.304368388997523
744 7.56401612209202
745 7.405065094740343
746 7.479913385632681
747 7.63150129161915
748 7.34074996248442
749 7.3573347561308235
750 7.5641229592619625
751 7.636782899405983
752 7.654287455989056
753 7.290039617537669
754 7.384660342157054
755 7.486828926213363
756 7.696229026057736
757 7.3377931029194565
758 7.874529290975397
759 7.406937508689204
760 7.340648450027859
761 7.072286650128843
762 7.854728224532115
763 7.18284317153271
764 7.44241204741607
765 7.805148272431337
766 7.432137669657405
767 7.8111943673979445
768 7.3928845415483915
769 7.4576637091428575
770 7.282725414270495
771 7.870736099443059
772 7.088450048278533
773 7.616525475873385
774 7.137395141360741
775 7.446002630914383
776 7.443101242530252
777 7.556585006788173
778 7.423305415951555
779 7.307909912469415
780 7.586168993812262
781 7.334770526900821
782 7.458349696042048
783 7.6816094136980375
784 7.567414961191595
785 7.227796962190134
786 6.77270826283968
787 7.443769166329806
788 7.235207046110935
789 7.909477228221579
790 7.894696564046714
791 7.099456345335673
792 7.619003727159524
793 7.669942433867682
794 7.478979928086534
795 7.849109192787558
796 7.45074798891491
797 7.718167782667067
798 8.149368516049122
799 7.690015210593797
800 7.567955821799353
801 7.214280095328609
802 8.04261365337935
803 6.907104992202569
804 8.187458756433196
805 6.748889040960957
806 7.793631960362971
807 6.989087825855297
808 7.052111066842275
809 7.514196394080912
810 7.474988936061244
811 7.4878907813668505
812 7.677415518931395
813 7.343876770444113
814 7.7182128023683365
815 7.700651379464155
816 7.273534700388777
817 7.109948980678641
818 7.05652163084717
819 7.436444598533794
820 7.686487767379556
821 7.238824818007483
822 7.696584894006488
823 7.3439903235891295
824 7.677119712591906
825 7.491274904392065
826 7.647606160894573
827 7.287287066770969
828 7.606333850454842
829 7.2297852043007484
830 7.303992957575987
831 7.507672027972057
832 7.3443890366550475
833 7.37446939566792
834 7.16646068649515
835 7.531552733847556
836 7.854396054086718
837 6.960671522886505
838 7.486268241308962
839 7.466697169842145
840 7.374255567725616
841 7.640222229694721
842 7.5776955761456195
843 7.339805147549557
844 7.517424072080744
845 7.825557675319801
846 6.862936812153853
847 7.175823130839412
848 7.514612666671202
849 7.5259135493297205
850 7.580534823482551
851 7.136860022539641
852 7.427351250710805
853 6.986677504028246
854 7.998333228050378
855 7.515248421782523
856 7.148425839509259
857 7.348399459182022
858 7.742792133988252
859 7.264492825194744
860 6.938096761610605
861 7.381712042548748
862 7.384127975108559
863 7.4884059342928575
864 7.582968006494528
865 6.780949901479167
866 7.4235207765031905
867 7.649919318534083
868 7.437913552273483
869 8.07902572771882
870 7.6192020082915946
871 7.269574801017506
872 7.005607657389131
873 7.505158169546891
874 7.757491634215517
875 7.679728315536077
876 7.269988334328227
877 8.03119159267075
878 6.81006604553053
879 7.145999326608802
880 7.593345905675947
881 7.3898581935073215
882 7.292541346536168
883 7.658885280624401
884 7.622922688193588
885 7.477340399970981
886 7.757965907992029
887 6.858302457481463
888 7.835343715882101
889 7.221170537066749
890 7.705736526014594
891 7.739601258510426
892 7.574406902662802
893 7.345630916646258
894 7.192584980198867
895 7.161476641857636
896 7.525396420601847
897 7.565418120249929
898 8.009624914505206
899 7.436097364248252
900 6.925746760264352
901 7.266789137327429
902 7.297783390365294
903 7.552250358457476
904 7.985849196450356
905 7.585928240026215
906 7.248920344114681
907 7.200798239076192
908 7.486242416963641
909 7.475600798520607
910 7.6482896359747965
911 7.098544514045073
912 7.6157436254925885
913 7.8775871225634075
914 7.269986263435376
915 7.3782431730945435
916 7.462027106208753
917 7.472855549467094
918 7.831710935846901
919 7.191585816566133
920 7.278649250502224
921 7.510307370293191
922 6.968446407817264
923 7.641097522594466
924 7.642068298609076
925 7.325327944951512
926 8.06712919281753
927 7.418555100463023
928 7.37036290054207
929 7.192312312601888
930 7.243079436233315
931 7.665044451691142
932 7.744284654086922
933 7.349557956624047
934 7.6637413444322915
935 7.9575584441997
936 7.538445939835652
937 7.332018368518915
938 7.7305026043174765
939 7.061580138896148
940 7.35593301135574
941 7.330115292947441
942 7.504679400815772
943 7.164965163390442
944 7.180102879411604
945 7.102480592141423
946 7.816999022055524
947 7.758727098748394
948 7.887368661990254
949 7.45305571877448
950 7.353794527688936
951 7.521940268919724
952 7.3839704586012385
953 7.4247361036815995
954 7.708604378317174
955 7.8007320630367705
956 7.392804215150852
957 7.718004387136146
958 7.601684883438525
959 7.477823084156172
960 6.76837841645532
961 7.562795088322902
962 7.617142219499312
963 7.645928463158305
964 7.396888943759571
965 7.453140569029091
966 7.248652335672481
967 7.344762082768045
968 7.162005310585049
969 7.245341268898667
970 7.357863619125408
971 7.525983849009736
972 7.280281056331341
973 7.648064631857757
974 7.440351027526638
975 7.878153030065414
976 7.787770458305594
977 7.32061497730006
978 7.019287522817569
979 7.4433430026138385
980 7.07259293245188
981 6.812223600713564
982 7.20707171868499
983 7.762219216649111
984 7.379629772740881
985 7.845490285197201
986 7.638380861726715
987 7.952302341801737
988 6.96997045903002
989 7.186825536574794
990 7.649942793652303
991 7.880576284108874
992 7.842774569212472
993 7.911525640441427
994 7.612466857121858
995 7.081490695927245
996 7.5982506797284435
997 6.955917450108478
998 7.283877653188418
999 7.5480268613381805
1000 7.409308427262951
