1 5.887689628598389
2 5.642031434405551
3 5.897663017104797
4 5.834950577284722
5 5.690841657216748
6 5.760790967192871
7 5.808677966358476
8 5.211974450859883
9 5.744806857198565
10 5.622884401014896
11 5.881849889490621
12 5.47852059701778
13 5.683895946062219
14 5.712800812458825
15 5.485342578363885
16 5.694293843242764
17 5.445052276520222
18 5.531868159058758
19 5.698467227803031
20 6.036603842497486
21 5.643413363181355
22 5.7418901804316755
23 5.846275686482703
24 5.291630164161778
25 5.347496699976967
26 5.767245093246227
27 5.971013148995607
28 5.333168360048572
29 5.4432072572361205
30 5.683634585316737
31 6.007356751136616
32 5.586781629567514
33 5.855983444612828
34 5.709684818760492
35 5.409493421904463
36 5.554759100933287
37 5.712778072843513
38 5.93837357379183
39 5.301428502262149
40 5.364778989214096
41 5.475613099502299
42 5.645260576809109
43 5.9109746176039675
44 5.758520490484341
45 5.420561069215573
46 5.491676197221512
47 5.604299137587082
48 5.752011334589686
49 5.469926918880201
50 5.607312614654793
51 5.583418737928532
52 5.837251444277356
53 5.892702163462764
54 5.738786985332581
55 5.6577126835983895
56 5.359831996623274
57 5.51620823838795
58 5.643355287990109
59 5.460178709223725
60 5.052232845373761
61 5.6543355608491765
62 5.61722288077387
63 5.855629707750007
64 5.774011088188172
65 5.958604756968168
66 5.4661233202893635
67 5.822327035673208
68 5.643167778958821
69 5.682436702789734
70 5.432436523482978
71 5.781167684436634
72 5.337021952784438
73 5.8141637774000925
74 5.5502390546777844
75 5.434655920957744
76 5.806617332223583
77 5.494228757640578
78 5.70151731425713
79 5.710169650754487
80 5.962994981082728
81 5.675789671402039
82 6.078054438975864
83 5.345865893062466
84 5.777492438161531
85 5.6540747594177265
86 5.474375265109475
87 5.86965403243967
88 5.250001228413865
89 5.928699367491373
90 5.322437034965354
91 5.893170579827841
92 5.731121283386394
93 5.718331154854819
94 5.319988799709556
95 5.191218866330098
96 5.775335772877466
97 5.425803622512509
98 5.4315635569947505
99 5.6847471661911735
100 5.206139053876117
101 5.680733088543033
102 6.002242935792509
103 5.366691583484562
104 5.629361175886024
105 5.576083975506199
106 5.694360861701132
107 5.535516449736152
108 5.4412702073727495
109 5.437654974554981
110 5.782514429676153
111 5.843780283329093
112 5.61561894118078
113 5.393928809860569
114 5.6877307388922
115 5.755983344603191
116 6.052934520124407
117 5.834134654849871
118 5.75900035135983
119 5.892911030478004
120 5.7279135790385025
121 5.6371504294063035
122 5.434881732788745
123 5.618424559506097
124 5.551523243361691
125 5.593920843432986
126 5.3157151805916865
127 5.791087469532543
128 5.632109163924462
129 5.235805238822789
130 5.644350911892916
131 5.319303472433591
132 5.5735617628494545
133 5.408479357525582
134 5.785542666677807
135 5.404367344807757
136 5.66131240741939
137 5.197493400072677
138 5.799966682231307
139 5.531949119229457
140 5.744129980812657
141 5.9045963773220915
142 5.532014302049196
143 5.621380910138594
144 5.996493930034025
145 5.886010114395187
146 5.464775855897668
147 6.105575307731833
148 5.679527166281264
149 5.310741573471685
150 5.476479349962999
151 5.937395571818697
152 5.48980841634502
153 5.222577371535871
154 5.84882859807553
155 5.325645187923076
156 5.464159921637368
157 5.748740128316366
158 5.615790560550236
159 5.311763672532688
160 5.27016864375387
161 5.53905402289786
162 5.534183596358302
163 5.556926713447758
164 5.882632147664097
165 5.765278184850488
166 5.490223684142263
167 5.319893804194845
168 5.8701201424909355
169 5.742029638273236
170 5.765176271985423
171 5.637979393554364
172 5.346460712273509
173 5.873901362583788
174 5.4848072183840415
175 5.672534830741672
176 5.791720830147798
177 5.21156183550084
178 5.749166404383652
179 5.458273845881382
180 5.668432740322216
181 5.63533834313868
182 5.890836193018967
183 5.541949918289122
184 5.893178601602996
185 5.536086134521938
186 5.485025931580996
187 5.452337236909965
188 5.408350413729082
189 5.322791595987143
190 5.530872388364606
191 5.937458210702478
192 5.472159815730654
193 5.595495358340381
194 5.82717141197278
195 5.868261571841413
196 5.6184150604501
197 5.943040453708023
198 5.827988703713038
199 5.958144686388491
200 5.801338091119262
201 6.016551385395066
202 5.407673005151629
203 5.268255456049617
204 5.633220188943693
205 5.55872944138089
206 5.5658748692734825
207 5.767794248608208
208 5.726161390910965
209 5.821440679643636
210 5.740609205813808
211 5.658570312132322
212 5.724594623121901
213 5.6458597498179754
214 5.876971215021904
215 5.6547479473963085
216 5.6600213754850515
217 5.831006787000619
218 5.9073629633035
219 5.70191385930704
220 5.610133353551882
221 5.403601428240341
222 5.409843296916336
223 5.5659206510018695
224 5.34853671222754
225 5.6815640459141035
226 5.846302811754835
227 5.602141582428398
228 5.494950177594706
229 5.68783318238727
230 5.70862944010448
231 5.718198926528524
232 5.414650099397773
233 5.467581171699609
234 5.853924364518763
235 5.491105216552578
236 5.707577454279279
237 5.9080963247621625
238 5.5745613972226105
239 5.666215272688014
240 5.3042518317426115
241 5.420926626715444
242 5.712655629461139
243 5.65044359166707
244 5.839675283367434
245 5.692943768693205
246 5.667695807214208
247 5.1066002752135
248 6.0150800064041015
249 5.788626328150029
250 5.352287940612137
251 5.626899379070974
252 5.507917661025264
253 5.481650776155628
254 5.638965774835771
255 5.575456953450697
256 5.798384618819175
257 5.6178048172071495
258 5.398182599363674
259 5.690295152022184
260 6.0575996855700405
261 5.503183915919748
262 5.787836958191769
263 5.604999785282424
264 5.952528836287946
265 5.565948241941207
266 5.500851894812546
267 5.661774657154372
268 5.700489525687756
269 5.837185326542234
270 5.899415877593724
271 5.625078733063987
272 5.51624024870897
273 6.00533662958113
274 5.409276547741129
275 5.824849265016103
276 5.638626996785759
277 5.957441268848287
278 5.493625048819826
279 5.476068208806316
280 5.5148771563626
281 5.650931106287789
282 5.813117926099947
283 6.00248136917754
284 5.573074552250165
285 5.407281023952883
286 5.831507592072328
287 5.810591958507375
288 5.499248805235211
289 5.91300209137783
290 5.787153374494224
291 5.902842661404173
292 5.628188025433305
293 5.953503360485803
294 5.678104403096709
295 5.538953802012946
296 6.020769059750002
297 5.390282326048796
298 5.7758078630191605
299 5.680044827159222
300 5.744821169930256
301 5.762687251400725
302 5.446226028619802
303 5.425320097880916
304 5.58432924109499
305 5.403988079735321
306 5.8334812215635905
307 5.404399712121805
308 5.618132995044497
309 5.798272032864666
310 5.545358747937291
311 5.472289640453173
312 5.351385470223004
313 5.472814499951779
314 5.248971653493826
315 5.667351911301692
316 5.346400063087623
317 5.628980428829182
318 5.523676217147977
319 5.471652302865277
320 5.614282909337038
321 5.502646696641318
322 5.657853827988677
323 5.851551703439014
324 5.828865029484106
325 5.795800875255512
326 5.704551041563717
327 5.6492691917233495
328 5.747301065712383
329 5.492076354888695
330 5.6544492812490805
331 5.606431189673047
332 5.674267051949557
333 5.529623743406109
334 5.805752022253454
335 5.615163053186743
336 5.480528166760662
337 5.269853788586816
338 5.327982930801158
339 6.051752556678722
340 5.840525977372549
341 6.053843940202682
342 5.6339535481344125
343 5.559765380686496
344 5.494280937442498
345 5.481706435576362
346 5.312694672628254
347 5.641329416250196
348 5.669187623149799
349 5.327564713077045
350 5.183413024728791
351 5.744281309587325
352 5.732607466476231
353 5.933205424007605
354 5.197903404137298
355 5.6016879592404925
356 5.814188900124367
357 5.427746060775366
358 5.92586441076928
359 5.754988632969321
360 5.664662533704311
361 5.795344535544865
362 5.899215211681777
363 5.269573186875127
364 5.9991867968812
365 5.696473437435205
366 5.366718604824826
367 5.30718016941556
368 5.372958137330862
369 5.642742941368368
370 5.528406581365032
371 5.578231692968456
372 5.992872569214482
373 5.750333767617948
374 5.869527134056527
375 5.491567079270477
376 5.556423439364703
377 5.551732548713036
378 6.308752711598392
379 5.564328261644685
380 5.5826682028906705
381 5.589608368476631
382 5.63598991936798
383 5.16574368504663
384 5.477554107595623
385 5.748568300188048
386 5.732938025037927
387 5.485001528596846
388 5.660914335383351
389 5.583870015371655
390 5.782011517820374
391 5.6029807349104725
392 5.4349067209710515
393 5.510156382295546
394 5.686935840182602
395 5.624448728612862
396 5.734544922113482
397 5.601861339112292
398 5.581419895259798
399 5.723412401994322
400 5.44121717184554
401 5.684520313381311
402 5.659859812694846
403 5.654494056594675
404 5.406935099868337
405 5.607757081696557
406 5.591657873829886
407 5.3239213028085794
408 5.787776050246424
409 5.749643141140858
410 5.602975939675323
411 5.571077083314733
412 5.6673969128745805
413 5.289494601560664
414 5.476557773602707
415 5.382077335680255
416 5.825767644050666
417 5.945346996245101
418 5.4543373931997925
419 5.666968377627445
420 5.6826997185236126
421 5.641075738260626
422 5.543896565762818
423 5.5422635383170435
424 6.018907439781488
425 5.676615350023194
426 5.821848408916625
427 5.558981168694437
428 5.712190457418928
429 5.394282348884569
430 5.6364454637213175
431 5.802385379839378
432 5.8910566676182095
433 5.465516307344758
434 5.71864686470203
435 5.340170918161297
436 5.37818371898851
437 5.476670304334592
438 5.131669843684584
439 5.242893871132328
440 6.032131389901182
441 5.4243335024105575
442 5.812368509428967
443 5.303813547019578
444 5.6084849481741195
445 5.079653189518436
446 5.273353034988541
447 5.506691720809571
448 5.599256091081512
449 5.7612014041673305
450 6.182461300847324
451 5.763649196047482
452 5.4701961575562255
453 5.698124002024252
454 5.799742861340208
455 5.460420470693306
456 5.434747563796461
457 5.073279100186932
458 5.727331442006712
459 5.876515211867003
460 5.2788961493627
461 5.207396715477784
462 5.789330317771376
463 5.570940709868377
464 5.737905824888709
465 5.537265260170679
466 5.573438304206833
467 5.680954793015053
468 5.884820382822779
469 5.48868611962867
470 5.362158213081201
471 5.4103332087546745
472 5.668851492434515
473 5.834539463829018
474 5.379304270441246
475 5.527764411634242
476 5.74489835089837
477 5.901647769622229
478 5.531955306859355
479 5.49514278729057
480 5.831027528289116
481 5.455795528541675
482 5.790177497383561
483 5.531839508573685
484 5.91111569286169
485 5.526496410777852
486 5.334991706942118
487 5.903636797282032
488 5.698912990030296
489 5.297421902086466
490 5.812265416635191
491 5.933572015432696
492 5.7924555722161175
493 5.5333393524623355
494 5.504760897800141
495 5.9919787914803395
496 5.281250428256547
497 6.021084134022466
498 5.892961744575683
499 5.579264303616856
500 5.910313804347984
501 5.669925406780438
502 5.773898662682877
503 5.667250354516715
504 5.5376445784480754
505 5.732251390193267
506 5.6232685234302675
507 5.929199925636406
508 5.945745760013113
509 5.765176766201206
510 5.415481611108515
511 5.4107878680579145
512 5.38157720517416
513 5.474268044639769
514 5.6425979875529935
515 5.635274273003921
516 5.3820260999621805
517 5.767864876640266
518 5.651415673338391
519 5.6787877325681455
520 5.503123950002017
521 5.990358466684855
522 5.924996343823361
523 5.675941961803536
524 5.773457586601488
525 5.553972499292901
526 5.6614948754561425
527 5.5894941957167825
528 5.630480825324749
529 5.4084353012889474
530 5.605089427552401
531 5.4872563535181085
532 5.5125576597568084
533 5.51978399402301
534 5.718277546280228
535 5.819208203013563
536 5.678562524356657
537 5.744745571303349
538 5.750621346606232
539 5.8641060088232395
540 5.920922733179526
541 5.721494202000672
542 5.383151903186799
543 5.648550909195809
544 5.65803734868772
545 5.872362331976629
546 5.516186763348475
547 5.581856180989071
548 5.244284083489749
549 5.454886058649486
550 5.572541476340721
551 5.533239426391945
552 5.460788145738535
553 5.704390792032944
554 5.662246611169332
555 5.475504664169273
556 5.41735464054693
557 5.775566314382147
558 5.462737885739242
559 5.815964593390142
560 5.574221902744248
561 5.530407651811413
562 5.701952275740576
563 5.800520312192029
564 5.618975602797161
565 5.527945680713436
566 5.4861031395291615
567 6.061451198678329
568 5.528719165681807
569 5.512233963299684
570 5.011847697227913
571 6.131273655055904
572 5.751295477158606
573 5.282281379154834
574 5.686542965082543
575 5.840710738504384
576 5.864261107081648
577 6.046283137146251
578 6.042286774787299
579 5.13415111732719
580 5.551122366184214
581 5.589361857421636
582 5.72062820797562
583 5.682961237445638
584 5.626241996034941
585 5.536381754574427
586 5.369306106753439
587 5.8561771492675065
588 5.742309722769145
589 5.631113022230118
590 5.364404093719498
591 5.361534858064953
592 5.597053554986672
593 5.364480743846644
594 5.982860061120171
595 5.882326382643616
596 5.6548782716609365
597 5.723697876369554
598 5.6809909861925885
599 5.516556490776782
600 5.7493863234104055
601 5.859809765894386
602 5.402432033964735
603 5.877002559099892
604 5.350539052395199
605 5.388997773850187
606 5.391407796114936
607 6.413828084077575
608 5.581456756576768
609 5.802866029487631
610 5.552098179282147
611 5.597644573915595
612 5.6645892582251385
613 5.4048842156033094
614 5.5438606164749284
615 5.8504138484446955
616 5.411593806742469
617 5.383351688527895
618 5.962750812151533
619 5.9963582209286175
620 5.164942588549462
621 5.9267833811979385
622 5.581744323607656
623 5.683447291800505
624 5.996052600386665
625 5.65991318349395
626 5.73641853796422
627 5.332227173019948
628 5.525856605066893
629 5.40518175826711
630 6.103875355681636
631 5.122300059922965
632 5.691784311451987
633 6.067188667257416
634 5.70879387552551
635 5.5130524340978
636 5.587208313939325
637 5.270532754867724
638 5.595126373313271
639 5.810437995865008
640 5.474012535630144
641 5.791404683651993
642 5.647151010757221
643 5.476176699381673
644 5.604541984491158
645 5.885816019059355
646 5.581408153722711
647 5.701218027114704
648 5.742765982414734
649 5.9371053126562385
650 5.443270915456925
651 5.875008307788933
652 5.58256530948681
653 5.739806757375505
654 5.8081264544121165
655 5.685488264068611
656 5.6380310565420295
657 5.9904541968234994
658 5.74046512144075
659 5.706782372470623
660 5.50581949015379
661 5.475808554086133
662 5.888115940969207
663 5.5729253720102205
664 5.73356150830364
665 5.6199910108594855
666 5.668002210919695
667 5.601878648432045
668 6.075229871727822
669 5.242755355178703
670 5.535891220310236
671 5.7047112541995055
672 5.5863914126465914
673 5.7215194320832525
674 5.3877734763459
675 5.647351034539981
676 5.712227788324939
677 5.416173354450155
678 5.6968001764577
679 5.849432019743289
680 5.791441796799952
681 5.967125619185005
682 5.889290835978853
683 5.89383349068875
684 5.580479903306225
685 5.560345407201959
686 5.629138543555402
687 5.564778725802249
688 5.619015334208132
689 5.893657610707917
690 5.247649345712945
691 5.59911217005265
692 5.6861081233126916
693 5.36170170306108
694 6.061355450809035
695 5.635198058568436
696 5.630548265789824
697 5.453381244350302
698 5.733336130705426
699 5.527848585268671
700 5.288421913573098
701 5.0578156631755045
702 5.810435575641494
703 6.028823163759802
704 5.771698593494638
705 5.486966909025228
706 5.766390347869007
707 5.119251672248165
708 5.622701239739985
709 6.045569374705104
710 5.69317674394939
711 5.5683599157756145
712 5.553016624705752
713 5.803567048436801
714 5.397216786234212
715 5.733774477499013
716 5.6628558106456435
717 5.619395777199619
718 5.686377928825957
719 5.714537683088749
720 5.452958094128284
721 5.707167864185029
722 5.779757939068018
723 5.785461248936736
724 5.891711242303991
725 5.726265770343398
726 5.896723308155672
727 5.866002080352522
728 5.77381323814105
729 5.8338708157452945
730 5.445235295806138
731 5.589020437242845
732 5.478323345238623
733 5.864576302325595
734 5.408454699252004
735 5.927355360959224
736 5.472658809292141
737 5.652918001625774
738 5.799269976379377
739 5.7885992546990925
740 5.257932318430845
741 5.692995132028454
742 5.800185950973803
743 5.648390064727069
744 5.789150044511901
745 5.67097190160923
746 5.434490690275014
747 5.758868603237646
748 5.591161873599044
749 5.320484572851065
750 5.445964437605004
751 5.657530360994387
752 5.693083833424114
753 5.458303438991528
754 5.493149850980559
755 5.392249353903086
756 5.796776510401356
757 4.936672279127237
758 5.4404489707035735
759 5.615257535235997
760 5.491520026381653
761 5.56514221029191
762 5.556178065609899
763 6.078010348429395
764 5.659042842644034
765 5.722291722597961
766 5.9464874676473265
767 5.8078324329492546
768 5.621675162335273
769 5.906212383240953
770 5.618705208908853
771 6.036283880525127
772 5.727732149491176
773 5.627437702312606
774 5.848108045767315
775 5.377615210402034
776 5.3048459412877245
777 5.189397249261273
778 5.645570191281302
779 5.582069617996995
780 5.453216902555068
781 5.362115370341415
782 5.767152320386761
783 5.614111870904106
784 5.602993344661885
785 5.687501575994383
786 5.8897552442455146
787 6.199820641781845
788 5.490772975939556
789 5.813824468293742
790 6.174563065566477
791 5.682720717544892
792 5.980083932425916
793 5.636691321612326
794 5.751869545523336
795 5.46048030658502
796 5.6416824105022565
797 5.593366184678762
798 5.423088011502529
799 6.169656774153611
800 5.444059140930489
801 5.711318870085378
802 5.266989228106023
803 5.703610664088186
804 5.715392822605194
805 5.624618678879667
806 5.857800392012805
807 5.903852765640942
808 5.742736584419949
809 5.803365897351061
810 5.783680933027016
811 5.837354209603836
812 5.447731292568947
813 5.884774899297668
814 5.732835814966856
815 5.970244837322358
816 5.4316121124401295
817 5.973047384492285
818 5.632224081995877
819 5.541647000553963
820 5.588283639277138
821 6.063112112847429
822 5.708274455768044
823 5.735111637640117
824 5.576830329340067
825 5.724451094134732
826 5.689023057110926
827 5.578020700592572
828 5.49453090246958
829 5.224554051504008
830 5.88965608481581
831 5.397519915501161
832 5.835277995917923
833 5.664934610825645
834 5.3411610163915375
835 5.950960840596097
836 5.8563060399346885
837 5.482320036293268
838 5.220249309300858
839 5.819410229799015
840 5.804373886891959
841 5.608736615386171
842 5.4954440056067995
843 5.714616863091055
844 6.088728662241262
845 5.164636962398694
846 5.656691000371113
847 5.789499051733448
848 6.053480144232102
849 6.201546723166212
850 5.184526653756928
851 5.356076424436936
852 5.694994280588591
853 5.632013570323784
854 5.610676513233435
855 5.550787932214995
856 5.730453385125793
857 5.838495630273361
858 5.844187219163603
859 5.702224361022991
860 5.661142846420362
861 6.0831610960765765
862 5.4623624193025755
863 5.408363033136976
864 5.760483111650248
865 5.488146752395383
866 5.070027772643857
867 5.489307394526431
868 5.605125107255961
869 5.437438646200344
870 5.584126275479649
871 5.549842164989937
872 5.854937566493556
873 5.669088294991547
874 6.023466237546508
875 5.996543639195053
876 5.7772585974842166
877 5.374024148735814
878 5.69939782711565
879 5.800740735333866
880 5.417416794591987
881 5.791571178537943
882 5.307572909318814
883 5.725352805666951
884 5.5016010899611345
885 5.592612859841186
886 5.214556748462259
887 5.488042638063283
888 5.5098531380092775
889 5.525018594057539
890 5.768891960922172
891 5.431061471113698
892 5.67797440527221
893 5.739481206470006
894 5.666467673114044
895 5.895359368816557
896 5.6804324440617595
897 5.336628673214029
898 5.622170436293982
899 5.9409968187392606
900 5.853582367871289
901 5.671896378186726
902 5.510884147415734
903 5.585600341738774
904 5.229105079543981
905 5.461911347909398
906 5.335006663919491
907 5.589434405958753
908 5.594618770838703
909 5.76031598218842
910 5.710007001288661
911 6.168408421836944
912 5.814407759897129
913 5.582934952922786
914 5.931911149305217
915 5.380095458081649
916 5.186141683166814
917 5.853683670057784
918 5.607156546839895
919 5.269134433959535
920 5.81858681784884
921 5.983051715844306
922 5.3993147479931025
923 6.086005258748069
924 5.408980984915058
925 5.744040939745897
926 6.007084851909061
927 5.764135653806306
928 5.9607126849943395
929 5.771310915831283
930 5.879771287350216
931 5.44311075579069
932 5.643724797400075
933 6.027188764568641
934 5.1591554738209275
935 5.302700831718492
936 5.621231514604826
937 5.719129019013417
938 5.655404469036267
939 6.055944334219418
940 5.671906010762767
941 5.678531191241334
942 5.64628477592234
943 5.643554831120351
944 5.624245325601189
945 5.448279420275154
946 5.806234099284862
947 5.414138645992729
948 5.855725932118443
949 5.607093702050963
950 5.902104459490139
951 5.714282559382311
952 6.216219111188892
953 5.248762503718772
954 5.419905458380224
955 5.4318198753453615
956 5.905897701369527
957 5.9111966978433195
958 5.196801859182832
959 5.868571174751018
960 5.944669399886536
961 5.471763182306241
962 5.545050379991193
963 5.460967383972733
964 5.487825592947227
965 5.448930627643386
966 5.765353046663952
967 5.683065187756851
968 5.5040471000386555
969 5.320764854263974
970 5.1792913958326565
971 5.649161809939689
972 5.589430030123182
973 5.861787770887835
974 5.098413976635374
975 5.618203602384404
976 5.897902299591077
977 5.627059147334252
978 5.3788690237410535
979 5.879355370962063
980 5.635532008145618
981 5.314189180113987
982 5.605321475312038
983 5.638000977871386
984 5.687168303294584
985 5.5943347068350775
986 5.4934914014321805
987 5.270138796245458
988 5.856794605741222
989 5.705202316733702
990 5.884039183782037
991 5.588623972482813
992 5.549406612342491
993 5.9730192983028
994 5.69591813672429
995 5.5159884434083475
996 5.586564875447833
997 6.2950539046451235
998 5.60265848259235
999 5.269889924433373
1000 5.963315631642089
