1 -1.9064679843482524
2 -1.9108696609517697
3 -1.9108696609517697
4 -1.9108696609517697
5 -1.9108696609517697
6 -1.9108696609517697
7 -1.9108696609517697
8 -1.9108696609517697
9 -1.9108696609517697
10 -1.9108696609517697
11 -1.9108696609517697
12 -1.9108696609517697
13 -1.9108696609517697
14 -1.9108696609517697
15 -1.9108696609517697
16 -1.9108696609517697
17 -1.9108696609517697
18 -1.9108696609517697
19 -1.9108696609517697
20 -1.9108696609517697
21 -1.9108696609517697
22 -1.9108696609517697
23 -1.9108696609517697
24 -1.9108696609517697
25 -1.9108696609517697
26 -1.9108696609517697
27 -1.9108696609517697
28 -1.9108696609517697
29 -1.9108696609517697
30 -1.9108696609517697
31 -1.9108696609517697
32 -1.9108696609517697
33 -1.9108696609517697
34 -1.9108696609517697
35 -1.9129905638516291
36 -1.9129905638516291
37 -1.9129905638516291
38 -1.9129905638516291
39 -1.9129905638516291
40 -1.9129905638516291
41 -1.9129905638516291
42 -1.9129905638516291
43 -1.9129905638516291
44 -1.9129905638516291
45 -1.9129905638516291
46 -1.9129905638516291
47 -1.9129905638516291
48 -1.9129905638516291
49 -1.9129905638516291
50 -1.9129905638516291
51 -1.9129905638516291
52 -1.9129905638516291
53 -1.9129905638516291
54 -1.9129905638516291
55 -1.9129905638516291
56 -1.9129905638516291
57 -1.9129905638516291
58 -1.9129905638516291
59 -1.9129905638516291
60 -1.9129905638516291
61 -1.9129905638516291
62 -1.9129905638516291
63 -1.9129905638516291
64 -1.9129905638516291
65 -1.9129905638516291
66 -1.9129905638516291
67 -1.9129905638516291
68 -1.9129905638516291
69 -1.9129905638516291
70 -1.9129905638516291
71 -1.9129905638516291
72 -1.9129905638516291
73 -1.9129905638516291
74 -1.9129905638516291
75 -1.9129905638516291
76 -1.9129905638516291
77 -1.9129905638516291
78 -1.9129905638516291
79 -1.9129905638516291
80 -1.9129905638516291
81 -1.9129905638516291
82 -1.9129905638516291
83 -1.9129905638516291
84 -1.9129905638516291
85 -1.9129905638516291
86 -1.9129905638516291
87 -1.9129905638516291
88 -1.9129905638516291
89 -1.9130678257867042
90 -1.9130678257867042
91 -1.9130678257867042
92 -1.9130678257867042
93 -1.9130678257867042
94 -1.9130678257867042
95 -1.9130678257867042
96 -1.9130678257867042
97 -1.9130678257867042
98 -1.9130678257867042
99 -1.9130678257867042
100 -1.9130678257867042
101 -1.9130678257867042
102 -1.9130678257867042
103 -1.9130678257867042
104 -1.9130678257867042
105 -1.9130678257867042
106 -1.9130678257867042
107 -1.9130678257867042
108 -1.9130678257867042
109 -1.9130678257867042
110 -1.9130678257867042
111 -1.9130678257867042
112 -1.9130678257867042
113 -1.9130678257867042
114 -1.9130678257867042
115 -1.9130678257867042
116 -1.9130678257867042
117 -1.9130678257867042
118 -1.9130678257867042
119 -1.9130678257867042
120 -1.9130678257867042
121 -1.9130678257867042
122 -1.9130678257867042
123 -1.9130678257867042
124 -1.9130678257867042
125 -1.9130678257867042
126 -1.9130678257867042
127 -1.9130678257867042
128 -1.9130678257867042
129 -1.9130678257867042
130 -1.9130678257867042
131 -1.9130678257867042
132 -1.9130678257867042
133 -1.9130678257867042
134 -1.9130678257867042
135 -1.9130678257867042
136 -1.9130678257867042
137 -1.9130678257867042
138 -1.9130678257867042
139 -1.9130678257867042
140 -1.9130678257867042
141 -1.9130678257867042
142 -1.9130678257867042
143 -1.9130678257867042
144 -1.9130678257867042
145 -1.9130678257867042
146 -1.9130678257867042
147 -1.9130678257867042
148 -1.9130678257867042
149 -1.9130678257867042
150 -1.9130678257867042
151 -1.9130678257867042
152 -1.9130678257867042
153 -1.9130678257867042
154 -1.9130678257867042
155 -1.9130678257867042
156 -1.9130678257867042
157 -1.9130678257867042
158 -1.9130678257867042
159 -1.9130678257867042
160 -1.9130678257867042
161 -1.9130678257867042
162 -1.9130678257867042
163 -1.9130678257867042
164 -1.9130678257867042
165 -1.9130678257867042
166 -1.9130678257867042
167 -1.9130678257867042
168 -1.9130678257867042
169 -1.9130678257867042
170 -1.9130678257867042
171 -1.9130678257867042
172 -1.9130678257867042
173 -1.9130678257867042
174 -1.9130678257867042
175 -1.9130678257867042
176 -1.9130678257867042
177 -1.9130678257867042
178 -1.9130678257867042
179 -1.9130678257867042
180 -1.9130678257867042
181 -1.9130678257867042
182 -1.9130678257867042
183 -1.9130678257867042
184 -1.9130678257867042
185 -1.9130678257867042
186 -1.9130678257867042
187 -1.9130678257867042
188 -1.9130678257867042
189 -1.9130678257867042
190 -1.9130678257867042
191 -1.9130678257867042
192 -1.9130678257867042
193 -1.9130678257867042
194 -1.9130678257867042
195 -1.9130678257867042
196 -1.9130678257867042
197 -1.9130678257867042
198 -1.9130678257867042
199 -1.9130678257867042
200 -1.9130678257867042
201 -1.9130678257867042
202 -1.9130678257867042
203 -1.9130678257867042
204 -1.9130678257867042
205 -1.9130678257867042
206 -1.9130678257867042
207 -1.9130678257867042
208 -1.9130678257867042
209 -1.9130678257867042
210 -1.9130678257867042
211 -1.9130678257867042
212 -1.9130678257867042
213 -1.9130678257867042
214 -1.9130678257867042
215 -1.9130678257867042
216 -1.9130678257867042
217 -1.9130678257867042
218 -1.9130678257867042
219 -1.9130678257867042
220 -1.9130678257867042
221 -1.9130678257867042
222 -1.9130678257867042
223 -1.9130678257867042
224 -1.9130678257867042
225 -1.9130678257867042
226 -1.9130678257867042
227 -1.9130678257867042
228 -1.9130678257867042
229 -1.9130678257867042
230 -1.9130678257867042
231 -1.9130678257867042
232 -1.9130678257867042
233 -1.9130678257867042
234 -1.9130678257867042
235 -1.9130678257867042
236 -1.9130678257867042
237 -1.9130678257867042
238 -1.9130678257867042
239 -1.9130678257867042
240 -1.9130678257867042
241 -1.9130678257867042
242 -1.9130678257867042
243 -1.9130678257867042
244 -1.9130678257867042
245 -1.9130678257867042
246 -1.9130678257867042
247 -1.9130678257867042
248 -1.9130678257867042
249 -1.9130678257867042
250 -1.9130678257867042
251 -1.9130678257867042
252 -1.9130678257867042
253 -1.9130678257867042
254 -1.9130678257867042
255 -1.9130678257867042
256 -1.9130678257867042
257 -1.9130678257867042
258 -1.9130678257867042
259 -1.9130678257867042
260 -1.9130678257867042
261 -1.9131560365862885
262 -1.9131560365862885
263 -1.9131560365862885
264 -1.9131560365862885
265 -1.9131560365862885
266 -1.9131560365862885
267 -1.9131560365862885
268 -1.9131560365862885
269 -1.9131560365862885
270 -1.9131560365862885
271 -1.9131560365862885
272 -1.9131560365862885
273 -1.9131560365862885
274 -1.9131560365862885
275 -1.9131560365862885
276 -1.9131560365862885
277 -1.9131560365862885
278 -1.9131560365862885
279 -1.9131560365862885
280 -1.9131560365862885
281 -1.9131560365862885
282 -1.9131560365862885
283 -1.9131560365862885
284 -1.9131560365862885
285 -1.9131560365862885
286 -1.9131560365862885
287 -1.9131560365862885
288 -1.9131560365862885
289 -1.9131560365862885
290 -1.9131560365862885
291 -1.9131560365862885
292 -1.9131560365862885
293 -1.9131560365862885
294 -1.9131560365862885
295 -1.9131560365862885
296 -1.9131560365862885
297 -1.9131560365862885
298 -1.9131560365862885
299 -1.9131560365862885
300 -1.9131560365862885
301 -1.9131560365862885
302 -1.9131560365862885
303 -1.9131560365862885
304 -1.9131560365862885
305 -1.9131560365862885
306 -1.9131560365862885
307 -1.9131560365862885
308 -1.9131560365862885
309 -1.9131560365862885
310 -1.9131560365862885
311 -1.9131560365862885
312 -1.9131560365862885
313 -1.9131560365862885
314 -1.9131560365862885
315 -1.9131560365862885
316 -1.9131560365862885
317 -1.9131560365862885
318 -1.9131560365862885
319 -1.9131560365862885
320 -1.9131560365862885
321 -1.9131560365862885
322 -1.9131560365862885
323 -1.9131560365862885
324 -1.9131560365862885
325 -1.9131560365862885
326 -1.9131560365862885
327 -1.9131560365862885
328 -1.9131560365862885
329 -1.9131560365862885
330 -1.9131560365862885
331 -1.9131560365862885
332 -1.9131560365862885
333 -1.9131560365862885
334 -1.9131560365862885
335 -1.9131560365862885
336 -1.9131560365862885
337 -1.9131560365862885
338 -1.9131560365862885
339 -1.9131560365862885
340 -1.9131560365862885
341 -1.9131560365862885
342 -1.9131560365862885
343 -1.9131560365862885
344 -1.9131560365862885
345 -1.9131560365862885
346 -1.9131560365862885
347 -1.9131560365862885
348 -1.9131560365862885
349 -1.9131560365862885
350 -1.9131560365862885
351 -1.9131560365862885
352 -1.9131560365862885
353 -1.9131560365862885
354 -1.9131560365862885
355 -1.9131560365862885
356 -1.9131560365862885
357 -1.9131560365862885
358 -1.9131560365862885
359 -1.9131560365862885
360 -1.9131560365862885
361 -1.9131568638708094
362 -1.9131568638708094
363 -1.9131568638708094
364 -1.9131568638708094
365 -1.9131568638708094
366 -1.9131568638708094
367 -1.9131568638708094
368 -1.9131568638708094
369 -1.9131568638708094
370 -1.9131568638708094
371 -1.9131568638708094
372 -1.9131568638708094
373 -1.9131568638708094
374 -1.9131568638708094
375 -1.9131568638708094
376 -1.9131568638708094
377 -1.9131568638708094
378 -1.913157128669325
379 -1.913157128669325
380 -1.913157128669325
381 -1.913157128669325
382 -1.913157128669325
383 -1.913157128669325
384 -1.913157128669325
385 -1.913157128669325
386 -1.913157128669325
387 -1.913157128669325
388 -1.913157128669325
389 -1.913157128669325
390 -1.913157128669325
391 -1.913157128669325
392 -1.913157128669325
393 -1.913157128669325
394 -1.913157128669325
395 -1.913157128669325
396 -1.913157128669325
397 -1.913157128669325
398 -1.913157128669325
399 -1.913157128669325
400 -1.913157128669325
401 -1.913157128669325
402 -1.913157128669325
403 -1.913157128669325
404 -1.913157128669325
405 -1.913157128669325
406 -1.913157128669325
407 -1.913157128669325
408 -1.913157128669325
409 -1.913157128669325
410 -1.913157128669325
411 -1.913157128669325
412 -1.913157128669325
413 -1.913157128669325
414 -1.913157128669325
415 -1.913157128669325
416 -1.913157149738264
417 -1.913157149738264
418 -1.9131572003638389
419 -1.9131572003638389
420 -1.9131572003638389
421 -1.9131572003638389
422 -1.9131572003638389
423 -1.9131572151173968
424 -1.9131572151173968
425 -1.9131572151173968
426 -1.9131572221324902
427 -1.913157233794763
428 -1.913157233794763
429 -1.9131572386864262
430 -1.9131572386864262
431 -1.9131572386864262
432 -1.9131572483021562
433 -1.9131572483021562
434 -1.9131572483021562
435 -1.9131572483021562
436 -1.9131572483021562
437 -1.913157263444158
438 -1.913157263444158
439 -1.913157263444158
440 -1.913157263444158
441 -1.9131573676859466
442 -1.9131573676859466
443 -1.9131573676859466
444 -1.9131573676859466
445 -1.9131573676859466
446 -1.9131574004946983
447 -1.9131574004946983
448 -1.9131574004946983
449 -1.9131574004946983
450 -1.9131574004946983
451 -1.9131751369157448
452 -1.9131751369157448
453 -1.9131751369157448
454 -1.9131751369157448
455 -1.9131751369157448
456 -1.9131751369157448
457 -1.9131751369157448
458 -1.9131751369157448
459 -1.9131751369157448
460 -1.9131751369157448
461 -1.9131751369157448
462 -1.9131751369157448
463 -1.9131751369157448
464 -1.9131751369157448
465 -1.9131751369157448
466 -1.9131751369157448
467 -1.9131751369157448
468 -1.9131751369157448
469 -1.9131751369157448
470 -1.9131751369157448
471 -1.9131751369157448
472 -1.9131751369157448
473 -1.9131751369157448
474 -1.9131751369157448
475 -1.9131751369157448
476 -1.9131751369157448
477 -1.9131751369157448
478 -1.9131751369157448
479 -1.9131751369157448
480 -1.9131751369157448
481 -1.9131751369157448
482 -1.9131751369157448
483 -1.9131751369157448
484 -1.9131751369157448
485 -1.9131751369157448
486 -1.9131751369157448
487 -1.9131751369157448
488 -1.9131751369157448
489 -1.9131751369157448
490 -1.9131751369157448
491 -1.9131751369157448
492 -1.9131751369157448
493 -1.9131751369157448
494 -1.9131751369157448
495 -1.9131751369157448
496 -1.9131751369157448
497 -1.9131751369157448
498 -1.9131751369157448
499 -1.9131751369157448
500 -1.9131751369157448
501 -1.9131751369157448
502 -1.9131751369157448
503 -1.9131751369157448
504 -1.9131751369157448
505 -1.9131751369157448
506 -1.9131751369157448
507 -1.9131751369157448
508 -1.9131751369157448
509 -1.9131751369157448
510 -1.9131751369157448
511 -1.9131751369157448
512 -1.9131751369157448
513 -1.9131751369157448
514 -1.9131751369157448
515 -1.9131751369157448
516 -1.9131751369157448
517 -1.9131751369157448
518 -1.9131751369157448
519 -1.9131751369157448
520 -1.9131751369157448
521 -1.9131751369157448
522 -1.9131751369157448
523 -1.9131751369157448
524 -1.9131751369157448
525 -1.9131751369157448
526 -1.9131751369157448
527 -1.9131751369157448
528 -1.9131751369157448
529 -1.9131751369157448
530 -1.9131751369157448
531 -1.9131751369157448
532 -1.9131751369157448
533 -1.9131751369157448
534 -1.9131751369157448
535 -1.9131751369157448
536 -1.9131751369157448
537 -1.9131751369157448
538 -1.9131751369157448
539 -1.9131751369157448
540 -1.9131751369157448
541 -1.9131751369157448
542 -1.9131751369157448
543 -1.9131751369157448
544 -1.9131751369157448
545 -1.9131751369157448
546 -1.9131751369157448
547 -1.9131751369157448
548 -1.9131751369157448
549 -1.9131751369157448
550 -1.9131751369157448
551 -1.9131751369157448
552 -1.9131751369157448
553 -1.9131751369157448
554 -1.9131751369157448
555 -1.9131751369157448
556 -1.9131751369157448
557 -1.9131751369157448
558 -1.9131751369157448
559 -1.9131751369157448
560 -1.9131751369157448
561 -1.9131751369157448
562 -1.9131751369157448
563 -1.9131751369157448
564 -1.9131751369157448
565 -1.9131751369157448
566 -1.9131751369157448
567 -1.9131751369157448
568 -1.9131751369157448
569 -1.9131751369157448
570 -1.9131751369157448
571 -1.9131751369157448
572 -1.9131751369157448
573 -1.9131751369157448
574 -1.9131751369157448
575 -1.9131751369157448
576 -1.9131751369157448
577 -1.9131751369157448
578 -1.9131751369157448
579 -1.9131751369157448
580 -1.9131751369157448
581 -1.9131751369157448
582 -1.9131751369157448
583 -1.9131751369157448
584 -1.9131751369157448
585 -1.9131751369157448
586 -1.9131751369157448
587 -1.9131751369157448
588 -1.9131751369157448
589 -1.9131751369157448
590 -1.9131751369157448
591 -1.9131751369157448
592 -1.9131751369157448
593 -1.9131751369157448
594 -1.9131751369157448
595 -1.9131751369157448
596 -1.9131751369157448
597 -1.9131751369157448
598 -1.9131751369157448
599 -1.9131751369157448
600 -1.9131751369157448
601 -1.9131751369157448
602 -1.9131751369157448
603 -1.9131751369157448
604 -1.9131751369157448
605 -1.9131751369157448
606 -1.9131751369157448
607 -1.9131751369157448
608 -1.9131751369157448
609 -1.9131751369157448
610 -1.9131751369157448
611 -1.9131751369157448
612 -1.9131751369157448
613 -1.9131751369157448
614 -1.9131751369157448
615 -1.9131751369157448
616 -1.9131751369157448
617 -1.9131751369157448
618 -1.9131751369157448
619 -1.9131751369157448
620 -1.9131751369157448
621 -1.9131751369157448
622 -1.9131751369157448
623 -1.9131751369157448
624 -1.9131751369157448
625 -1.9131751369157448
626 -1.9131751369157448
627 -1.9131751369157448
628 -1.9131751369157448
629 -1.9131751369157448
630 -1.9131751369157448
631 -1.9131751369157448
632 -1.9131751369157448
633 -1.9131751369157448
634 -1.9131751369157448
635 -1.9131751369157448
636 -1.9131751369157448
637 -1.9131751369157448
638 -1.9131751369157448
639 -1.9131751369157448
640 -1.9131751369157448
641 -1.9131751369157448
642 -1.9131751369157448
643 -1.9131751369157448
644 -1.9131751369157448
645 -1.9131751369157448
646 -1.9131751369157448
647 -1.9131751369157448
648 -1.9131751369157448
649 -1.9131751369157448
650 -1.9131751369157448
651 -1.9131751369157448
652 -1.9131751369157448
653 -1.9131751369157448
654 -1.9131751369157448
655 -1.9131751369157448
656 -1.9131751369157448
657 -1.9131751369157448
658 -1.9131751369157448
659 -1.9131751369157448
660 -1.9131751369157448
661 -1.9131751369157448
662 -1.9131751369157448
663 -1.9131751369157448
664 -1.9131751369157448
665 -1.9131751369157448
666 -1.9131751369157448
667 -1.9131751369157448
668 -1.9131751369157448
669 -1.9131751369157448
670 -1.9131751369157448
671 -1.9131751369157448
672 -1.9131751369157448
673 -1.9131751369157448
674 -1.9131751369157448
675 -1.9131751369157448
676 -1.9131751369157448
677 -1.9131751369157448
678 -1.9131751369157448
679 -1.9131751369157448
680 -1.9131751369157448
681 -1.9131751369157448
682 -1.9131751369157448
683 -1.9131751369157448
684 -1.9131751369157448
685 -1.9131751369157448
686 -1.9131751369157448
687 -1.9131751369157448
688 -1.9131751369157448
689 -1.9131751369157448
690 -1.9131751369157448
691 -1.9131751369157448
692 -1.9131751369157448
693 -1.9131751369157448
694 -1.9131751369157448
695 -1.9131751369157448
696 -1.9131751369157448
697 -1.9131751369157448
698 -1.9131751369157448
699 -1.9131751369157448
700 -1.9131751369157448
701 -1.9131751369157448
702 -1.9131751369157448
703 -1.9131751369157448
704 -1.9131751369157448
705 -1.9131751369157448
706 -1.9131751369157448
707 -1.9131751369157448
708 -1.9131751369157448
709 -1.9131751369157448
710 -1.9131751369157448
711 -1.9131751369157448
712 -1.9131751369157448
713 -1.9131751369157448
714 -1.9131751369157448
715 -1.9131751369157448
716 -1.9131751369157448
717 -1.9131751369157448
718 -1.9131751369157448
719 -1.9131751369157448
720 -1.9131751369157448
721 -1.9131751369157448
722 -1.9131751369157448
723 -1.9131751369157448
724 -1.9131751369157448
725 -1.9131751369157448
726 -1.9131751369157448
727 -1.9131751369157448
728 -1.9131751369157448
729 -1.9131751369157448
730 -1.9131751369157448
731 -1.9131751369157448
732 -1.9131751369157448
733 -1.9131751369157448
734 -1.9131751369157448
735 -1.9131751369157448
736 -1.9131751369157448
737 -1.9131751369157448
738 -1.9131751369157448
739 -1.9131751369157448
740 -1.9131751369157448
741 -1.9131751369157448
742 -1.9131751369157448
743 -1.9131751369157448
744 -1.9131751369157448
745 -1.9131751369157448
746 -1.9131751369157448
747 -1.9131751369157448
748 -1.9131751369157448
749 -1.9131751369157448
750 -1.9131751369157448
751 -1.9131751369157448
752 -1.9131751369157448
753 -1.9131751369157448
754 -1.9131751369157448
755 -1.9131751369157448
756 -1.9131751369157448
757 -1.9131751369157448
758 -1.9131751369157448
759 -1.9131751369157448
760 -1.9131751369157448
761 -1.9131751369157448
762 -1.9131751369157448
763 -1.9131751369157448
764 -1.9131751369157448
765 -1.9131751369157448
766 -1.9131751369157448
767 -1.9131751369157448
768 -1.9131751369157448
769 -1.9131751369157448
770 -1.9131751369157448
771 -1.9131751369157448
772 -1.9131751369157448
773 -1.9131751369157448
774 -1.9131751369157448
775 -1.9131751369157448
776 -1.9131751369157448
777 -1.913175792004921
778 -1.913175792004921
779 -1.913175792004921
780 -1.913175792004921
781 -1.913175792004921
782 -1.913175792004921
783 -1.913175792004921
784 -1.913175792004921
785 -1.913175792004921
786 -1.913175792004921
787 -1.913175792004921
788 -1.913175792004921
789 -1.913175792004921
790 -1.913175792004921
791 -1.913175792004921
792 -1.913175792004921
793 -1.913175792004921
794 -1.913175792004921
795 -1.913175792004921
796 -1.913175792004921
797 -1.913175792004921
798 -1.913175792004921
799 -1.913175792004921
800 -1.913175792004921
801 -1.913175792004921
802 -1.913175792004921
803 -1.913175792004921
804 -1.913175792004921
805 -1.913175792004921
806 -1.913175792004921
807 -1.913175792004921
808 -1.913175792004921
809 -1.9131757937047662
810 -1.9131758014532512
811 -1.9131758014532512
812 -1.9131758085349446
813 -1.9131758085349446
814 -1.9131758085349446
815 -1.9131758147964941
816 -1.9131758293733698
817 -1.9131758293733698
818 -1.9131758311990854
819 -1.9131758311990854
820 -1.9131758311990854
821 -1.913175832734824
822 -1.913175832734824
823 -1.913175832734824
824 -1.913175832734824
825 -1.913175836806781
826 -1.913175836806781
827 -1.913175836806781
828 -1.913175836806781
829 -1.9131758420827216
830 -1.9131758420827216
831 -1.9131758442329305
832 -1.9131758623214967
833 -1.9131758623214967
834 -1.9131758623214967
835 -1.9131758623214967
836 -1.9131758623214967
837 -1.9131758623214967
838 -1.9131758623214967
839 -1.9131758623214967
840 -1.9131758719389103
841 -1.9131758719389103
842 -1.9131758719389103
843 -1.9131758944929271
844 -1.9131758944929271
845 -1.9131758944929271
846 -1.9131758944929271
847 -1.9131758944929271
848 -1.9131758944929271
849 -1.9131758944929271
850 -1.9131758944929271
851 -1.913175896100908
852 -1.9131758962856424
853 -1.9131758962856424
854 -1.9131758962856424
855 -1.9131758962856424
856 -1.913175929097028
857 -1.913175929097028
858 -1.913175929097028
859 -1.913175929097028
860 -1.913175929097028
861 -1.913175929097028
862 -1.913175940043101
863 -1.913175940043101
864 -1.913175940043101
865 -1.913175940043101
866 -1.913175940043101
867 -1.913175940043101
868 -1.913175940043101
869 -1.913175940043101
870 -1.913175940043101
871 -1.913175940043101
872 -1.913175940043101
873 -1.913175940043101
874 -1.913175940043101
875 -1.913175945716652
876 -1.9131759523892518
877 -1.9131759523892518
878 -1.9131759523892518
879 -1.9131759523892518
880 -1.9131759523892518
881 -1.9131759620174016
882 -1.9131759620174016
883 -1.9131759620174016
884 -1.913175965616786
885 -1.9131759873070844
886 -1.9131759873070844
887 -1.9131759873070844
888 -1.9131759873070844
889 -1.9131759873070844
890 -1.913175999029277
891 -1.9131760196551753
892 -1.9131760196551753
893 -1.9131760196551753
894 -1.9131760196551753
895 -1.9131760197643022
896 -1.913176022384925
897 -1.913176022384925
898 -1.913176022384925
899 -1.913176022384925
900 -1.913176022384925
901 -1.9131760225108527
902 -1.9131760299861016
903 -1.9131760299861016
904 -1.9131760299861016
905 -1.9131760299861016
906 -1.9131760299861016
907 -1.9131760299861016
908 -1.9131760299861016
909 -1.9131760299861016
910 -1.9131760299861016
911 -1.9131760299861016
912 -1.9131760307589873
913 -1.9131760310022572
914 -1.913176053022477
915 -1.913176053022477
916 -1.913176053022477
917 -1.913176053022477
918 -1.913176053022477
919 -1.913176053022477
920 -1.913176053022477
921 -1.913176053022477
922 -1.913176053022477
923 -1.9131760570541774
924 -1.9131760570541774
925 -1.9131760570541774
926 -1.9131760570541774
927 -1.9131760754757243
928 -1.9131760754757243
929 -1.9131760754757243
930 -1.913176086874146
931 -1.913176086874146
932 -1.9131760975169083
933 -1.9131760975169083
934 -1.9131760975169083
935 -1.9131760975169083
936 -1.9131760975169083
937 -1.9131760976407528
938 -1.9131760976407528
939 -1.9131760976407528
940 -1.9131761032831807
941 -1.9131761032831807
942 -1.9131761068377244
943 -1.9131761068377244
944 -1.9131761068377244
945 -1.9131761068377244
946 -1.913176131347658
947 -1.913176131347658
948 -1.913176131347658
949 -1.913176131347658
950 -1.913176131347658
951 -1.913176131347658
952 -1.913176131347658
953 -1.913176131347658
954 -1.9131761818426134
955 -1.9131761818426134
956 -1.9131761818426134
957 -1.9131761818426134
958 -1.9131761818426134
959 -1.9131761818426134
960 -1.9131761948388473
961 -1.9131761948388473
962 -1.9131761948388473
963 -1.9131761955869813
964 -1.9131761955869813
965 -1.913176195647189
966 -1.913176195647189
967 -1.9131762091419384
968 -1.9131762091419384
969 -1.9131762091419384
970 -1.9131762091419384
971 -1.9131762091419384
972 -1.9131762091419384
973 -1.9131762091419384
974 -1.9131762091419384
975 -1.9131762091419384
976 -1.9131762091419384
977 -1.913176218811485
978 -1.913176218811485
979 -1.913176218811485
980 -1.913176218811485
981 -1.913176218811485
982 -1.913176218811485
983 -1.913176218811485
984 -1.913176218811485
985 -1.9131967896667166
986 -1.9131967896667166
987 -1.9131967896667166
988 -1.9131967896667166
989 -1.9131967896667166
990 -1.9131967896667166
991 -1.9131967896667166
992 -1.9131967896667166
993 -1.9131967896667166
994 -1.9131967896667166
995 -1.9131967896667166
996 -1.9131967896667166
997 -1.9131967896667166
998 -1.9131967896667166
999 -1.9131967896667166
1000 -1.9131967896667166
