1 7.7335740924911205
2 8.090161707280494
3 8.181828718166143
4 8.471791162562102
5 8.294393354130198
6 8.11670161633234
7 8.391319360914702
8 7.798954756240438
9 8.36922374702315
10 8.118426860014345
11 8.34358996443932
12 7.91932628127977
13 8.096344972943434
14 7.9719541396457805
15 7.930354381862946
16 8.307471053320633
17 7.769568766871451
18 8.36556676128106
19 8.215524780785184
20 8.670188476069262
21 8.105658726008103
22 8.013747961581108
23 8.175669098626074
24 7.672127129315402
25 7.901202096134228
26 8.61021948124896
27 8.475987178669298
28 7.839594974196682
29 8.0386304103476
30 8.057634751713914
31 8.250043717922178
32 8.280093808239512
33 8.265069854128772
34 8.010014716349461
35 8.148994070745148
36 8.051448596520371
37 8.36703313843828
38 8.494671514314456
39 7.537563468542124
40 8.202214153230189
41 7.813492039882368
42 8.29694320716677
43 8.330827631975914
44 8.356901944634094
45 8.288422161558708
46 8.207933196111082
47 8.131701260679671
48 8.371710501980498
49 8.049176199298065
50 7.977778766277179
51 8.257886307112448
52 8.519013246436238
53 8.54338704511205
54 8.19531823628035
55 8.275241786081727
56 8.059449796752778
57 8.14572813202575
58 8.124701540462173
59 7.912610654781048
60 7.727127810793144
61 8.382617458310746
62 8.115775515776653
63 8.461026678588661
64 8.421565880299577
65 8.732720267557177
66 7.9383024092876
67 8.257838147071183
68 8.000709532135598
69 8.518698538090465
70 8.168309778293546
71 8.437626788151793
72 8.033040152570212
73 8.198519839952304
74 8.255228628803096
75 8.020886676054813
76 8.22724789261794
77 8.037485136768185
78 8.000499702512847
79 8.162769368151174
80 8.617649590066193
81 8.280022530179016
82 8.649649114262179
83 7.907826979105359
84 8.404906132448586
85 8.318280855974814
86 8.07111471452882
87 8.599600119788093
88 7.9738848758584275
89 8.351193771807623
90 7.991502809521315
91 8.469568605061992
92 8.38167424155188
93 8.07985461107875
94 7.88440894587845
95 7.5894855490512105
96 8.35960054896676
97 7.965569131713704
98 8.122345922514315
99 8.339425946388062
100 7.927228597833275
101 8.157554638778073
102 8.285706842337667
103 8.22320526591282
104 8.274610712301365
105 7.94659996639354
106 8.390134141899308
107 8.096049697822341
108 8.247383349866153
109 7.867520252304953
110 8.225886540027432
111 8.610478638466292
112 8.467778528686281
113 8.16611135822532
114 8.308604548636254
115 8.526690986545782
116 8.816509724810471
117 8.46644699080425
118 8.35601816022085
119 8.584988776294736
120 8.331890957611916
121 8.526798226752863
122 8.016777826051618
123 8.145446966316639
124 8.41686487455725
125 8.055737479844211
126 7.965266969231194
127 8.271590867216013
128 8.15399054687777
129 7.73409863418571
130 8.25749675997296
131 7.939827149053815
132 8.103018258568712
133 8.02353422843721
134 8.519013651017818
135 8.102779943226455
136 8.136079360851934
137 7.699186033991368
138 8.317615699675315
139 8.058225609338406
140 8.25406964499305
141 8.452379571433571
142 8.145669903607134
143 8.054447930349706
144 8.524052743735512
145 8.509199091412402
146 8.285090365512943
147 8.583227065705781
148 8.065324481847922
149 7.979881200968013
150 8.242361193651929
151 8.392860921056704
152 7.80584402881787
153 8.046399010556822
154 8.381614056644185
155 7.975537218326213
156 7.758940263436637
157 8.50306311950568
158 8.115717468521604
159 7.751128235786052
160 7.55617383054383
161 8.021945175486739
162 8.19196461371314
163 8.089286198463812
164 8.477026439443094
165 8.253037232865584
166 8.089589166501819
167 8.003691069427626
168 8.482043709499509
169 8.253261827719657
170 8.414433930520477
171 8.326964159967185
172 8.023363298117635
173 8.478111162283964
174 8.273698448896207
175 8.125928665414923
176 8.469106761149497
177 7.823713020394887
178 8.540770984264713
179 7.945763197283279
180 8.28215914200425
181 8.199144637680538
182 8.451370936824175
183 8.033276357377618
184 8.510502139899163
185 7.962200510932976
186 7.928925163039684
187 7.756047110224416
188 7.8303079658372825
189 7.9349694712853935
190 8.066160619339598
191 8.711154489876522
192 7.742664714953538
193 8.26959658023636
194 8.54509006696612
195 8.608787018064053
196 8.152946863671145
197 8.419079664604006
198 8.80885961374037
199 8.753379100436876
200 8.471866225106822
201 8.823124939611693
202 7.841924717918584
203 7.9865573904770235
204 8.285606277212832
205 8.144233644439614
206 8.28074451665749
207 8.42888566670917
208 8.34883221102462
209 8.333412451797429
210 8.179720516882693
211 8.234922812740587
212 8.088415408343867
213 8.491912255212124
214 8.223118065692956
215 8.111708734992442
216 8.091847905348823
217 8.432034738621386
218 8.556238251296318
219 8.432015885664354
220 8.220140707049536
221 7.8775823503656435
222 8.129806103980354
223 8.22750427331962
224 8.098495948680355
225 8.201743677717253
226 8.623273089562584
227 8.024003721657735
228 8.12599949851395
229 8.130151772711319
230 8.411533540982335
231 8.05957406892841
232 7.854083656776256
233 8.04764404053373
234 8.265703270853093
235 8.14652352463768
236 8.324968208923828
237 8.566357648654716
238 8.284109049874228
239 8.153434056903643
240 7.968933665786914
241 7.994235227125554
242 8.311837513215576
243 8.327564577114247
244 8.487346152973588
245 8.321236220144442
246 8.19775810663439
247 7.777695284568559
248 8.774365260661337
249 8.394622396744875
250 8.115767759284807
251 8.21296869259609
252 8.146539299465838
253 8.254197908834614
254 8.16750263473222
255 8.084587542916406
256 8.526796076519537
257 8.29305442799148
258 7.950364826671225
259 8.469767088887801
260 8.708518460742848
261 8.188886853933575
262 8.733418405464306
263 7.986072979880792
264 8.571796188182953
265 8.102899517204534
266 7.980724242712614
267 7.865014752128111
268 8.460438243240548
269 8.252535246913165
270 8.57151289863731
271 8.279679282663146
272 8.146517050061474
273 8.400350370291516
274 8.157422017863327
275 8.071216649016407
276 7.838266439508445
277 8.52632634594032
278 8.194840239584302
279 8.116905549992401
280 8.247223494678806
281 8.19458500650398
282 8.451347475561837
283 8.420244048987136
284 8.190343426463189
285 8.145972119481662
286 8.282309182158718
287 8.54067306852337
288 8.381735456734672
289 8.455702708793599
290 8.219985752338218
291 8.47162488687151
292 8.525541239237972
293 8.677549354631509
294 8.48514890866391
295 8.140798691034135
296 8.489087256267862
297 7.735912631237668
298 8.329134410458213
299 7.952714461890574
300 8.27605428730277
301 8.349212761809612
302 8.092602856129735
303 8.024869013232596
304 8.287354924204182
305 7.788443294892549
306 8.475029144426689
307 8.024237015903996
308 7.8812106365486
309 8.514398591186865
310 8.257545286319436
311 8.086707107194595
312 7.974741678952065
313 8.220387446249966
314 7.5884148792068835
315 8.35197826397532
316 8.022426869282922
317 8.286065128831344
318 8.08068878381952
319 7.980912971770462
320 7.8889916721077205
321 8.01368873677836
322 8.162797162719412
323 8.22000802731496
324 8.108701493083286
325 8.553725881552987
326 8.119339664174115
327 8.573420131006284
328 8.028093702329326
329 7.894688451304128
330 8.3209625399955
331 8.16682936246659
332 8.180557428597176
333 8.357753876383482
334 8.019629298543979
335 8.206205626868872
336 8.058557977418458
337 8.012027805556981
338 7.813606972027111
339 8.71304878218161
340 8.417284784988288
341 8.615623682514528
342 8.123253175022894
343 8.096628904120106
344 8.04837540910593
345 8.061245098853249
346 8.014304259957393
347 8.338965023550612
348 8.478937020908269
349 8.068115702238506
350 7.663027091066014
351 8.237821941875543
352 8.622951473755487
353 8.35143599623368
354 7.663972864292924
355 8.08482984224889
356 8.434512606958988
357 7.987940727657821
358 8.628612592904505
359 8.437204134015785
360 8.041675613400244
361 8.350579038378637
362 8.613136489251126
363 7.89389126231843
364 8.664677881195939
365 8.199143640687362
366 7.985471361282614
367 7.484993747067421
368 7.765530223510158
369 8.223048764289267
370 8.197768811982764
371 8.08883957323968
372 8.575447214605564
373 8.267738306554154
374 8.42531588449021
375 8.26513712210256
376 8.101279095698844
377 8.140030462823628
378 8.920727155952461
379 8.143984251858871
380 8.065070702715463
381 8.253792484566182
382 8.179341658086017
383 7.6050690939128085
384 8.224050214474426
385 8.315325790292626
386 8.246946419471003
387 7.783909659664512
388 8.238724305807612
389 8.40637044574645
390 8.273570933072667
391 8.238753565084018
392 8.02515420191752
393 7.967886976821642
394 8.398673952911093
395 8.168619024250138
396 8.279022294399837
397 8.236808053853519
398 8.171271147400036
399 8.051651905226466
400 8.392236784720943
401 8.205336519528107
402 8.276475694049058
403 8.177338579508788
404 7.874918766720424
405 8.17724073193074
406 8.16486885775091
407 7.774004084756664
408 8.279378384288451
409 8.454259180959548
410 7.956440367535858
411 8.304053316207987
412 8.2513863924498
413 7.676056264721057
414 8.029076838887493
415 8.025969847270368
416 8.395042300876325
417 8.436188154786095
418 8.302414503117042
419 8.630112767053353
420 8.218836230804307
421 7.865687820079789
422 8.11911143876498
423 7.979673250216938
424 8.333541918394035
425 8.46080374515294
426 8.258346855596141
427 8.127124206976951
428 8.128101349404341
429 7.93015945221873
430 8.261788503777112
431 8.409617297413922
432 8.501050948320026
433 7.9596192104005565
434 8.367955842225026
435 7.860311607114867
436 8.028113410696742
437 8.2274356946012
438 7.787261393964415
439 7.5866653988199255
440 8.353295611204501
441 7.972861506811471
442 8.29722432712473
443 8.09799591003913
444 8.252318617128209
445 7.493436384919395
446 7.991825122591045
447 8.244315943445935
448 8.42034843760305
449 8.429523222639583
450 8.721487660234875
451 8.666451238827722
452 8.15838430577563
453 8.354316660302159
454 8.087298649579514
455 8.206559793311891
456 8.150921883885808
457 7.732385493681844
458 8.36025552694313
459 8.695026010702659
460 7.893947586307042
461 7.749138953149072
462 8.284023384990908
463 8.151943327883629
464 8.29165814457995
465 7.904522815729152
466 8.332269928705836
467 8.368742799926727
468 8.60057214394802
469 8.00814833750753
470 7.77054270537192
471 7.994960580112701
472 8.000898277575425
473 8.46412285088661
474 7.90185052408027
475 8.103613962696915
476 8.531478137515816
477 8.351404605190437
478 8.230747096378341
479 8.05275390918041
480 8.416502979760272
481 8.027756234540956
482 8.127376660971562
483 8.08008724248207
484 8.192109790342636
485 8.146992479065984
486 7.861723462741814
487 8.604213235739943
488 8.391596427974036
489 7.934703270985148
490 8.648826975598064
491 8.706137268696025
492 8.453899950691781
493 8.107359060876163
494 8.1034341743151
495 8.471202241855709
496 7.601501361686344
497 8.91402634620985
498 8.362595349909965
499 8.320036826359347
500 8.629484948809724
501 8.405271392870313
502 8.300872730366644
503 8.314174728841822
504 8.058095734662462
505 8.48526095541252
506 8.268386894992947
507 8.487986665794457
508 8.572879950329623
509 8.277817414646318
510 7.852432379540908
511 7.946890408802366
512 7.968709021296952
513 8.053444753777365
514 8.084558235111437
515 7.951806642807077
516 7.977035756880709
517 8.485274554607432
518 8.402014893292392
519 8.41462030000277
520 7.810180375312385
521 8.804724398318823
522 8.498260581384752
523 8.05035410904937
524 8.524592919002275
525 8.108475620659199
526 8.020903137284206
527 8.10393682488655
528 8.263908324782463
529 7.774844980887641
530 8.142082379441877
531 8.206359205496955
532 8.40346829562832
533 8.00100681563543
534 8.060693224483154
535 8.505987185201024
536 8.145328273623113
537 8.42089722668321
538 8.216658441186803
539 8.397045033796351
540 8.49353979756311
541 8.47258375938146
542 8.141348086475176
543 8.613255260994876
544 7.959924537370272
545 8.539775003817548
546 7.9927835680100525
547 7.7932262931483605
548 7.540586670962944
549 7.954913633508527
550 8.121153570420248
551 8.027547580596135
552 7.975683765190569
553 8.374484626521298
554 8.159361308378614
555 8.266218175905228
556 7.922848577321437
557 8.550050263694999
558 8.400846304710498
559 8.282831222482585
560 8.320097257681622
561 8.243993999827678
562 8.422338243003642
563 8.596468352051016
564 8.303953193688798
565 8.233392595197477
566 8.078260833244444
567 8.52887767383297
568 8.182130803464599
569 8.084906402775934
570 7.693292813783319
571 8.682923753853373
572 8.319306530281478
573 7.950849264108542
574 8.324590984389944
575 8.44304946913295
576 8.394416826607944
577 8.487008209885484
578 8.374675043456104
579 7.5583587383830055
580 8.400678355521332
581 8.273974072374012
582 8.128343417778904
583 8.095342735307602
584 8.070407503154014
585 8.398743308546496
586 8.33162668120866
587 8.574660533497395
588 8.377582929625232
589 8.34875777638569
590 8.203057444782338
591 8.023483249003323
592 8.299122711422813
593 7.838054802333115
594 8.55382347840645
595 8.331482422068866
596 8.383308317253348
597 8.192329390909272
598 8.342864472788001
599 8.105339615324967
600 8.306623017311395
601 8.425547062091487
602 8.213423571521469
603 8.435596244648702
604 8.145645879689773
605 8.065777030683584
606 7.829570921227823
607 9.013129608617254
608 8.33598890305531
609 8.339997512498504
610 8.192919616359205
611 8.33459426469286
612 8.141605854745816
613 8.152580526383586
614 8.34762320462394
615 8.430955792064548
616 8.08301091440245
617 8.09011442115982
618 8.694663149812843
619 8.534483990219083
620 7.630999159947006
621 8.520481194087745
622 8.230183326018
623 8.260834884660103
624 8.716055025221388
625 8.123720859383928
626 8.378844225241119
627 7.848607918530804
628 7.813299605686554
629 8.189959315301698
630 8.909505951965771
631 7.751512835631121
632 8.268153944857623
633 8.485556453027739
634 8.278869455638159
635 8.044741138579816
636 8.018691764698268
637 7.90056538868723
638 8.160841788604401
639 8.653808964857399
640 8.054217382855848
641 8.483633465465946
642 8.190572671381627
643 8.138103619639812
644 8.183912632225585
645 8.334530976195156
646 8.343083325502148
647 8.25217962807068
648 8.472327228203833
649 8.311935252020128
650 7.733334224539337
651 8.473522116147768
652 8.353046273629293
653 8.35092677757022
654 8.344280459587669
655 8.42711948201781
656 8.231723309663904
657 8.708561483120477
658 8.0633310295973
659 8.29851480330564
660 8.111697963234336
661 8.08985700444988
662 8.452221994793451
663 8.158615886045036
664 8.145996299467996
665 8.300183947044692
666 8.303844014076486
667 8.183077053109452
668 8.751134165226983
669 7.935037276302882
670 8.385005939211808
671 8.251858975776615
672 8.307648018260053
673 8.597651456485938
674 8.042700998911632
675 8.23060355378105
676 8.376620379468898
677 8.12601522829943
678 8.522415433893055
679 8.45447026122901
680 8.464203287022283
681 8.11637523115586
682 8.635203723763466
683 8.604351692238607
684 8.294068544446844
685 8.177472833170933
686 7.850203598281836
687 8.306086144682942
688 8.168737830109228
689 8.435433151909958
690 7.976121351292651
691 8.251278628054163
692 8.148508081553288
693 7.857897989437872
694 8.701229079649604
695 8.225660723253386
696 8.072569045525405
697 8.380113849986788
698 8.25609054924742
699 8.1856036664244
700 7.943626363363707
701 7.328956608733985
702 8.251467618881366
703 8.58008525679217
704 8.385077426303745
705 8.166277185669154
706 8.480742837801937
707 7.667332730923242
708 8.276530714416907
709 8.543640419703676
710 8.32335653191406
711 8.192153919770623
712 8.140408777556331
713 8.221253201255033
714 8.148535646569233
715 8.274580110469767
716 8.282248936900512
717 8.318588960045158
718 8.344797691421947
719 8.177938616032954
720 8.26469799067074
721 8.205107922170871
722 8.234433328963158
723 8.364775959463431
724 8.386162072829645
725 8.33995909441433
726 8.36954914650891
727 8.594140244537163
728 8.208413970619578
729 8.220106386814505
730 8.058397443126083
731 8.014774493486124
732 8.198864427207326
733 8.190036901298123
734 7.9093793393033724
735 8.472892652876835
736 7.906502154097903
737 8.181027849306435
738 8.235695656765445
739 8.37412341196466
740 7.9905908953760845
741 8.342303996981933
742 8.30484187901589
743 8.128586669147028
744 8.46629399349987
745 8.305886020425836
746 8.075183094333056
747 8.527394607552807
748 8.215536006449408
749 7.7958156245385295
750 7.940539126168416
751 8.581693487042294
752 8.405890793767764
753 8.10156490026981
754 8.141365446266871
755 7.839411535046589
756 8.15198560342172
757 7.68528857182789
758 8.000107171665796
759 8.354722234970222
760 8.026516220907215
761 8.14304333891459
762 8.363234608499274
763 8.798575961472828
764 8.427335614434725
765 8.450040990321888
766 8.46250835193643
767 8.511736539936063
768 8.265679041478172
769 8.667535479204611
770 8.53138606569737
771 8.44021455006885
772 8.479212878159203
773 8.181873583933706
774 8.332613283110357
775 8.217782289581697
776 8.02658798496462
777 7.83873660336276
778 8.363930056595294
779 8.455530314143584
780 8.139958126085101
781 8.015458803049244
782 8.420205748573983
783 8.068412546359676
784 8.233092746814222
785 8.132562857444118
786 8.405085224073131
787 8.857090760100967
788 8.125246363592083
789 8.408334172774891
790 8.561121714131648
791 8.201515008827732
792 8.617029244708013
793 8.301441913404448
794 8.249890311721133
795 8.409453155079007
796 8.309510865623459
797 8.225235908452134
798 8.00988855082766
799 8.692596838000156
800 8.169273819709707
801 8.185209101507947
802 7.916528256659435
803 8.268360710895914
804 8.15858173805539
805 8.348912924459688
806 8.146063702164614
807 8.604917483393942
808 8.397942812013625
809 8.456354082897102
810 8.302683110442809
811 8.195024504019711
812 8.248696134898555
813 8.447767554006559
814 8.501382487927097
815 8.447984622595547
816 8.17193194017791
817 8.32389678009934
818 8.300157875712896
819 8.212287970103862
820 8.57689213174756
821 8.647714924337475
822 8.466480109364081
823 8.365667541156586
824 8.491164952301384
825 8.213894192516596
826 8.343887272022616
827 8.230318480112544
828 8.135985761232462
829 7.922663444296984
830 8.409807927451245
831 7.619236232009638
832 8.482769027658025
833 7.98697785276208
834 8.075615526723793
835 8.561180596110225
836 8.346175734841038
837 7.960967094065039
838 7.961509234824127
839 8.148474929962903
840 8.64506704349607
841 8.186581925819796
842 8.176613751879215
843 8.443778079280001
844 8.898313631062074
845 8.04416148833276
846 8.295720690978802
847 8.346101173089117
848 8.593477270546456
849 8.851146181155766
850 7.877655000876277
851 8.175983861076963
852 8.359043213904936
853 8.35301348067595
854 8.020497594909227
855 8.261679052571596
856 8.404678510193406
857 8.521043435018868
858 8.289694004923797
859 8.351026247916398
860 8.363563686364843
861 8.591697339077573
862 7.944997973927587
863 8.047662786603686
864 8.29324983548154
865 7.912781457631973
866 7.962048322235585
867 7.923263718203319
868 8.094406845485379
869 8.324700724639074
870 8.340017254364342
871 8.123764989383169
872 8.5575525702248
873 8.403569329532948
874 8.709654619145395
875 8.661657271055287
876 8.445370011036623
877 8.156065789537692
878 8.35141067521002
879 8.086092725818496
880 8.08532686103577
881 8.318873878570443
882 8.039376932219803
883 8.269781910388224
884 8.0821354612098
885 8.258963977872662
886 7.82175507227574
887 8.122416224601398
888 7.874975346228733
889 8.277363297373581
890 8.291382940302226
891 8.29054997585577
892 8.334063139866743
893 8.329358071234614
894 8.231863759101474
895 8.553354400504627
896 8.326861343802
897 7.939769054797572
898 8.053687360719373
899 8.725210104307015
900 8.519514482613491
901 8.268430018927013
902 8.122274759773552
903 8.510839320146806
904 7.686606427223942
905 8.195559055204045
906 7.796345091347331
907 8.429997583553373
908 8.21523576806886
909 8.881572629995723
910 8.440464629862412
911 8.735010799040593
912 8.302263426394678
913 8.249135380563823
914 8.661060269617298
915 7.788191745747957
916 7.898685403018951
917 8.396770496705528
918 8.268417039159155
919 7.997516614306686
920 8.251201695341152
921 8.64210005776196
922 8.199147958176406
923 8.791969401777035
924 7.810734246654543
925 8.332708370708014
926 8.747800368016051
927 8.032893520325546
928 8.440469140512759
929 8.632664553799113
930 8.330344403308485
931 7.982530866008117
932 7.870745239400066
933 8.896019102981905
934 7.945400515211486
935 7.923996840882943
936 8.140864192920727
937 8.256787673158497
938 8.217217768374114
939 8.753245792658571
940 8.190594355296922
941 8.305557728457256
942 8.328572954561105
943 8.56180337559951
944 8.193108660245132
945 7.772172264223724
946 8.415258301055497
947 8.006931833986826
948 8.46733746804646
949 8.28483983697089
950 8.477832356288385
951 7.99648071063594
952 8.451318260783427
953 7.962786605482254
954 7.952825178294573
955 7.827345928474236
956 8.59777340371433
957 8.437876868042986
958 7.901081678945175
959 8.29607246731006
960 8.475691461694764
961 8.36340017375092
962 7.995095195853443
963 8.062072517699795
964 8.11388881071585
965 8.255297147895561
966 8.397569471141534
967 8.109757372442226
968 8.123255006191425
969 8.150203050170534
970 7.760755186806027
971 8.277783868377593
972 8.084233454998538
973 8.575825056198733
974 7.625212638690402
975 8.053144481799833
976 8.412425833637894
977 8.294066717819387
978 8.087507850528953
979 8.340319583531683
980 8.302435511818066
981 7.982914258255246
982 8.479399819368199
983 8.344045342681332
984 8.346446294862732
985 8.13748315744662
986 7.764739577679264
987 8.113938486413234
988 8.68198753169417
989 8.229962887339363
990 8.734194284739822
991 8.220911214971812
992 8.211122170101588
993 8.720796550694818
994 8.393827381913706
995 8.213434130984789
996 8.391147064325537
997 8.599598861264047
998 8.257620604400026
999 7.789981739308226
1000 8.427431710326896
