1 7.261343601466114
2 7.235870844994288
3 7.477512460283657
4 7.326254817416906
5 7.902814562460867
6 7.027497292215204
7 7.3887423313341785
8 7.289510206058011
9 7.297482536136875
10 7.410333135110533
11 7.245479488782136
12 7.57489155277246
13 6.7071715244446235
14 7.285372082997222
15 7.295949405148387
16 7.473449055156719
17 7.461648108094647
18 7.1553062835619805
19 7.357830941188917
20 7.348949566123514
21 7.489350683443221
22 7.069894519400874
23 7.052758692855436
24 7.434065735698895
25 7.698900223595154
26 7.798414892688121
27 7.433162442466458
28 7.252639896538856
29 7.33646779503048
30 7.312599817902295
31 7.388517562277377
32 7.676394919180549
33 7.147330141160186
34 7.779651493835391
35 8.293758411027477
36 7.591853865771522
37 7.088159406020624
38 7.174283898820624
39 7.60964565654271
40 7.564995919504565
41 7.503961435729668
42 7.440328892605108
43 7.386126929935387
44 7.743663249689606
45 7.1463478736926325
46 7.512657598293953
47 7.250662395073894
48 6.897768532553773
49 7.479781602487598
50 7.200378474159097
51 7.448213107224521
52 7.717947092475898
53 7.790203072617143
54 7.305877142138794
55 7.264770233334719
56 7.301180845570372
57 7.6078834475115364
58 7.177383557750518
59 7.709541289205479
60 7.560353542670907
61 7.368031330686689
62 7.201876561582216
63 7.380914409694565
64 7.521361120153713
65 7.410654684845047
66 7.436606568219655
67 7.423975529652594
68 7.0039846395652186
69 7.6060031069422385
70 7.596256936570739
71 7.595282421950727
72 7.431973277169371
73 7.6450795657153945
74 7.011408263673966
75 7.690112412349753
76 7.585970965413817
77 6.988737766918581
78 7.329747731407219
79 7.5258364077596145
80 7.50014049906949
81 7.438195863529907
82 7.226204667293368
83 7.800159862808371
84 7.6506614608647565
85 7.175771341157653
86 7.691152070636582
87 8.177154112757593
88 7.583518274569186
89 7.432748504231754
90 7.486037732262905
91 7.6428015092043005
92 7.227475888600811
93 7.662601122862143
94 7.7981583439963
95 7.26609320556413
96 7.652794636821807
97 7.261001004019288
98 7.710799286433544
99 7.563020263130605
100 7.32600985868666
101 7.724078075516532
102 7.6058539951636055
103 7.262859282596583
104 7.3062740149105245
105 7.4883887897412755
106 7.26386378117496
107 7.496882427287797
108 7.629107794879956
109 7.5980715127426945
110 7.17088315755318
111 7.558385229028446
112 6.968206586763563
113 7.6320148636910154
114 7.669426976316839
115 7.322563116540302
116 8.00990559552227
117 7.6058505355869706
118 7.094657354735497
119 7.299686586220141
120 7.534522376841238
121 7.261870812893312
122 7.82337098254534
123 7.497119994582118
124 7.516999695293714
125 7.370043949622341
126 7.512693641341198
127 7.260186250906608
128 7.426427757855858
129 7.9046084192739
130 7.497823449286502
131 7.145664539407928
132 7.74260310826971
133 7.436498661132099
134 7.73196624029321
135 7.7683394963968055
136 7.661572403385173
137 7.249320940348574
138 6.958138974763592
139 7.484703546704613
140 7.242656181476566
141 6.9239225908339375
142 7.279693419271815
143 7.481193304187057
144 7.654853105068831
145 7.06869071802896
146 7.3634780299211195
147 7.55028578501912
148 7.358695458977804
149 7.595802606459942
150 7.254893902874386
151 7.231893569436527
152 7.375996530948734
153 7.969443231216012
154 7.581480001083197
155 7.940005578114227
156 7.498173296864733
157 7.580305963578409
158 6.770197204518769
159 7.280297409556812
160 7.380193518147511
161 7.809763643047227
162 7.729283330880449
163 7.024534287945087
164 7.730290190338207
165 7.475637138784732
166 7.566518300889422
167 7.313052717554528
168 7.721800612004739
169 7.121309162816045
170 7.327849801878452
171 7.397587484376953
172 6.7023871737602185
173 7.045446809593325
174 7.535376983096576
175 6.945694863135259
176 7.520222244120192
177 7.731622414188476
178 7.49572969677342
179 7.915400445229832
180 7.7620284529065104
181 7.1822469554571855
182 7.067164602961778
183 7.339145650542221
184 7.002190335990534
185 7.448281960168289
186 7.531642372268417
187 7.284000165343054
188 7.290009484193747
189 7.298137677887497
190 7.390953214746065
191 7.223691502451509
192 7.56372951583118
193 7.221525672242072
194 7.48602340955959
195 7.126232117825641
196 7.268092509224729
197 7.914311351287417
198 7.543621884781653
199 7.730527538389695
200 7.367546233645014
201 7.485576470693802
202 8.052291167057824
203 7.652031263279351
204 7.416707491883701
205 7.751974552419499
206 7.574424035983072
207 7.683605494569692
208 7.744665346867001
209 7.382155274313139
210 6.628014470670083
211 7.8879712170546865
212 7.4883107291143425
213 7.187703035069347
214 7.528143658446689
215 7.2821428488224145
216 7.588036508504587
217 7.476354092558991
218 7.500367057652411
219 7.918072976193213
220 6.844168338120738
221 7.228931680739547
222 7.759084994168307
223 7.036667198129673
224 7.092784780526157
225 7.777153398519195
226 7.606769493893158
227 7.393138041717355
228 7.527436520202775
229 7.1204366427562125
230 7.519906786112346
231 7.428027225449694
232 7.861908562669653
233 7.440031418463335
234 7.629922162585128
235 7.4738952638237715
236 7.055041352776026
237 7.695977081449461
238 7.70750350602795
239 7.799655062697557
240 7.077006485134194
241 7.394953482194938
242 7.95315750121458
243 7.346146540882244
244 7.692135642090827
245 7.377940004256428
246 7.539090720599964
247 7.29969893230343
248 7.549236690831708
249 7.376816117872479
250 7.484862124053944
251 7.645262422467557
252 7.281902464559795
253 7.21345038026942
254 7.827442967278507
255 7.873980610545809
256 7.152986977279707
257 7.926063290006192
258 7.371433938515136
259 7.784187276795493
260 7.240472494645916
261 7.339478497281567
262 7.449575405236691
263 7.279874818764793
264 7.446586209200434
265 7.443512870696572
266 7.624486430549835
267 7.402877604270129
268 7.2282160192294445
269 7.385095506838044
270 7.098565082822368
271 6.920627377669399
272 7.686811310090524
273 7.226995313916439
274 7.224550418240107
275 7.55198109866863
276 7.550080355369811
277 7.818556199546372
278 7.3136479194824675
279 7.068964496353468
280 7.435459141561933
281 7.623074873972698
282 7.465963029355725
283 7.303923671509732
284 7.604809378762284
285 7.020248138470977
286 7.1902600987908825
287 7.254067338763405
288 7.464736341679306
289 7.441451572905478
290 6.990150913214695
291 8.11347646704489
292 7.31822308204044
293 7.103516239608018
294 7.22294917191505
295 7.451581331832203
296 7.414668250558767
297 7.518575736518383
298 8.107914344985888
299 7.4859614229367075
300 7.19934947929781
301 6.97160042815482
302 6.817174129173265
303 7.0508912684513945
304 7.35285664948512
305 7.108568089939351
306 7.347889724866517
307 7.585954707440018
308 7.3336790244366865
309 7.248889443576325
310 7.231015764103733
311 7.429878692071999
312 6.956668700489408
313 7.302267047463783
314 7.2494103340614435
315 7.794520958924317
316 6.99555117423621
317 7.33921310284533
318 7.61083505327771
319 7.688845154722144
320 7.689127716665053
321 7.684887491307111
322 7.38012286258932
323 7.811546731518391
324 7.483615201290681
325 7.499413701109548
326 7.742251274114933
327 7.169549262172542
328 7.652420828242193
329 7.35563062455518
330 6.967272208012282
331 7.098412552586969
332 7.575126761353887
333 8.01825940074649
334 7.312428233231442
335 7.537764716776748
336 7.654941720987228
337 7.6982663793785235
338 7.499301871215721
339 7.338475194806438
340 7.183381797905411
341 7.182083712694269
342 7.000023617318258
343 6.83105260585306
344 7.054638989981229
345 7.447195339389478
346 7.701515808302467
347 7.40200599223372
348 7.665430325004085
349 7.829795199497751
350 7.484821631824342
351 7.5224681427044375
352 7.190925843406684
353 7.920033757048828
354 7.607809235006014
355 7.67993429973387
356 6.805260766782091
357 7.890237498998323
358 7.590327933779748
359 7.626230671029882
360 7.471801960670837
361 7.545181112073551
362 7.587110048337674
363 7.174735294617587
364 7.641822832935938
365 7.1737399119488705
366 7.517386858048695
367 7.4983140883104795
368 7.866232143130564
369 7.61156839567194
370 8.025883965013492
371 7.855718823996052
372 7.457034827790486
373 7.752637301564627
374 7.237453049007609
375 6.984479347937642
376 8.2157566716698
377 7.101287870167856
378 7.075364774413305
379 7.768588628470126
380 7.4523040639980795
381 7.434010239003772
382 7.7077459493852345
383 7.39749540623593
384 7.508634984194136
385 7.212673802852281
386 7.760824433917213
387 7.080831393944923
388 7.66081652424854
389 7.275491364585134
390 7.422167801082256
391 7.587331960762582
392 7.64192925408221
393 7.816734259417164
394 7.705314460762704
395 7.291679659185331
396 7.731766053210761
397 7.4055605189717895
398 7.267465442418486
399 7.476694762709568
400 7.59782815309235
401 7.380121678927988
402 7.2776229277042805
403 7.359751626579216
404 7.794942513777364
405 7.437999670433453
406 7.560072276215766
407 7.612034153403733
408 7.386119171114493
409 7.3519532185915155
410 7.589834853777278
411 7.630404986150003
412 7.302728413503137
413 7.096547929865328
414 7.50632944535208
415 7.335670418393429
416 7.472628471303434
417 7.33169362018267
418 7.428414681390437
419 7.5826350448369455
420 7.587379414328556
421 7.479942144422148
422 7.347758980161503
423 7.613350660049948
424 7.3606806817950385
425 7.618471534998806
426 7.011442716799403
427 8.170110290878979
428 7.606465689319338
429 7.907349894886689
430 7.318038933933218
431 6.932846595506969
432 7.088228916014849
433 7.560574022764567
434 7.229092188708248
435 7.441057789988227
436 7.554621528964428
437 7.292836677624203
438 7.190516291020503
439 7.180786414533886
440 7.7483121168953835
441 7.654896541321037
442 7.596410872723413
443 7.356512308900036
444 7.563031329595522
445 7.40869791287368
446 7.173374702707157
447 7.355697658070802
448 7.352039465709187
449 7.60951141085232
450 7.614120538694228
451 7.414986337888299
452 7.678005172706924
453 7.102934114519589
454 7.446684797105987
455 7.212853219014469
456 7.317119449298033
457 7.769677318675896
458 7.637294073279032
459 7.457205877292723
460 7.326240152085519
461 7.301194803947884
462 7.6017719273333
463 7.023659889953766
464 7.736120542546561
465 7.358586950193285
466 7.54642488965009
467 7.61857560241184
468 7.1932635771523215
469 7.421410600060131
470 7.09837610189975
471 7.36484096819279
472 7.801739159720742
473 7.67659572899227
474 7.394400020686331
475 7.392512952870394
476 7.730286978387678
477 7.768845240125768
478 7.275186749134792
479 7.819519138557985
480 7.433472902529855
481 7.010663575255045
482 7.244911856500547
483 7.670812818259337
484 7.1960523134425465
485 7.136845239564533
486 7.281047207228911
487 7.20247009206528
488 7.272896448702216
489 7.378970779798366
490 7.664703001809181
491 7.23633698672897
492 7.379438047113099
493 7.3504972863834865
494 7.217412926184001
495 7.387495004267271
496 7.3829240602644
497 7.474420662098801
498 7.440208342593555
499 7.321157319364261
500 7.69857947158401
501 7.3058434346184455
502 7.43223539969854
503 7.098507701865215
504 7.329395429294727
505 7.61736213287463
506 7.714416134221435
507 7.5434803136166115
508 7.555120238651964
509 7.536223815650541
510 7.400938009943941
511 7.621989633549016
512 7.263173750592354
513 7.639395150468333
514 7.435792081970524
515 7.171355980373363
516 7.454180051771316
517 7.46831342024579
518 7.504942034107091
519 6.950779710579901
520 7.082483694579383
521 7.519865080591648
522 6.841135740901524
523 8.03447719772368
524 7.454677628598715
525 7.065775698524612
526 7.2080208738466744
527 7.37870161496552
528 7.696796388313166
529 7.189242369488722
530 7.452703137076847
531 7.522874625232009
532 8.140100686142999
533 7.6084192188470245
534 7.37031466462594
535 6.858617901285897
536 7.233121366484473
537 7.700404560685321
538 7.432252123276234
539 7.441247980121178
540 7.396709223582195
541 7.353758591724858
542 7.236487981786002
543 7.3194469093662216
544 7.219835441698108
545 7.335246270094047
546 7.333227157442794
547 7.791015802642731
548 7.7961911785947855
549 6.972484005205254
550 7.153250092952139
551 7.72825220967042
552 7.4748268219498275
553 7.4561507590160385
554 7.6187078926009235
555 7.650084048370363
556 7.585042474170261
557 7.434846477051672
558 7.209007665655324
559 7.314054478044727
560 7.337400752656054
561 7.586407812755662
562 7.293400219614067
563 7.095415483743672
564 7.369708050835532
565 7.736204459898958
566 7.302650037447913
567 7.4482312406098625
568 7.855476303025561
569 7.53505459388177
570 7.839691498926852
571 7.239831122613763
572 7.181229366745592
573 7.446332485592946
574 7.244758395442553
575 7.700968579267443
576 7.07491808117953
577 7.5345002693205085
578 6.9753330347845015
579 7.4190784398015825
580 7.623268996662773
581 6.9693959126055125
582 7.225042159975966
583 7.347358481489531
584 7.442110513989771
585 7.54089679853205
586 8.170964769434551
587 7.807167349087319
588 7.386156732349269
589 7.321581949766581
590 7.613245800788804
591 7.182665211636832
592 7.881840161125216
593 6.951865610121345
594 7.6146366537501455
595 7.455261938141011
596 7.587030078852279
597 7.357189789886505
598 7.576256147501296
599 7.615196951908707
600 7.175494468924696
601 7.858135034757116
602 7.73740738662531
603 7.214085339843613
604 7.690312435470036
605 7.603070385129871
606 7.570171322626449
607 7.833014525779326
608 7.373245738658251
609 7.653218381537989
610 7.303692717297272
611 7.499853815511155
612 7.321353951585745
613 7.5865647821469535
614 7.606891111732973
615 7.382619590782756
616 7.558672970541809
617 7.225753735730334
618 7.469270142100655
619 6.982567708369661
620 7.819708425892291
621 7.558966812888172
622 7.568709143876806
623 7.319894638105811
624 7.077188187438126
625 7.174528700155651
626 7.6994211514726505
627 7.427471101600745
628 7.2367914736604995
629 7.064870148837752
630 7.157358078542591
631 7.136414931739117
632 7.230287479332808
633 7.723074795857867
634 7.886901508747483
635 7.393478992578371
636 7.682975006045278
637 7.549929425125194
638 6.945750389736189
639 7.290465313452273
640 7.74411056642093
641 7.6454522951389485
642 7.337660427135341
643 7.4290925261452845
644 7.362947690489409
645 7.322755730757485
646 7.670567255526476
647 7.587493931833094
648 7.433977532184578
649 7.6962382753257135
650 8.236678802310383
651 7.206756387214676
652 7.6394658533619095
653 7.223902542637424
654 7.051337668986025
655 7.652429093760347
656 7.564087121134339
657 7.514562101712332
658 7.429397796437508
659 7.691857420337457
660 7.091197869586166
661 7.450260604096986
662 7.103698842539654
663 7.120276339563851
664 6.905366060439342
665 7.264943575248736
666 7.445318148751845
667 7.45949561230166
668 7.221865429589243
669 7.9376402994032595
670 7.438958278881584
671 8.040330347802563
672 7.605550173072861
673 7.555746027879511
674 8.079074278584459
675 7.147808757122374
676 7.483728926124386
677 7.353102944521412
678 7.455162488223215
679 7.101295139431839
680 7.604572602614171
681 7.418891368818567
682 7.329469958257525
683 7.653053076808226
684 7.541947253653363
685 7.023391046007375
686 7.622870085403594
687 7.722582226711902
688 7.014500313442157
689 7.1749235769476325
690 7.574488529471749
691 7.924089289995614
692 7.855620006419056
693 7.465798339543911
694 7.486844973298813
695 7.072989984758032
696 7.508101893590148
697 7.257257314133651
698 7.298962640899506
699 7.152654143122725
700 7.892498190938779
701 7.36951062657108
702 7.7476009790949885
703 7.85349069977804
704 6.99184414351806
705 7.268487707002826
706 7.4784681178002055
707 7.368277000093106
708 7.7613627221638595
709 7.267640602865027
710 7.247162139100731
711 7.294027475874783
712 7.7783922764691615
713 7.3318190091719195
714 7.566627985325062
715 7.2861324439994455
716 7.37483850784339
717 7.437034948760638
718 7.478795473370058
719 7.7543848663315345
720 7.273832060483465
721 7.432472747035938
722 7.141562792896455
723 7.260022841410554
724 7.251250047138091
725 7.5701239142200025
726 7.517439899560026
727 8.057161329763584
728 8.241184112776386
729 7.516360075752257
730 7.337190981180378
731 7.009643028654151
732 7.508420136276981
733 7.301896868213516
734 7.16921957924231
735 7.016430094898459
736 7.388119072850323
737 8.07689759987843
738 7.611326509568709
739 7.693686545965931
740 7.6926351539605395
741 7.378773023286989
742 8.05961292333856
743 7.422199982427409
744 7.563896327602177
745 6.805669309179074
746 7.33858010413918
747 7.521820008942142
748 7.989955155964144
749 7.008683137017544
750 7.284369221764608
751 6.853872393681128
752 7.110022986815976
753 7.432814771621933
754 7.6510471721727455
755 7.28878991994746
756 7.016452858681869
757 7.880147796478484
758 7.307276548955056
759 7.291446634666921
760 7.726370048084106
761 7.20735397290751
762 7.460862143462413
763 7.505786707812607
764 7.268734328621744
765 7.441808785305471
766 7.548966074153304
767 6.758910947509614
768 7.703609826436899
769 7.645889643395891
770 7.544856142490797
771 7.64349685889065
772 7.778060129797464
773 7.336782062292783
774 7.23233028622476
775 7.597157095263726
776 7.386413593408118
777 7.215672153821479
778 7.505930951939127
779 7.695881276962853
780 7.393522381156935
781 7.672745593354747
782 7.080176341263004
783 7.18867938437811
784 7.364040596923071
785 7.033549424951487
786 7.144334513372591
787 7.899850822669825
788 7.417897679565637
789 7.327832625109975
790 7.163535803339249
791 7.8906037972638625
792 6.94649134161072
793 7.302448496524611
794 7.193033894661697
795 7.275944961865318
796 7.9745703751021715
797 7.30100201655171
798 7.221418081400984
799 8.10018373206416
800 7.433011017857502
801 6.848640228073704
802 7.14665219993993
803 7.10010974947093
804 7.601697539836916
805 7.232989346594657
806 7.477579405636219
807 7.416771874022538
808 7.362240724979355
809 7.435623994252052
810 7.15893476471736
811 6.889458383347707
812 7.247259811625676
813 7.481995569983614
814 7.582341975654502
815 7.412176544924443
816 7.731375695673198
817 6.937208874914966
818 7.639086506481231
819 7.333601439271961
820 7.462505426451625
821 7.519359960666042
822 7.556107288908439
823 7.476704579460193
824 7.570237605578055
825 7.368227575321121
826 7.512765820521356
827 7.376619348573095
828 7.5418451420628365
829 7.186569946054746
830 7.347935058732778
831 7.192829554117915
832 7.153142897075647
833 7.424862227348718
834 7.411844188656281
835 7.602511701251667
836 6.873267650087917
837 7.339874283597037
838 7.2936663078543145
839 7.6975648867485225
840 8.133580958056275
841 7.538582869771026
842 7.6887808669421505
843 7.139861800846984
844 7.1720612124769865
845 7.743191877370473
846 7.153347179895435
847 7.224680400925029
848 7.067266748206977
849 7.765580904869505
850 7.37205582941951
851 7.701635381734115
852 7.468167426139261
853 7.529310010107591
854 7.350805724287912
855 7.0136313167410345
856 7.240177512578133
857 7.806131477402768
858 7.590232865676797
859 7.657228589091704
860 7.153797483540631
861 8.208011704135512
862 7.44006846086085
863 7.5459989327781845
864 7.31139213071879
865 7.168678613323817
866 7.568477294807184
867 7.396597407441799
868 7.789319001226881
869 7.778580775562202
870 7.330254897319304
871 6.7954030211300305
872 7.094937862243343
873 7.117870516221586
874 7.482061039631511
875 7.297670743194405
876 7.718386800520115
877 7.673755431551904
878 7.181219563500109
879 7.95308144389822
880 7.02895478781339
881 7.224985853476491
882 7.396635003133047
883 7.462623182593131
884 7.367414474219706
885 7.456801376833697
886 7.038105895463349
887 7.4858406943023
888 7.439366991792952
889 7.270909760972986
890 7.530367813057585
891 7.264890550373166
892 7.7064871920640545
893 7.884683023310602
894 7.338489202482703
895 7.288270739303836
896 7.222354915627526
897 7.694139235681525
898 7.581569832878173
899 7.127656781621845
900 7.851682043035787
901 7.457549880275154
902 7.5409842836723175
903 7.169970842003088
904 7.605806132720922
905 7.180841133829014
906 7.568290234301378
907 7.6247869954212915
908 7.306738203248915
909 7.0529759719367275
910 7.7762349510687505
911 8.195214129964043
912 7.92933349070935
913 7.603716479352
914 7.55611057919446
915 7.537585149767656
916 7.375944957099343
917 7.331867667993128
918 7.817341147374627
919 7.420859709206266
920 7.798090800872004
921 7.285570446837804
922 7.57933022387974
923 7.197715194752226
924 7.267365418339648
925 7.616612440012941
926 7.5521891801661445
927 7.271108987710741
928 7.981203535343057
929 7.7380054858544485
930 7.482460906673641
931 7.130281844765676
932 7.390216471966201
933 7.304903303700811
934 7.732033664356448
935 7.713237444691135
936 7.823433827438523
937 7.216057101152707
938 7.341169899220734
939 7.594913140650815
940 7.0496006223642445
941 7.045143755214456
942 7.266319508968493
943 7.230555816904548
944 7.560505474322293
945 7.372901164385497
946 6.971411552732047
947 7.217778626749421
948 7.154080947620543
949 7.539047765128325
950 7.467062485943441
951 7.357677180006188
952 7.24616163852403
953 7.625448157165932
954 7.972357443710344
955 7.339752695427452
956 7.51341463069754
957 7.343305930999428
958 7.55544571834832
959 7.338833005127285
960 7.5525329884216115
961 7.683273219930062
962 7.864378930993296
963 7.681424879648051
964 7.137334390272189
965 7.740673157759156
966 7.219280755785316
967 7.723255466327753
968 7.527727016984536
969 7.136445697164125
970 7.359616421153043
971 7.343643134749817
972 7.570045885238274
973 7.563188607490182
974 7.5258241393791945
975 7.495504623023617
976 7.801371513382368
977 8.03223572926923
978 7.8042042924366255
979 7.1470350902564626
980 8.028030040018143
981 7.1407188855787025
982 7.430813555100475
983 7.343058922649806
984 7.473988700650131
985 7.293757331419165
986 7.582429527349104
987 7.687109674806068
988 7.429725478085992
989 7.26770740537589
990 7.600373223851947
991 7.4457899502436735
992 7.714037978418068
993 7.460026487087511
994 7.143088687338412
995 7.144583064241217
996 7.445313863500085
997 6.881203267577882
998 7.1746479446760825
999 7.508781193295065
1000 7.011868016323393
