1 -1.8773866118802824
2 -1.9079440741732316
3 -1.9116136597656785
4 -1.9116136597656785
5 -1.9116136597656785
6 -1.9116136597656785
7 -1.9116136597656785
8 -1.9116136597656785
9 -1.9116136597656785
10 -1.9116136597656785
11 -1.9116136597656785
12 -1.9116136597656785
13 -1.9130570874869655
14 -1.9130570874869655
15 -1.9130570874869655
16 -1.9130570874869655
17 -1.9130570874869655
18 -1.9130570874869655
19 -1.9130570874869655
20 -1.9130570874869655
21 -1.9130570874869655
22 -1.9130570874869655
23 -1.9130570874869655
24 -1.9130570874869655
25 -1.9130570874869655
26 -1.9130570874869655
27 -1.9130570874869655
28 -1.9130570874869655
29 -1.9130570874869655
30 -1.9130570874869655
31 -1.9130570874869655
32 -1.9130570874869655
33 -1.9130570874869655
34 -1.9130570874869655
35 -1.9130570874869655
36 -1.9130570874869655
37 -1.9130570874869655
38 -1.9130570874869655
39 -1.9130570874869655
40 -1.9130570874869655
41 -1.9130570874869655
42 -1.9130570874869655
43 -1.9130570874869655
44 -1.9130570874869655
45 -1.9130570874869655
46 -1.9130570874869655
47 -1.9130570874869655
48 -1.9130570874869655
49 -1.9130570874869655
50 -1.9130570874869655
51 -1.9130570874869655
52 -1.9130570874869655
53 -1.9130570874869655
54 -1.9130570874869655
55 -1.9130570874869655
56 -1.9130570874869655
57 -1.9130570874869655
58 -1.9130570874869655
59 -1.9130570874869655
60 -1.9130570874869655
61 -1.9130570874869655
62 -1.9130570874869655
63 -1.9130570874869655
64 -1.9130570874869655
65 -1.9130570874869655
66 -1.9130570874869655
67 -1.9130570874869655
68 -1.9130570874869655
69 -1.9130570874869655
70 -1.9130570874869655
71 -1.9130570874869655
72 -1.9130570874869655
73 -1.9130570874869655
74 -1.9130570874869655
75 -1.9130570874869655
76 -1.9130570874869655
77 -1.9130570874869655
78 -1.9130570874869655
79 -1.9130570874869655
80 -1.9130570874869655
81 -1.9130570874869655
82 -1.9130570874869655
83 -1.9130570874869655
84 -1.9130570874869655
85 -1.9130570874869655
86 -1.9130570874869655
87 -1.9130570874869655
88 -1.9130570874869655
89 -1.9130570874869655
90 -1.9130570874869655
91 -1.9130570874869655
92 -1.9130570874869655
93 -1.9130570874869655
94 -1.9130570874869655
95 -1.9130570874869655
96 -1.9130570874869655
97 -1.9130738278317407
98 -1.9130738278317407
99 -1.9130738278317407
100 -1.9130738278317407
101 -1.9130738278317407
102 -1.9130738278317407
103 -1.9130738278317407
104 -1.9130738278317407
105 -1.9130738278317407
106 -1.9130738278317407
107 -1.9130738278317407
108 -1.9130738278317407
109 -1.9130738278317407
110 -1.913098963166774
111 -1.913098963166774
112 -1.913098963166774
113 -1.913098963166774
114 -1.913098963166774
115 -1.913098963166774
116 -1.913098963166774
117 -1.913098963166774
118 -1.913098963166774
119 -1.913098963166774
120 -1.913098963166774
121 -1.913098963166774
122 -1.913098963166774
123 -1.913098963166774
124 -1.913098963166774
125 -1.913098963166774
126 -1.913098963166774
127 -1.913098963166774
128 -1.913098963166774
129 -1.913098963166774
130 -1.913098963166774
131 -1.913098963166774
132 -1.913098963166774
133 -1.913098963166774
134 -1.913098963166774
135 -1.913098963166774
136 -1.913098963166774
137 -1.913098963166774
138 -1.913098963166774
139 -1.913098963166774
140 -1.913098963166774
141 -1.913098963166774
142 -1.913098963166774
143 -1.913098963166774
144 -1.913098963166774
145 -1.913098963166774
146 -1.913098963166774
147 -1.913098963166774
148 -1.913098963166774
149 -1.913098963166774
150 -1.913098963166774
151 -1.913098963166774
152 -1.913098963166774
153 -1.913098963166774
154 -1.913098963166774
155 -1.913098963166774
156 -1.913098963166774
157 -1.913098963166774
158 -1.913098963166774
159 -1.913098963166774
160 -1.913098963166774
161 -1.913098963166774
162 -1.913098963166774
163 -1.913098963166774
164 -1.913098963166774
165 -1.913098963166774
166 -1.913098963166774
167 -1.913098963166774
168 -1.913098963166774
169 -1.913098963166774
170 -1.913098963166774
171 -1.913098963166774
172 -1.913098963166774
173 -1.913098963166774
174 -1.913098963166774
175 -1.913098963166774
176 -1.913098963166774
177 -1.913098963166774
178 -1.913098963166774
179 -1.913098963166774
180 -1.913098963166774
181 -1.913098963166774
182 -1.913182775337031
183 -1.913182775337031
184 -1.913182775337031
185 -1.913182775337031
186 -1.913182775337031
187 -1.913182775337031
188 -1.913182775337031
189 -1.913182775337031
190 -1.913182775337031
191 -1.913182775337031
192 -1.913182775337031
193 -1.913182775337031
194 -1.913182775337031
195 -1.913182775337031
196 -1.913182775337031
197 -1.913182775337031
198 -1.913182775337031
199 -1.913182775337031
200 -1.913182775337031
201 -1.913182775337031
202 -1.913182775337031
203 -1.913182775337031
204 -1.913182775337031
205 -1.913182775337031
206 -1.913182775337031
207 -1.913182775337031
208 -1.913182775337031
209 -1.913182775337031
210 -1.913182775337031
211 -1.913182775337031
212 -1.913182775337031
213 -1.913182775337031
214 -1.913182775337031
215 -1.913182775337031
216 -1.913182775337031
217 -1.913182775337031
218 -1.913182775337031
219 -1.913182775337031
220 -1.913182775337031
221 -1.913182775337031
222 -1.913182775337031
223 -1.913182775337031
224 -1.913182775337031
225 -1.913182775337031
226 -1.913182775337031
227 -1.913182775337031
228 -1.913182775337031
229 -1.913182775337031
230 -1.913182775337031
231 -1.913182775337031
232 -1.913182775337031
233 -1.913182775337031
234 -1.913182775337031
235 -1.913182775337031
236 -1.913182775337031
237 -1.913182775337031
238 -1.913182775337031
239 -1.913182775337031
240 -1.913182775337031
241 -1.913182775337031
242 -1.913182775337031
243 -1.913182775337031
244 -1.913182775337031
245 -1.913182775337031
246 -1.913182775337031
247 -1.913182775337031
248 -1.913182775337031
249 -1.913182775337031
250 -1.913182775337031
251 -1.913182775337031
252 -1.913182775337031
253 -1.913182775337031
254 -1.913182775337031
255 -1.913182775337031
256 -1.913182775337031
257 -1.913182775337031
258 -1.913182775337031
259 -1.913182775337031
260 -1.913182775337031
261 -1.913182775337031
262 -1.913182775337031
263 -1.913182775337031
264 -1.913182775337031
265 -1.913182775337031
266 -1.913182775337031
267 -1.913182775337031
268 -1.913182775337031
269 -1.913182775337031
270 -1.913182775337031
271 -1.913182775337031
272 -1.913182775337031
273 -1.913182775337031
274 -1.913182775337031
275 -1.913182775337031
276 -1.913182775337031
277 -1.913182775337031
278 -1.913182775337031
279 -1.913182775337031
280 -1.913182775337031
281 -1.913182775337031
282 -1.913182775337031
283 -1.913182775337031
284 -1.913182775337031
285 -1.913182775337031
286 -1.913182775337031
287 -1.913182775337031
288 -1.913182775337031
289 -1.913182775337031
290 -1.913182775337031
291 -1.913182775337031
292 -1.913182775337031
293 -1.913182775337031
294 -1.913182775337031
295 -1.913182775337031
296 -1.913182775337031
297 -1.913182775337031
298 -1.913182775337031
299 -1.913182775337031
300 -1.913182775337031
301 -1.913182775337031
302 -1.913182775337031
303 -1.913182775337031
304 -1.913182775337031
305 -1.913182775337031
306 -1.913182775337031
307 -1.913182775337031
308 -1.913182775337031
309 -1.913182775337031
310 -1.913182775337031
311 -1.913182775337031
312 -1.913182775337031
313 -1.913182775337031
314 -1.913182775337031
315 -1.913182775337031
316 -1.913182775337031
317 -1.913182775337031
318 -1.913182775337031
319 -1.913182775337031
320 -1.913182775337031
321 -1.913182775337031
322 -1.913182775337031
323 -1.913182775337031
324 -1.913182775337031
325 -1.913182775337031
326 -1.913182775337031
327 -1.913182775337031
328 -1.913182775337031
329 -1.913182775337031
330 -1.913182775337031
331 -1.913182775337031
332 -1.913182775337031
333 -1.913182775337031
334 -1.913182775337031
335 -1.913182775337031
336 -1.913182775337031
337 -1.913182775337031
338 -1.913182775337031
339 -1.913182775337031
340 -1.913182775337031
341 -1.913182775337031
342 -1.913182775337031
343 -1.913182775337031
344 -1.913182775337031
345 -1.913182775337031
346 -1.913182775337031
347 -1.913182775337031
348 -1.913182775337031
349 -1.913182775337031
350 -1.913182775337031
351 -1.913182775337031
352 -1.913182775337031
353 -1.913182775337031
354 -1.913182775337031
355 -1.913182775337031
356 -1.913182775337031
357 -1.913182775337031
358 -1.913182775337031
359 -1.913182775337031
360 -1.913182775337031
361 -1.913182775337031
362 -1.913182775337031
363 -1.913182775337031
364 -1.913182775337031
365 -1.913182775337031
366 -1.913182775337031
367 -1.913182775337031
368 -1.913182775337031
369 -1.913182775337031
370 -1.913182775337031
371 -1.913182775337031
372 -1.913182775337031
373 -1.913182775337031
374 -1.913182775337031
375 -1.913182775337031
376 -1.913182775337031
377 -1.913182775337031
378 -1.913182775337031
379 -1.913182775337031
380 -1.913182775337031
381 -1.913182775337031
382 -1.913182775337031
383 -1.913182775337031
384 -1.913182775337031
385 -1.913182775337031
386 -1.913182775337031
387 -1.913182775337031
388 -1.913182775337031
389 -1.913182775337031
390 -1.913182775337031
391 -1.913182775337031
392 -1.913182775337031
393 -1.913182775337031
394 -1.913182775337031
395 -1.913182775337031
396 -1.913182775337031
397 -1.913182775337031
398 -1.913182775337031
399 -1.913182775337031
400 -1.913182775337031
401 -1.913182775337031
402 -1.913182775337031
403 -1.913182775337031
404 -1.913182775337031
405 -1.913182775337031
406 -1.913182775337031
407 -1.913182775337031
408 -1.913182775337031
409 -1.913182775337031
410 -1.913182775337031
411 -1.913182775337031
412 -1.913182775337031
413 -1.913182775337031
414 -1.913182775337031
415 -1.913182775337031
416 -1.913182775337031
417 -1.913182775337031
418 -1.913182775337031
419 -1.913182775337031
420 -1.913182775337031
421 -1.913182775337031
422 -1.913182775337031
423 -1.913182775337031
424 -1.913182775337031
425 -1.913182775337031
426 -1.913182775337031
427 -1.913182775337031
428 -1.913182775337031
429 -1.913182775337031
430 -1.913182775337031
431 -1.913182775337031
432 -1.913182775337031
433 -1.913182775337031
434 -1.913182775337031
435 -1.913182775337031
436 -1.913182775337031
437 -1.913182775337031
438 -1.913182775337031
439 -1.913182775337031
440 -1.913182775337031
441 -1.913182775337031
442 -1.913182775337031
443 -1.91321117622897
444 -1.91321117622897
445 -1.91321117622897
446 -1.91321117622897
447 -1.91321117622897
448 -1.91321117622897
449 -1.91321117622897
450 -1.91321117622897
451 -1.91321117622897
452 -1.91321117622897
453 -1.91321117622897
454 -1.91321117622897
455 -1.91321117622897
456 -1.91321117622897
457 -1.91321117622897
458 -1.91321117622897
459 -1.91321117622897
460 -1.91321117622897
461 -1.91321117622897
462 -1.91321117622897
463 -1.91321117622897
464 -1.91321117622897
465 -1.91321117622897
466 -1.91321117622897
467 -1.91321117622897
468 -1.91321117622897
469 -1.91321117622897
470 -1.91321117622897
471 -1.91321117622897
472 -1.91321117622897
473 -1.91321117622897
474 -1.91321117622897
475 -1.91321117622897
476 -1.91321117622897
477 -1.91321117622897
478 -1.91321117622897
479 -1.91321117622897
480 -1.91321117622897
481 -1.91321117622897
482 -1.91321117622897
483 -1.91321117622897
484 -1.91321117622897
485 -1.91321117622897
486 -1.91321117622897
487 -1.91321117622897
488 -1.91321117622897
489 -1.91321117622897
490 -1.91321117622897
491 -1.91321117622897
492 -1.91321117622897
493 -1.91321117622897
494 -1.91321117622897
495 -1.91321117622897
496 -1.91321117622897
497 -1.91321117622897
498 -1.91321117622897
499 -1.91321117622897
500 -1.91321117622897
501 -1.91321117622897
502 -1.91321117622897
503 -1.91321117622897
504 -1.91321117622897
505 -1.91321117622897
506 -1.91321117622897
507 -1.91321117622897
508 -1.91321117622897
509 -1.91321117622897
510 -1.91321117622897
511 -1.91321117622897
512 -1.91321117622897
513 -1.91321117622897
514 -1.91321117622897
515 -1.91321117622897
516 -1.91321117622897
517 -1.91321117622897
518 -1.91321117622897
519 -1.91321117622897
520 -1.91321117622897
521 -1.91321117622897
522 -1.91321117622897
523 -1.91321117622897
524 -1.91321117622897
525 -1.91321117622897
526 -1.91321117622897
527 -1.91321117622897
528 -1.91321117622897
529 -1.91321117622897
530 -1.91321117622897
531 -1.91321117622897
532 -1.91321117622897
533 -1.91321117622897
534 -1.91321117622897
535 -1.91321117622897
536 -1.91321117622897
537 -1.91321117622897
538 -1.91321117622897
539 -1.91321117622897
540 -1.91321117622897
541 -1.91321117622897
542 -1.91321117622897
543 -1.91321117622897
544 -1.91321117622897
545 -1.91321117622897
546 -1.91321117622897
547 -1.91321117622897
548 -1.91321117622897
549 -1.91321117622897
550 -1.91321117622897
551 -1.91321117622897
552 -1.91321117622897
553 -1.91321117622897
554 -1.91321117622897
555 -1.91321117622897
556 -1.91321117622897
557 -1.91321117622897
558 -1.91321117622897
559 -1.91321117622897
560 -1.91321117622897
561 -1.91321117622897
562 -1.91321117622897
563 -1.91321117622897
564 -1.91321117622897
565 -1.91321117622897
566 -1.91321117622897
567 -1.91321117622897
568 -1.91321117622897
569 -1.91321117622897
570 -1.91321117622897
571 -1.91321117622897
572 -1.91321117622897
573 -1.91321117622897
574 -1.91321117622897
575 -1.91321117622897
576 -1.91321117622897
577 -1.91321117622897
578 -1.91321117622897
579 -1.91321117622897
580 -1.91321117622897
581 -1.91321117622897
582 -1.91321117622897
583 -1.91321117622897
584 -1.91321117622897
585 -1.91321117622897
586 -1.91321117622897
587 -1.91321117622897
588 -1.91321117622897
589 -1.91321117622897
590 -1.91321117622897
591 -1.91321117622897
592 -1.91321117622897
593 -1.91321117622897
594 -1.91321117622897
595 -1.91321117622897
596 -1.91321117622897
597 -1.91321117622897
598 -1.91321117622897
599 -1.91321117622897
600 -1.91321117622897
601 -1.91321117622897
602 -1.91321117622897
603 -1.91321117622897
604 -1.91321117622897
605 -1.91321117622897
606 -1.91321117622897
607 -1.91321117622897
608 -1.91321117622897
609 -1.91321117622897
610 -1.91321117622897
611 -1.91321117622897
612 -1.91321117622897
613 -1.91321117622897
614 -1.91321117622897
615 -1.91321117622897
616 -1.91321117622897
617 -1.91321117622897
618 -1.91321117622897
619 -1.91321117622897
620 -1.91321117622897
621 -1.91321117622897
622 -1.91321117622897
623 -1.91321117622897
624 -1.91321117622897
625 -1.91321117622897
626 -1.91321117622897
627 -1.91321117622897
628 -1.91321117622897
629 -1.91321117622897
630 -1.91321117622897
631 -1.91321117622897
632 -1.91321117622897
633 -1.91321117622897
634 -1.91321117622897
635 -1.91321117622897
636 -1.91321117622897
637 -1.91321117622897
638 -1.91321117622897
639 -1.91321117622897
640 -1.91321117622897
641 -1.91321117622897
642 -1.91321117622897
643 -1.91321117622897
644 -1.91321117622897
645 -1.91321117622897
646 -1.91321117622897
647 -1.91321117622897
648 -1.91321117622897
649 -1.91321117622897
650 -1.91321117622897
651 -1.91321117622897
652 -1.91321117622897
653 -1.91321117622897
654 -1.91321117622897
655 -1.91321117622897
656 -1.91321117622897
657 -1.91321117622897
658 -1.91321117622897
659 -1.91321117622897
660 -1.91321117622897
661 -1.91321117622897
662 -1.91321117622897
663 -1.91321117622897
664 -1.91321117622897
665 -1.91321117622897
666 -1.91321117622897
667 -1.91321117622897
668 -1.91321117622897
669 -1.91321117622897
670 -1.91321117622897
671 -1.91321117622897
672 -1.91321117622897
673 -1.91321117622897
674 -1.91321117622897
675 -1.91321117622897
676 -1.91321117622897
677 -1.91321117622897
678 -1.91321117622897
679 -1.91321117622897
680 -1.91321117622897
681 -1.91321117622897
682 -1.91321117622897
683 -1.91321117622897
684 -1.91321117622897
685 -1.91321117622897
686 -1.91321117622897
687 -1.91321117622897
688 -1.91321117622897
689 -1.91321117622897
690 -1.91321117622897
691 -1.91321117622897
692 -1.91321117622897
693 -1.91321117622897
694 -1.91321117622897
695 -1.91321117622897
696 -1.91321117622897
697 -1.91321117622897
698 -1.91321117622897
699 -1.91321117622897
700 -1.91321117622897
701 -1.91321117622897
702 -1.91321117622897
703 -1.91321117622897
704 -1.91321117622897
705 -1.91321117622897
706 -1.91321117622897
707 -1.91321117622897
708 -1.91321117622897
709 -1.91321117622897
710 -1.91321117622897
711 -1.91321117622897
712 -1.91321117622897
713 -1.91321117622897
714 -1.91321117622897
715 -1.91321117622897
716 -1.91321117622897
717 -1.91321117622897
718 -1.91321117622897
719 -1.91321117622897
720 -1.91321117622897
721 -1.91321117622897
722 -1.91321117622897
723 -1.91321117622897
724 -1.91321117622897
725 -1.91321117622897
726 -1.91321117622897
727 -1.91321117622897
728 -1.91321117622897
729 -1.91321117622897
730 -1.91321117622897
731 -1.91321117622897
732 -1.91321117622897
733 -1.91321117622897
734 -1.91321117622897
735 -1.91321117622897
736 -1.91321117622897
737 -1.91321117622897
738 -1.91321117622897
739 -1.91321117622897
740 -1.91321117622897
741 -1.91321117622897
742 -1.91321117622897
743 -1.91321117622897
744 -1.91321117622897
745 -1.91321117622897
746 -1.91321117622897
747 -1.91321117622897
748 -1.91321117622897
749 -1.91321117622897
750 -1.91321117622897
751 -1.91321117622897
752 -1.91321117622897
753 -1.91321117622897
754 -1.91321117622897
755 -1.91321117622897
756 -1.91321117622897
757 -1.91321117622897
758 -1.91321117622897
759 -1.91321117622897
760 -1.91321117622897
761 -1.91321117622897
762 -1.91321117622897
763 -1.91321117622897
764 -1.91321117622897
765 -1.91321117622897
766 -1.91321117622897
767 -1.91321117622897
768 -1.91321117622897
769 -1.91321117622897
770 -1.91321117622897
771 -1.91321117622897
772 -1.91321117622897
773 -1.91321117622897
774 -1.91321117622897
775 -1.91321117622897
776 -1.91321117622897
777 -1.91321117622897
778 -1.91321117622897
779 -1.91321117622897
780 -1.91321117622897
781 -1.91321117622897
782 -1.91321117622897
783 -1.91321117622897
784 -1.91321117622897
785 -1.91321117622897
786 -1.91321117622897
787 -1.91321117622897
788 -1.91321117622897
789 -1.91321117622897
790 -1.91321117622897
791 -1.91321117622897
792 -1.91321117622897
793 -1.91321117622897
794 -1.91321117622897
795 -1.91321117622897
796 -1.91321117622897
797 -1.91321117622897
798 -1.91321117622897
799 -1.91321117622897
800 -1.91321117622897
801 -1.91321117622897
802 -1.91321117622897
803 -1.91321117622897
804 -1.91321117622897
805 -1.91321117622897
806 -1.91321117622897
807 -1.91321117622897
808 -1.91321117622897
809 -1.91321117622897
810 -1.91321117622897
811 -1.91321117622897
812 -1.91321117622897
813 -1.91321117622897
814 -1.91321117622897
815 -1.91321117622897
816 -1.91321117622897
817 -1.91321117622897
818 -1.91321117622897
819 -1.91321117622897
820 -1.91321117622897
821 -1.91321117622897
822 -1.91321117622897
823 -1.91321117622897
824 -1.91321117622897
825 -1.91321117622897
826 -1.91321117622897
827 -1.91321117622897
828 -1.91321117622897
829 -1.91321117622897
830 -1.91321117622897
831 -1.91321117622897
832 -1.91321117622897
833 -1.91321117622897
834 -1.91321117622897
835 -1.91321117622897
836 -1.91321117622897
837 -1.91321117622897
838 -1.91321117622897
839 -1.91321117622897
840 -1.91321117622897
841 -1.91321117622897
842 -1.91321117622897
843 -1.91321117622897
844 -1.91321117622897
845 -1.91321117622897
846 -1.91321117622897
847 -1.91321117622897
848 -1.91321117622897
849 -1.91321117622897
850 -1.91321117622897
851 -1.91321117622897
852 -1.91321117622897
853 -1.91321117622897
854 -1.91321117622897
855 -1.91321117622897
856 -1.91321117622897
857 -1.91321117622897
858 -1.91321117622897
859 -1.91321117622897
860 -1.91321117622897
861 -1.91321117622897
862 -1.91321117622897
863 -1.91321117622897
864 -1.91321117622897
865 -1.91321117622897
866 -1.91321117622897
867 -1.91321117622897
868 -1.91321117622897
869 -1.91321117622897
870 -1.91321117622897
871 -1.91321117622897
872 -1.91321117622897
873 -1.91321117622897
874 -1.91321117622897
875 -1.91321117622897
876 -1.91321117622897
877 -1.91321117622897
878 -1.91321117622897
879 -1.91321117622897
880 -1.91321117622897
881 -1.91321117622897
882 -1.91321117622897
883 -1.91321117622897
884 -1.91321117622897
885 -1.91321117622897
886 -1.91321117622897
887 -1.91321117622897
888 -1.91321117622897
889 -1.91321117622897
890 -1.91321117622897
891 -1.91321117622897
892 -1.91321117622897
893 -1.91321117622897
894 -1.91321117622897
895 -1.91321117622897
896 -1.91321117622897
897 -1.91321117622897
898 -1.91321117622897
899 -1.91321117622897
900 -1.91321117622897
901 -1.91321117622897
902 -1.91321117622897
903 -1.91321117622897
904 -1.91321117622897
905 -1.91321117622897
906 -1.91321117622897
907 -1.91321117622897
908 -1.91321117622897
909 -1.91321117622897
910 -1.91321117622897
911 -1.91321117622897
912 -1.91321117622897
913 -1.91321117622897
914 -1.91321117622897
915 -1.91321117622897
916 -1.91321117622897
917 -1.91321117622897
918 -1.91321117622897
919 -1.91321117622897
920 -1.91321117622897
921 -1.91321117622897
922 -1.91321117622897
923 -1.91321117622897
924 -1.91321117622897
925 -1.91321117622897
926 -1.91321117622897
927 -1.91321117622897
928 -1.91321117622897
929 -1.91321117622897
930 -1.91321117622897
931 -1.91321117622897
932 -1.91321117622897
933 -1.91321117622897
934 -1.91321117622897
935 -1.91321117622897
936 -1.91321117622897
937 -1.91321117622897
938 -1.91321117622897
939 -1.91321117622897
940 -1.91321117622897
941 -1.91321117622897
942 -1.91321117622897
943 -1.91321117622897
944 -1.91321117622897
945 -1.91321117622897
946 -1.91321117622897
947 -1.91321117622897
948 -1.91321117622897
949 -1.91321117622897
950 -1.91321117622897
951 -1.91321117622897
952 -1.91321117622897
953 -1.91321117622897
954 -1.91321117622897
955 -1.91321117622897
956 -1.91321117622897
957 -1.91321117622897
958 -1.91321117622897
959 -1.91321117622897
960 -1.91321117622897
961 -1.91321117622897
962 -1.91321117622897
963 -1.91321117622897
964 -1.91321117622897
965 -1.91321117622897
966 -1.91321117622897
967 -1.91321117622897
968 -1.91321117622897
969 -1.91321117622897
970 -1.91321117622897
971 -1.91321117622897
972 -1.91321117622897
973 -1.91321117622897
974 -1.91321117622897
975 -1.91321117622897
976 -1.91321117622897
977 -1.91321117622897
978 -1.91321117622897
979 -1.91321117622897
980 -1.91321117622897
981 -1.91321117622897
982 -1.91321117622897
983 -1.91321117622897
984 -1.91321117622897
985 -1.91321117622897
986 -1.91321117622897
987 -1.91321117622897
988 -1.91321117622897
989 -1.91321117622897
990 -1.91321117622897
991 -1.91321117622897
992 -1.91321117622897
993 -1.91321117622897
994 -1.91321117622897
995 -1.91321117622897
996 -1.91321117622897
997 -1.91321117622897
998 -1.91321117622897
999 -1.91321117622897
1000 -1.91321117622897
