1 8.016723466697739
2 8.158143946742111
3 8.278796368085587
4 8.236949986754341
5 8.469900390913907
6 8.25876095270682
7 8.18844509470392
8 8.140327188423832
9 8.14082157109772
10 8.522601830785609
11 8.00143792177732
12 8.634729318493015
13 7.391736926224706
14 7.802799817296184
15 8.3032743362475
16 8.080159297263112
17 8.055152333427312
18 8.19038928225034
19 7.995041474401987
20 8.139041875616938
21 8.309218128393981
22 8.001508908264753
23 7.849317602622837
24 8.389069630806452
25 8.586070065278198
26 8.407753537860277
27 8.200674707110855
28 8.027479126160726
29 8.085171715217319
30 8.30405243672626
31 8.292733993902386
32 8.42715343239625
33 7.8053487639487775
34 8.250984037327711
35 8.933150308124137
36 8.404701454591631
37 7.877535070487557
38 7.881684661932303
39 8.39813869907146
40 8.026533971498207
41 8.505118070161844
42 8.418312129418545
43 7.943040453787689
44 8.595951991277389
45 7.979260132563337
46 8.327524245530071
47 7.733865051029426
48 7.652795176481125
49 8.256141943755864
50 7.978941766693904
51 8.17986037205592
52 8.378819585745422
53 8.117164414888869
54 7.935364589396241
55 8.054948863080407
56 8.143166240605513
57 8.5510391709837
58 7.924658575064971
59 8.555920967229326
60 8.162970191474283
61 8.114678034798986
62 7.665883913487649
63 8.167021264688564
64 8.183868664478412
65 8.199629172009136
66 8.131692560722318
67 8.112336278817796
68 7.913144042765836
69 8.174829477520506
70 8.270393922039936
71 8.269585957657045
72 7.986681140682453
73 8.585437707382015
74 7.9428596075779385
75 8.46911247277334
76 8.447435181414221
77 7.657244509309888
78 8.366376872124277
79 8.089749056153261
80 8.237958194799003
81 8.165231013813285
82 8.037512718547411
83 8.45050939282632
84 8.35019746177005
85 7.696285999713773
86 8.184247370356188
87 8.701780125879958
88 8.358681245637596
89 8.286851307182825
90 8.355347577164242
91 8.334227169862675
92 8.211904495240486
93 8.408107937000219
94 8.726684594844778
95 8.063558863090012
96 8.472389789773839
97 8.152638092887074
98 8.435347292801692
99 8.446350188393534
100 8.196654396584387
101 8.2621695508611
102 8.38483390694099
103 8.148213026833902
104 8.272724133671339
105 7.967153126604011
106 8.0469283428749
107 8.438389080733916
108 7.87169356352719
109 8.243868869062931
110 8.26011599752978
111 8.567511611619928
112 7.757336550850653
113 8.235087918339243
114 8.266006125530161
115 8.08172839595133
116 8.617522843790374
117 8.320562508384695
118 8.182699269810684
119 8.1185719253222
120 8.234111027043696
121 8.234874777905198
122 8.686182287510485
123 8.576298097644742
124 8.343718730924431
125 7.996337030843749
126 8.470430708032914
127 8.100413255154523
128 8.405185569926298
129 8.323859049176248
130 8.578650081740838
131 7.962739349179214
132 8.543727688486147
133 8.263640617709129
134 8.157868489996629
135 8.309761793366539
136 8.622179250881956
137 8.42504693770265
138 7.820744678542536
139 8.379810379030934
140 8.075291907393023
141 7.862810393477493
142 7.882215334919525
143 8.461764350055985
144 8.372011968649886
145 8.191716834448666
146 7.737651860269166
147 8.491551116111419
148 8.077506098436567
149 8.427580854437746
150 7.932997790736818
151 8.214970609002757
152 8.216881261480824
153 8.602715595950492
154 8.302536373752787
155 8.816188105071985
156 8.160522299420217
157 8.244094123373571
158 7.704556598338927
159 8.033060029201405
160 8.207557889191044
161 8.461147454336109
162 8.342563051496994
163 7.814887768619451
164 8.230963695151644
165 8.176822454665972
166 8.276140006168356
167 8.30070911917346
168 8.529842475354329
169 7.9208563972350206
170 8.293727605991242
171 8.177419277819302
172 7.352465862960367
173 7.859006757259717
174 8.362719372162886
175 8.049049852015088
176 8.438719598664573
177 8.59708573221797
178 8.08640009467111
179 8.569629416843588
180 8.63341671917009
181 7.614669096551848
182 7.654442932662773
183 7.942223708118669
184 8.179820030479096
185 8.224074906015563
186 8.137826396867698
187 8.134520130632689
188 8.254590996540978
189 8.14445233266077
190 8.154903906892965
191 8.174187842024828
192 8.518965150603663
193 7.725529108432204
194 8.549090779303503
195 7.887412521915081
196 8.035402639330036
197 8.44235234921756
198 8.348243189598419
199 8.314932309881755
200 7.901582155039525
201 8.299719236698621
202 8.523324845824742
203 8.63935564134359
204 8.265853704021595
205 8.303900678483465
206 8.225524265059953
207 8.55456942667284
208 8.542695449250367
209 7.802972789835891
210 7.567813037182464
211 8.41759694040508
212 8.237829510683142
213 8.125051680250692
214 8.676980290594646
215 7.999472903837533
216 8.122752487572825
217 8.129835027209253
218 8.020523495671855
219 8.572483947837322
220 7.923029367069397
221 7.726477161919472
222 8.572337423529975
223 7.832897829113762
224 7.744474472132009
225 8.34487813081662
226 8.153818906652978
227 8.284618677877072
228 8.238086814702934
229 7.943842844031319
230 8.57546901478353
231 7.947502595954053
232 8.561727395466171
233 8.376580897881546
234 8.346506692259647
235 8.068879349784265
236 7.962451319283685
237 8.173104308802456
238 8.666432503136175
239 8.371357994531973
240 7.930703629670642
241 7.875842034793513
242 8.819636449947206
243 8.261838040474668
244 8.459599705594849
245 8.372545710412144
246 8.324145146050453
247 8.048186400527992
248 8.344572795199651
249 8.131895447113978
250 7.859961881765898
251 8.472235225426418
252 8.388384718572738
253 7.880729167936217
254 8.612905119304752
255 8.315485712688114
256 8.210983031163154
257 8.423311209384593
258 8.061053937415643
259 8.510680646987451
260 7.822086429800482
261 8.140830132780412
262 8.083604329618982
263 7.799346571549586
264 8.189515190065217
265 8.209623953062449
266 8.210863366223766
267 8.145767031742974
268 7.820577706021886
269 8.185024744942755
270 8.107455675265253
271 7.588812470089213
272 8.400024893147062
273 8.10108522191547
274 8.211020401291991
275 8.515292109864946
276 8.10570643677453
277 8.139331763909995
278 8.206594383699906
279 8.179586835726186
280 8.255740466376631
281 8.506254132550444
282 8.54404566478372
283 7.945977177085604
284 8.209552863908467
285 7.96531220604511
286 7.96374061954602
287 8.099172822383398
288 8.41810369949099
289 8.252530100971363
290 7.48968221168097
291 8.645862069595692
292 7.926128872543976
293 8.060756159552996
294 7.821938308149494
295 8.34990263074162
296 7.980731542705414
297 8.110498234186814
298 8.783343676945876
299 8.475207714118564
300 8.205866521602735
301 7.534224565898734
302 7.7356023025737235
303 8.000939246706762
304 7.9020914915538505
305 7.958739327433229
306 8.291509693682626
307 8.537762503400796
308 7.932405136748378
309 7.975151497575433
310 8.2603709679407
311 8.325942518969565
312 7.875052913539265
313 7.923140391814791
314 7.8954694078365595
315 8.532654752990718
316 7.738008991681584
317 8.121619016299356
318 8.291442839366209
319 8.440336320482952
320 8.27142069001485
321 8.464263754272654
322 7.964157736475445
323 8.58474696944499
324 8.289971657932393
325 8.052755446960463
326 8.287812684118691
327 8.057345986181039
328 8.16907503118129
329 8.445120637514975
330 7.891104002580878
331 7.76019732276297
332 8.068208858064637
333 8.549573404288926
334 8.124359120271553
335 8.19725193851287
336 8.408047695511991
337 8.451681028486943
338 8.046488321199318
339 8.340030711964168
340 7.927183529955443
341 8.10694106422259
342 7.893786279282712
343 7.8932412230778075
344 7.9923108222469414
345 8.52854142236184
346 8.352709686241102
347 8.195525517098655
348 8.444724552627859
349 8.625597048962643
350 8.494840623740771
351 8.344490959911418
352 8.166412259437648
353 8.446460078729697
354 8.235225769120495
355 8.586800268362417
356 7.568437388211143
357 8.58904840123849
358 8.331627321999026
359 8.509991472605744
360 8.36115817184907
361 8.317141690694093
362 7.8832524256030405
363 8.042952105590619
364 8.342547697602685
365 8.305822199397273
366 8.174505256076955
367 8.320414320147112
368 8.610040907779783
369 8.725108292745745
370 8.513098745861305
371 8.556589981070973
372 8.499009395575309
373 8.476490006055347
374 7.923018494819848
375 7.65451218048532
376 8.72206163358409
377 7.998654420655642
378 7.876012795138141
379 8.350895296017626
380 8.09017522745604
381 8.479999405145083
382 8.47415912400883
383 8.188370112896376
384 8.387156176922177
385 8.386667803199018
386 8.316915880545768
387 8.198409335366103
388 8.554823137125398
389 7.919617998218294
390 8.239488306390816
391 8.405147235961365
392 8.310595993175692
393 8.523032794655492
394 8.702659250872458
395 7.9957729471918375
396 8.431240137601037
397 8.320441777965774
398 7.933909040849999
399 8.303351599118967
400 8.134398817815189
401 8.283340313324334
402 7.910753755667271
403 8.267542529389841
404 8.25694750673401
405 7.959375272307775
406 8.300741918746962
407 8.154026066275708
408 8.376424408004674
409 8.140043485444792
410 8.436547618971266
411 8.321287126495815
412 8.254638560740522
413 8.275901228223908
414 8.308212477729565
415 8.520571520914348
416 8.367591637921805
417 8.332007038067946
418 8.338870766869729
419 8.390691214541372
420 8.282006191921774
421 8.131819040512596
422 8.13954286453986
423 8.11717165827788
424 8.377418359335161
425 8.185461336422556
426 8.406967763739434
427 8.747127422677123
428 8.389790314613444
429 8.568561738325894
430 8.18699332653083
431 7.772081278881794
432 8.047908432237998
433 8.560674601601168
434 7.999538551405733
435 8.030034277784775
436 8.405376658531146
437 8.12465353186802
438 8.039873270320937
439 8.186137894254292
440 8.54233529566074
441 8.055968681533033
442 8.638272324647932
443 7.983201362852045
444 8.488321407385094
445 8.176302330503372
446 7.851460831212965
447 8.106558753682963
448 8.223186400900941
449 8.169205022269583
450 8.26378859393349
451 8.331704060178929
452 8.555450193519972
453 8.037563966506008
454 8.368255281460833
455 8.167284970403667
456 8.11068916740251
457 8.246183267607496
458 8.422875037724829
459 8.143869621198524
460 8.160207128534449
461 8.015694420957686
462 8.242332726452693
463 7.820927712378133
464 8.456975369509404
465 7.8301228616720735
466 8.394748628708394
467 8.345881954540108
468 7.745358505887224
469 8.06325197428672
470 7.955186813455445
471 8.387550671162892
472 8.619812870252856
473 8.398813583047232
474 8.179560651610535
475 8.020253861827811
476 8.43430165957872
477 8.581985878782634
478 8.524624874366674
479 8.511408663025575
480 8.19805531544536
481 7.870390887514178
482 8.05120150182215
483 8.198747829247893
484 8.25513480258868
485 7.631328620460685
486 7.9920871437160645
487 7.974571714988117
488 7.988304017783069
489 8.082761890156412
490 8.063362833668286
491 7.934342781090637
492 8.25358409130693
493 7.940184914245475
494 7.952787714476116
495 8.124721148757585
496 7.849271890052454
497 8.291900263841562
498 8.098561324015103
499 8.138210357483134
500 8.191440559208536
501 8.164089518974402
502 8.297654525784765
503 7.830303437038618
504 8.20511898432631
505 8.496327911944334
506 8.488974235012325
507 8.447543041768899
508 8.197505785910959
509 8.265962651602994
510 8.3984606392999
511 8.271788224560995
512 8.229235742764914
513 8.442392099465433
514 8.299607318614699
515 7.892204204325516
516 8.277082661530871
517 8.534944828920128
518 8.089923907174596
519 7.897091504932204
520 8.283249352155746
521 8.227497741784184
522 7.7768192008286094
523 8.90911500680653
524 8.483966430137896
525 8.324529621220119
526 8.172176626468058
527 8.105788327277065
528 8.34048914633926
529 8.202997220761912
530 8.203945867021908
531 8.302226425881948
532 8.874462443703422
533 8.05845185253787
534 8.070241036886378
535 7.853814318169146
536 8.089237810222764
537 8.654639921315978
538 8.40333506503103
539 8.125724502016793
540 8.315513687458091
541 8.330228302927804
542 8.25211331243037
543 8.15765292873345
544 7.73511902017552
545 8.303613263269964
546 7.852273502682112
547 8.56209681295108
548 8.425522595392133
549 7.776163185562295
550 8.273599001844543
551 8.697361239328576
552 8.06603028484031
553 8.310553252225656
554 7.968858321121994
555 8.305713931582792
556 8.402598217079957
557 8.428322258742773
558 7.986339101707067
559 8.083846817632276
560 8.175562592760075
561 8.328585576594739
562 8.25927741275035
563 7.818880557358334
564 8.041579861611341
565 8.42565433488536
566 8.22768905014051
567 8.117067864208469
568 8.677316173323634
569 8.346681381458602
570 8.407829191155226
571 8.26036676377329
572 8.342796909499283
573 8.302795920660271
574 8.387035998959977
575 8.408491771608196
576 7.810332794009067
577 8.293080897488837
578 8.058291702075385
579 8.127280368806254
580 8.351776230843859
581 7.984550208862527
582 8.033967042328637
583 8.279215373864924
584 8.461724998786304
585 8.197770319825207
586 8.355824169313987
587 8.129022568072859
588 8.275588147611126
589 7.851040497468334
590 8.518348981749883
591 7.814487009945177
592 8.806342859538509
593 7.748658575342418
594 8.208331036120708
595 8.189593283104932
596 8.346978918364188
597 8.262941551391606
598 8.386918231409952
599 8.629433707787522
600 8.044496254135293
601 8.371987222249306
602 8.739295549215205
603 8.074825463946825
604 8.36240916543505
605 8.436481228444064
606 8.290662603507014
607 8.398350769817904
608 8.325847246251195
609 8.359999619309555
610 8.319679161162068
611 8.205531420117444
612 7.77215557272967
613 8.178158664801272
614 8.57044834176154
615 8.000253155060232
616 8.263770563813456
617 8.24472787020212
618 7.974005469363883
619 7.942559745908255
620 8.300049472161005
621 8.437566663709026
622 8.166003676869094
623 8.229428927855107
624 7.914429725727411
625 7.938177480884931
626 8.177074771136583
627 8.224023587178998
628 8.194741212260508
629 7.692797754842832
630 8.024733774589656
631 7.815134871976816
632 8.081642733965095
633 8.278132330815717
634 8.496246762877705
635 8.236088855248966
636 8.659696318233136
637 8.36143924176925
638 8.058711910636184
639 8.22348846336988
640 8.469307910216449
641 8.26063275764179
642 8.041671451424191
643 8.58237521292696
644 8.00224748114922
645 8.228926857412242
646 8.463539492878347
647 8.506773175225012
648 8.227921967522171
649 8.69294138623264
650 8.793895125491883
651 7.775972065541302
652 7.9446404322726005
653 8.071849732243662
654 8.009718592321155
655 8.452478866347796
656 8.34678593896516
657 8.475593955548108
658 8.378276713840643
659 8.129631292782975
660 8.091415011143612
661 8.289289624849735
662 7.964974395874257
663 8.09654207849605
664 7.823915603818704
665 8.12247995873197
666 8.190021342798385
667 8.578094638488652
668 7.91158438021552
669 8.64809851232234
670 8.285194283739894
671 8.632171576749617
672 8.49696130703712
673 8.508796271831612
674 8.604527980663109
675 8.103961717995478
676 8.139085918037546
677 8.141253894579794
678 8.435061604270588
679 8.077884582382149
680 8.02186159147863
681 8.359691176896991
682 8.198828595705843
683 8.371686773518478
684 8.254859955145527
685 7.808789292843572
686 8.169948729768521
687 8.147659206833477
688 7.908868133141393
689 8.162171787734918
690 8.241221979315425
691 8.253449731293543
692 8.523466415706853
693 8.277482097398748
694 8.404148417705738
695 8.047539612498445
696 8.240556182314517
697 8.148712042198717
698 8.25660375843125
699 7.956456009821256
700 8.88608777923024
701 8.266518723930757
702 8.668753279306006
703 8.34332734417816
704 8.083314441805435
705 8.144736099807442
706 8.24897523140595
707 8.299159136716415
708 8.249240938021096
709 8.293748747049733
710 8.240813038609287
711 7.765232813155559
712 8.43979373442654
713 7.985398073376472
714 8.286009408236358
715 7.8024629070492235
716 8.425037353349214
717 8.160009242812306
718 8.430276575517457
719 8.483818847567141
720 7.981746461930919
721 7.944292316213414
722 8.271256313822308
723 8.068187176147852
724 8.17573468479748
725 8.576799680810465
726 8.400383704905174
727 8.342315653851589
728 8.655247894344043
729 8.131959015886855
730 8.340145689757495
731 7.925926088117519
732 8.407289168418153
733 7.875548246744797
734 7.939543050777004
735 7.798690179380244
736 8.19454010763771
737 8.572417662090894
738 8.58760210329144
739 8.609804051741314
740 8.450656820876745
741 8.604921972001389
742 9.048417231268589
743 8.063913747587169
744 8.306576123097686
745 7.619971065904905
746 8.22529252176202
747 8.503128068702845
748 8.449979052185665
749 8.088384982089549
750 8.122551986895319
751 8.096673086640154
752 7.952735014170378
753 8.451794845721045
754 8.419346070690338
755 8.079016213295672
756 7.576508029551285
757 8.527024904065279
758 8.076729046404301
759 8.246951610401632
760 8.64506478714153
761 8.348816483977647
762 8.069520694212116
763 8.214134668516255
764 8.096957480181631
765 8.05167418006851
766 8.385823550445117
767 7.84008363816481
768 8.696305235247085
769 8.561681562040377
770 8.41294773726804
771 8.524064088493002
772 8.114482528742693
773 7.996514385919989
774 8.019764926380885
775 8.144920302732803
776 8.171157235280551
777 8.194121320387321
778 8.19220282581576
779 8.505582120071166
780 8.48334629402498
781 8.587407690586401
782 8.065831789866865
783 7.764579201040098
784 8.07990954230973
785 7.635549459915729
786 8.216716799997767
787 8.609930701657074
788 8.11499305513474
789 8.28784003415849
790 8.212823653500704
791 8.378280687673321
792 7.738533320381143
793 8.040761815984306
794 8.196742331062644
795 8.14970787420703
796 8.505698929674445
797 8.210084556456104
798 8.113652866842193
799 8.695502730776916
800 8.461465145444288
801 7.7667474829288805
802 7.987322100374198
803 8.009572279523361
804 8.400422372111564
805 7.966062864431131
806 8.291358953053212
807 8.38138223327885
808 8.429412208742876
809 8.003048572023564
810 8.211451910167881
811 7.543276836695736
812 8.136741483858025
813 8.105229108167272
814 8.429462085642433
815 8.015914081509049
816 8.58034086929702
817 7.869014284686581
818 8.357871386234251
819 8.080337406087393
820 8.07233099050343
821 8.393380168381658
822 8.299439099743458
823 8.524243759639864
824 8.320222247297938
825 8.326497094859317
826 8.303620281872528
827 8.086067271735702
828 8.61977941396287
829 7.900574453331495
830 7.909997510753967
831 8.084600583509822
832 8.02093755049314
833 8.079782274578934
834 8.09330956420658
835 8.387513883029175
836 8.150245098052729
837 8.269028142750953
838 8.051579913206373
839 8.343354909331131
840 8.831490742154669
841 8.259314058874866
842 8.16010366808544
843 8.044057678620362
844 7.975622170607369
845 8.395791943320623
846 7.698485167320747
847 7.902355192580092
848 7.884427309416743
849 8.44449796398402
850 8.244896787499044
851 8.554652268181046
852 8.3082525884449
853 8.194587365224189
854 7.96635563954963
855 7.81576704151196
856 8.066037242361109
857 8.315407219271451
858 8.509017629043505
859 8.372733173781011
860 7.8563325457445865
861 8.773835501904717
862 8.0819964149222
863 8.336957935817424
864 7.825582183353409
865 8.124511753985434
866 7.926505286635088
867 8.140384327418483
868 8.439877519338005
869 8.481285483574574
870 7.901089651485076
871 7.5496752696557845
872 8.005317115241901
873 7.756623452664371
874 8.329284535449172
875 8.252182770627698
876 8.25135209645066
877 8.25153262520764
878 7.7301430219461205
879 8.653759167099231
880 7.487565726242139
881 8.075656757917518
882 8.137676041120296
883 8.343745999266797
884 7.774558913069771
885 8.395428586444966
886 8.062213913482056
887 8.249674811950063
888 8.608530407210099
889 8.04459606753104
890 8.142775024615363
891 8.155471414347788
892 8.436350949238099
893 8.238737085409774
894 8.305608698460956
895 8.060842323444612
896 8.13000028586573
897 8.336619226911788
898 8.510217002013606
899 7.7186011407715345
900 8.618780332108006
901 8.322494111112
902 8.11873204712575
903 7.860112189098065
904 8.406121529172125
905 8.004045831018011
906 8.531097415687197
907 8.431469511678136
908 8.300009636868136
909 7.882128495353225
910 8.313763144408579
911 8.528545181205704
912 8.50697882651686
913 8.05903103793125
914 8.29813194931021
915 7.996448820288481
916 7.947687627487944
917 7.958692275356702
918 8.494625451147984
919 8.27966086154547
920 8.401460312757827
921 8.168828830613402
922 8.54452875501511
923 7.982518035103474
924 7.908345550700795
925 8.424749239066314
926 8.328147309368099
927 7.888119426622939
928 8.44043402535626
929 8.548149473087644
930 8.208382815395385
931 7.717196774116841
932 7.913134538140468
933 7.671373073734187
934 8.735264439693642
935 8.617345185023211
936 8.421710655373683
937 8.313567694190816
938 8.353610526174172
939 8.384570387006805
940 7.660521009270019
941 8.13653847860536
942 8.10852127860207
943 8.270786546205201
944 8.153969013597589
945 8.143612189757956
946 8.032806357682452
947 8.098295243272034
948 8.259146641164959
949 8.152759037010288
950 8.177016488379406
951 8.477669749508417
952 8.227845326643886
953 8.179363211767157
954 8.385294080876935
955 8.162424308414641
956 8.366801645860017
957 7.976482984959385
958 8.450752652160311
959 8.409447439877281
960 8.276412661330816
961 8.503776694705152
962 8.620082551513308
963 8.428676914350904
964 8.016040979829377
965 8.421582889125329
966 7.935282986529086
967 8.126156608526522
968 8.522628948423286
969 8.313462701558628
970 8.405698715664432
971 8.476982241911449
972 8.36183660343548
973 7.996605492650338
974 8.16090123926439
975 8.061126283700967
976 8.67137964474426
977 8.647512133133196
978 8.402689335403313
979 7.705888143671132
980 8.734612617960098
981 7.786582529062616
982 8.100387281622226
983 8.094725804440442
984 8.363043065795498
985 8.162680222220404
986 8.481344959367853
987 8.301904749982674
988 8.05703461401998
989 7.945893107927947
990 8.274992420669191
991 8.063813777471324
992 8.362802584881837
993 8.250163569180941
994 8.389044847306309
995 7.878507327727436
996 7.915811433969947
997 7.9133658103609354
998 7.991772758805905
999 8.187768265839084
1000 7.617991652317751
