1 6.158664803630942
2 8.019193229472823
3 6.612054287469218
4 7.054798725479946
5 6.663702210602314
6 7.867851216387865
7 6.359689660308538
8 7.779731353542326
9 7.834842261440401
10 6.49369322846471
11 8.299246429053124
12 7.0127146872992405
13 6.5605781885658025
14 8.178534653340058
15 7.213721102003733
16 5.7005142731630585
17 5.6243874416042265
18 7.656652104635864
19 7.118739034141936
20 7.267367592965468
21 6.773847611812877
22 9.34433564681
23 5.576823529535777
24 7.2150756689953495
25 7.524068256356799
26 6.224760692944722
27 8.980965158513891
28 7.6006980713093775
29 7.809113636182097
30 7.498695536906421
31 6.712301936183376
32 7.327586657902591
33 8.718379013665528
34 7.643563284052752
35 6.252515745502889
36 8.5669998038892
37 7.491145587087872
38 7.26261191738934
39 7.1733644820570275
40 7.5996147770872655
41 6.782463548363255
42 7.528807473654689
43 6.511355318515717
44 6.787391819813571
45 8.608252034828293
46 6.68326717526494
47 7.7171987855313295
48 8.260409231449806
49 8.157689374799526
50 7.751529224535772
51 8.065231921875286
52 7.3121072990100275
53 8.738616655633228
54 7.8027152096069585
55 6.543719601362735
56 7.063187713255888
57 8.325095501249894
58 8.058589385013718
59 7.324821059404967
60 8.764600014502088
61 7.852249964571668
62 6.750345924074967
63 5.410865046882065
64 6.111576368373296
65 6.056756217832908
66 6.313444783993057
67 6.005146285300622
68 7.136616374844157
69 6.222228978390858
70 6.253483932831375
71 6.602080398054159
72 7.458658850185711
73 7.420732462865848
74 7.599849938832193
75 7.72106421703685
76 8.447815493461443
77 8.216867468590355
78 8.1245784253796
79 7.622613279712582
80 7.656196971049893
81 7.70864761495044
82 6.625100799695942
83 7.025555310217469
84 7.249482017937553
85 6.652881866693807
86 8.141719786720108
87 8.161549278640074
88 7.697182973073658
89 7.609777779190445
90 7.386717897866348
91 6.580567269723206
92 8.017422230687366
93 7.737272031161613
94 7.147406389684959
95 6.634776383778942
96 9.790064411392136
97 7.697659609226954
98 8.219996084154317
99 6.590255751377456
100 6.340661527182386
101 8.223496990838212
102 6.672416748181559
103 6.166274459781222
104 7.129059641406433
105 7.056248110162691
106 7.4454140268514815
107 5.816769967844416
108 8.182953044179511
109 7.5030236269933335
110 8.05622794154032
111 8.421845371811894
112 7.8933603768559495
113 5.571140948226669
114 8.234348622055302
115 7.999039208766817
116 7.467942758549658
117 7.088032266640109
118 7.907751069127101
119 5.921701522817947
120 7.953595991307156
121 7.021255070630636
122 8.133397325170955
123 7.560731610683071
124 7.223182406641015
125 8.03167481287234
126 5.5599150944327835
127 9.493833624963692
128 7.203670340373625
129 6.0907462111830935
130 7.733485622560863
131 6.529392847331207
132 7.267657393273368
133 7.6430581479332265
134 7.813416380196254
135 8.41602649307739
136 7.039683945616911
137 6.605132751321309
138 6.8551145188095655
139 6.995063124195728
140 8.304670124598603
141 8.379121175217412
142 7.107129754044479
143 6.682415869749447
144 6.756437242415886
145 7.752546538594322
146 6.725571011432983
147 7.683879512609472
148 7.003995110094017
149 6.464570716047893
150 6.293896965942471
151 7.324708639987429
152 7.839893212768897
153 6.640400909685151
154 7.3763734890560295
155 7.015089064823048
156 6.511740746533163
157 8.335761371317531
158 7.720738965666835
159 7.482659005373822
160 8.282252444234459
161 7.4367008189954005
162 7.690314988545863
163 6.001958527205841
164 8.854755330916632
165 9.09955174570053
166 6.9114932404835985
167 8.231978112210584
168 6.321262917118242
169 7.949013841731237
170 8.241946659697497
171 6.3129158008827595
172 6.477125006177439
173 7.0927766124606455
174 7.044333725699248
175 7.1163119125184675
176 7.848197324648949
177 8.03640279302801
178 7.0019469590322805
179 5.981526678216079
180 8.494414943634801
181 8.237157999723435
182 6.66328692981122
183 7.861711788976473
184 7.458557917002312
185 8.024850721259416
186 7.3903455812857555
187 7.826520598248736
188 7.314476619657295
189 5.475001893619758
190 6.234827291705488
191 7.774673353017845
192 7.761154252199011
193 7.5551225165093046
194 6.146801354400354
195 7.635691312958412
196 7.912039462036412
197 7.2605452345710955
198 8.285282117163314
199 8.783228198647093
200 9.336840980146047
201 6.9664925409366445
202 5.6981292393452785
203 8.089055472310866
204 8.595935659244777
205 7.58015754418135
206 8.433678603443523
207 6.499966927796963
208 8.057190661159723
209 8.414721396300827
210 8.357345401444002
211 7.151436620631777
212 6.806658248741037
213 7.017306595836346
214 7.908091747497281
215 7.2792678984074985
216 7.208969419698509
217 6.485552747441469
218 8.397208198144131
219 8.648202255291476
220 6.024697649555197
221 8.087165195155226
222 7.862149166292902
223 7.729970455434486
224 7.64455360066477
225 7.650358225905424
226 8.499547546487833
227 8.46789434163486
228 6.445581443428963
229 7.97850822865744
230 7.044773054203267
231 8.650064977832727
232 7.597087458698119
233 7.045394358652511
234 7.1270520092266505
235 6.537355276784115
236 7.351178371256341
237 6.763063930582129
238 7.259791412817968
239 8.007007490409466
240 7.596870016028187
241 7.008808382665933
242 6.477792484867832
243 7.83678550685721
244 6.460392401776628
245 6.319994196539808
246 7.771320709467827
247 7.6370278838366765
248 7.356351416354019
249 7.514551947790424
250 8.756358732793666
251 7.080704986178542
252 5.3586438318134135
253 8.226138460440131
254 6.836075324629077
255 8.296738126312595
256 6.64364161864278
257 6.352914346372213
258 6.435846808437187
259 6.456146352371814
260 6.543764972708913
261 6.81367458287705
262 7.4712717526745624
263 8.263414898745353
264 7.077717126071839
265 7.6357885605978595
266 7.195257403231613
267 7.439529852660329
268 7.70428232700954
269 6.716090179009674
270 7.3838965760897475
271 6.902902237300786
272 6.946738080065896
273 6.793168197665866
274 7.028895370948992
275 6.8990811355226995
276 8.673054238446392
277 6.556224396175053
278 7.369372890853576
279 7.020502238171911
280 5.9628105178314
281 9.602837019366525
282 6.2052610019733825
283 7.29289207414625
284 7.319764509725365
285 6.903475473744988
286 8.886669080257189
287 9.254269984466376
288 6.748328777716151
289 7.753245700742729
290 8.133084343261524
291 7.363739743415498
292 7.424441064919185
293 8.392832474814544
294 6.1151896230587734
295 8.905801330376097
296 7.306085364278248
297 7.432724878880682
298 5.9064123423698165
299 8.726232786963516
300 6.559911043625733
301 8.454607157349638
302 8.122164116006713
303 7.438876848456849
304 7.045448431384747
305 7.038407738629684
306 6.9113094556999055
307 6.868019561298737
308 6.665448047297219
309 8.144901194444046
310 6.801078779051085
311 7.942668480949576
312 7.852645737832506
313 8.97925580557206
314 7.773264393534618
315 7.463888044900013
316 7.669026096919243
317 6.4707622246066565
318 6.749167939327211
319 8.165275096009244
320 7.190782349146206
321 7.906084076450777
322 6.408170989701789
323 9.177235909809767
324 7.12459038344753
325 7.091673307272489
326 7.600545941974008
327 6.761881610610284
328 6.834994639945453
329 7.942982632858508
330 7.528636520896074
331 7.522777563180873
332 7.697769036292703
333 6.994324278585952
334 8.541096449833255
335 10.610580932594523
336 8.179506753440895
337 7.894105201090488
338 8.017649770640892
339 6.869027010739876
340 6.60437098499012
341 6.908056245631545
342 7.6436677212019015
343 6.488222442808454
344 7.216887635976708
345 7.518113024013928
346 7.223754315033384
347 7.008252874300139
348 6.964240705450589
349 6.593755173123252
350 7.5537768805714185
351 7.431971443060609
352 5.726119856646013
353 8.08095820845851
354 7.967990017172869
355 7.283244929177519
356 6.423873613213939
357 6.540427818817083
358 5.887568778962326
359 7.428151599287788
360 6.414235222884645
361 6.481768423600486
362 6.337030739207125
363 7.142217365372486
364 6.257314683383922
365 6.553221866668842
366 7.473528997970028
367 6.971873289953891
368 6.974926936860905
369 8.623514972467394
370 6.749703641848971
371 7.072566829606395
372 8.13737514593386
373 6.392147610173745
374 8.151912265265231
375 7.442063715219807
376 7.87721077229591
377 6.438728072726612
378 6.803003159340799
379 6.150858707636871
380 6.060716410784558
381 6.67596614785899
382 7.916741504218018
383 7.095164691115038
384 6.668823110251282
385 6.931883931730224
386 7.177705123452869
387 7.2725910384142445
388 7.791234383747545
389 8.064049019245846
390 7.117897801637863
391 7.4087813105903795
392 7.1235623293291805
393 7.103185769493093
394 7.889848435009645
395 7.000277731132543
396 7.209748543312632
397 7.859222114409201
398 8.089688918090554
399 7.89586558222905
400 7.366022867580621
401 7.128486925267282
402 7.271857757683485
403 7.033455839475611
404 8.451115808757232
405 7.063925668399056
406 6.972053295402041
407 6.902101472521225
408 6.964012991037299
409 7.423054682683731
410 7.114562601188369
411 6.597590311611582
412 6.381481532612786
413 6.800850726760082
414 7.968170792408696
415 8.237799045350148
416 6.530251341640962
417 7.969979105744406
418 7.437881453968833
419 6.53387022364705
420 6.79077143005248
421 7.8563362732618325
422 7.230191155251558
423 7.904824817488609
424 6.557743318398136
425 7.0111764289641165
426 8.261424209721028
427 7.224587082231693
428 8.543946771506706
429 7.233916107881133
430 6.716282679993254
431 8.746220344881626
432 6.090236208094451
433 7.973160077800089
434 7.839618082453434
435 6.33786559237171
436 8.173990700548783
437 7.28154722558015
438 7.418293295994053
439 7.053038049887316
440 6.891879817605399
441 7.723265840737688
442 6.991263110428789
443 6.822058465263312
444 6.784734504584085
445 7.482473872788456
446 7.892763051411269
447 7.267709021220818
448 9.308206284560338
449 5.445859944675824
450 7.239213382415273
451 8.53627890062461
452 7.913675733996495
453 6.94702576747879
454 8.45469500431028
455 6.912792781393694
456 7.214615692815119
457 6.018965528165744
458 8.902664001510432
459 8.649596172701367
460 7.935800171861872
461 6.766620847096659
462 7.2897961791093735
463 6.306801277315048
464 6.744497663778678
465 7.095584251967957
466 7.267548185869786
467 7.771345070780564
468 7.599974895699595
469 7.426249057750673
470 8.514633567689254
471 6.395475760265145
472 8.616832532139265
473 6.83329605624359
474 7.5216632245825
475 8.685320248009697
476 8.43904071316287
477 7.489183423313978
478 6.827833996167408
479 9.24873287390387
480 7.1752445534478975
481 7.808277975687997
482 7.441320609451993
483 8.289057762413247
484 8.049216556153288
485 8.597929171840793
486 7.916735801674786
487 7.785872459279843
488 7.5089337315905365
489 7.519659399528487
490 8.006820014098523
491 7.244104179895401
492 8.004420552548133
493 6.093870006242439
494 6.4286416887069695
495 8.114784778634984
496 8.472270087698158
497 7.1436857505928835
498 7.029031847602467
499 6.945758155023282
500 7.594032144341307
501 8.021799528027941
502 6.8898247982496175
503 6.908783064145231
504 7.072080766125982
505 6.367263954601034
506 8.2993675362329
507 6.466754718351172
508 7.97846278721383
509 8.254012198826306
510 7.32103292664309
511 8.145438980613768
512 7.5227059372915095
513 5.739166515559023
514 8.730300517004718
515 7.382832753549884
516 7.723209229382264
517 5.861516754382664
518 7.509256558796815
519 6.809035453389962
520 6.700376606772717
521 7.4415688308113195
522 8.626864346191544
523 6.97811599101475
524 6.681433347380522
525 6.575347325743544
526 7.738488779450868
527 7.147967985485045
528 6.420516748173977
529 7.760764434342443
530 7.428240265331609
531 7.40284670688937
532 7.002149659668318
533 7.928204409888198
534 7.244017914518662
535 6.649720775954965
536 7.964644181634347
537 8.337723691543761
538 6.5122746069494255
539 7.233335650524399
540 7.114773418850998
541 6.071485839959866
542 7.5223477859952625
543 7.827949359379809
544 6.589328773556385
545 8.55299194527468
546 6.793565912064224
547 8.253831268360265
548 7.68451824058684
549 6.613649970069843
550 6.295081525779303
551 8.357041924676732
552 6.852502179043849
553 6.278365399354105
554 7.220403633406416
555 7.103217678695396
556 8.645041854875275
557 7.598046899094223
558 9.117934411078009
559 7.075564299621002
560 6.245344948771023
561 7.675280581107404
562 7.151612718031734
563 8.728598380530247
564 8.36692456105961
565 6.641416051042846
566 7.207812257108401
567 8.026468661989519
568 6.255070638718228
569 6.659892379750221
570 6.876524546514637
571 7.873250413773706
572 7.444210135526408
573 7.09808213003458
574 6.994351012311497
575 7.9058671181865625
576 8.95235831066497
577 7.3017689128685745
578 8.178903619919845
579 7.3027066332353145
580 8.306095981234796
581 8.094421368179207
582 9.033035637413102
583 8.100171327012356
584 7.985720483630206
585 7.823260033016176
586 7.664780874319812
587 6.91938889787811
588 8.280607972396847
589 6.75460151888639
590 7.107568606530045
591 8.413816070059026
592 7.812438191382941
593 6.599610760917957
594 7.908395782674187
595 7.5664887253554545
596 7.229630185818649
597 7.088433448659629
598 8.394050422239587
599 8.721097647773115
600 7.5642830035985416
601 6.70511030129679
602 6.421647389934752
603 7.202745313960532
604 8.197416534881107
605 8.672991327731149
606 6.156415348312854
607 6.709944115272621
608 7.8681844883757766
609 7.709272472771653
610 6.745904757427623
611 7.53139029780212
612 7.806338097526699
613 6.8821093045720865
614 7.370148702111672
615 6.874194636684052
616 6.903102375731642
617 7.348293904399173
618 7.52324685968274
619 8.112182791533062
620 7.473865659168342
621 6.221228534266877
622 6.834631625360008
623 7.119718453980076
624 7.513074310548833
625 6.850300544699812
626 8.233567799816901
627 7.888092537915944
628 7.523239244044501
629 6.521914204874288
630 7.455614675698904
631 7.784153917042276
632 6.964746835532256
633 7.171419318417247
634 8.036896486915973
635 7.611199961483457
636 7.020782423238517
637 7.593933390510787
638 6.94903379200697
639 8.05553216952827
640 7.827955128372292
641 7.274455326730294
642 8.625155921357278
643 8.300437524518516
644 8.322673672544525
645 8.519107554114285
646 7.57977420002373
647 6.95802235721413
648 6.055370374644789
649 7.8390610728363015
650 7.707327631721755
651 7.7382806918930225
652 7.407569191999446
653 7.567515172304507
654 6.491309485361047
655 7.552769225576151
656 7.16162011180083
657 8.077788830293878
658 7.704949183311758
659 6.223793659600269
660 6.901992956887643
661 7.873320172790679
662 7.3728327531651665
663 7.171569440067091
664 6.803987571882585
665 7.145479505230108
666 8.106502667298848
667 6.08732803390987
668 7.484010317022782
669 8.283863419197733
670 6.777154459390499
671 8.476603794834983
672 7.356999800505783
673 7.532121547944289
674 6.431539032433641
675 7.505907865518143
676 6.483374753209014
677 7.095772689736792
678 7.156055112315232
679 9.099562369565152
680 6.6927554419005295
681 7.71107595247619
682 5.93234608797029
683 6.447167369930304
684 7.050634269227919
685 8.752602819416484
686 8.09100045996588
687 7.475641501661577
688 6.972793787177251
689 7.785881876820754
690 7.128651888992638
691 6.5502108483321795
692 8.20911136837811
693 6.408899504402176
694 7.3483231666333015
695 6.555229091535558
696 7.400089114382393
697 6.7362136854130235
698 7.671822921639104
699 7.197106936836565
700 6.399178061127763
701 6.884036943353513
702 7.1624150758914285
703 6.6423025734363
704 7.118978670659829
705 7.754706626106802
706 6.351939087464501
707 8.592185060252191
708 9.289807061570038
709 8.164384492453088
710 7.152697057595103
711 8.16080852723069
712 6.201648791017824
713 7.533042407202823
714 9.004553368858488
715 6.375603242878539
716 6.72792000551509
717 6.692404103688076
718 6.231171963616948
719 6.505890532208185
720 7.038786241268066
721 6.4573590581918925
722 6.710953469164776
723 7.680229059806857
724 6.354340804025769
725 6.6854002922279765
726 7.362603772915159
727 9.054719234481109
728 7.7516761377951475
729 8.261513602864099
730 7.553199827956523
731 8.10554899196391
732 6.607230888095939
733 8.322207942425733
734 8.667991543002953
735 8.054308764216685
736 7.469118826374934
737 8.066999450221147
738 7.390115855807719
739 6.800045505566231
740 6.418525985113164
741 6.542505083226531
742 7.190529745279752
743 8.6036774897635
744 6.411181564546524
745 7.149892736720172
746 8.702504053781865
747 6.7866717407033965
748 7.514707317315822
749 7.311241892015197
750 7.648161982695739
751 8.050885979201956
752 9.157813567332257
753 7.418446039603902
754 6.976390377895305
755 8.494812105728306
756 9.207112689145116
757 7.186733777278589
758 8.488883965004636
759 8.166660335185224
760 6.404711437930194
761 7.505505755014415
762 7.544159799100292
763 7.844912568196696
764 7.912029584527922
765 7.705275233530524
766 7.15647784232764
767 8.509232937896137
768 7.24270038676618
769 7.074241771409959
770 8.599805967759629
771 5.446970552346101
772 6.62300164157918
773 8.107800984581264
774 6.026205410093993
775 6.733225083174222
776 6.9971337008389325
777 7.094042292785623
778 6.886077232541513
779 8.652937990475671
780 8.030697616699486
781 8.242090659293444
782 7.770754902606012
783 7.939307425274277
784 8.643112174647587
785 6.671642508989045
786 6.899689777495451
787 7.21425220823986
788 7.323707993684946
789 8.15837270062578
790 8.645551768048731
791 6.638021598449593
792 7.428114185219261
793 6.8339443654074215
794 8.127981779500844
795 7.5717017126804445
796 8.280266526821853
797 7.783905676845574
798 6.905853356291423
799 7.274918263704409
800 7.538292429152659
801 7.603241100348049
802 6.045776691178096
803 8.053622710687911
804 7.115972340952911
805 6.730093741026045
806 7.742275458514166
807 7.73547657329933
808 9.193356531950439
809 7.40275678690909
810 6.845103000395608
811 7.145472734335381
812 7.0463941175012295
813 6.654858085194085
814 7.482217851029344
815 6.961720695752652
816 7.101643494632141
817 6.428472433704867
818 8.256951362410332
819 8.186377936403282
820 7.178630030935626
821 7.250343885926211
822 6.9638559265019
823 6.662020304909592
824 7.904024748475043
825 7.278160419556344
826 7.325312364376451
827 8.618018910217746
828 7.759700145608782
829 6.634939845014893
830 6.402742852267968
831 7.797028123683013
832 7.3562466700537
833 6.939411834219089
834 8.21783948774701
835 8.17645654220312
836 6.637733981268276
837 6.416379517055466
838 8.119133177939421
839 7.7422980246610384
840 5.941352500304402
841 8.223868730804256
842 8.09611536693733
843 7.16650876606749
844 6.996004322741466
845 7.698432622228051
846 7.5560644376803054
847 6.115904957222959
848 6.464528242333236
849 6.189234205284192
850 6.890673820735345
851 8.469999785479166
852 6.977026606464136
853 6.727931685439061
854 8.477712585780456
855 7.23689072687778
856 8.575464904815304
857 8.263069697671181
858 7.800619652899709
859 7.696208731331013
860 6.15193387962987
861 9.324200142948003
862 6.200027038200434
863 6.604479841001977
864 6.589324213354626
865 7.771480920191584
866 7.24706246343556
867 6.234776951062783
868 8.166599133583075
869 7.877201902405814
870 7.863504222466358
871 7.145979012593853
872 7.55970450052563
873 7.08183317474626
874 8.642585709538151
875 7.476687534473412
876 6.6362075680171975
877 9.138276370597088
878 6.929989670861739
879 7.780737314456337
880 6.6236734825179004
881 8.954345236203983
882 7.974256007864342
883 5.676153907957691
884 7.4990098930520785
885 7.859011943255749
886 8.069375816436093
887 7.112654584752009
888 7.741228560011653
889 8.059165628678693
890 6.8345422806336185
891 7.658508648358857
892 6.96129542769267
893 6.400441287511519
894 8.012555263550428
895 6.629220450043723
896 6.298811382485692
897 7.629545216413463
898 6.629622741867612
899 8.572659527231162
900 6.4895348321710165
901 6.493529886606732
902 7.4703391218787125
903 7.806729584294327
904 8.452826621891296
905 7.039269046260261
906 7.56017972720735
907 6.810746560836779
908 7.319302846138428
909 6.220774583285796
910 8.698032900752056
911 7.978492175836454
912 6.443996498336954
913 7.4597546748437775
914 8.290985079407449
915 7.950057516723095
916 7.721428076510084
917 7.622573212113909
918 7.826363204060765
919 8.189899141810347
920 7.710942605839334
921 6.284195083827041
922 7.044268179500147
923 7.7676729207347135
924 6.468996995743362
925 8.636189973230168
926 6.946083979260805
927 7.089217029482561
928 6.8323480345280485
929 8.07859047971217
930 8.365312134385494
931 8.101349919008285
932 7.502812300969884
933 6.510897644690348
934 6.541116395506196
935 8.178952808409843
936 8.293864902964879
937 6.462133323815429
938 7.710979944366862
939 6.873498839710196
940 6.329580288942199
941 7.024440225018245
942 6.6928391239483185
943 7.675741769259336
944 7.766491340059621
945 9.052825776048547
946 7.475427167455724
947 6.977769261458642
948 6.9046760330722785
949 7.1326339792520494
950 7.839649559612387
951 6.958116685883779
952 7.060092568058353
953 6.145098537775895
954 7.432325404948245
955 6.925997327035728
956 8.77367955288682
957 7.8753843941584964
958 6.8309295824763705
959 7.371708547682722
960 7.463956019476402
961 7.784464609131102
962 6.8147643783172285
963 8.124603482926746
964 7.837987814698692
965 7.257583824294536
966 7.5545361836656175
967 8.792461654322256
968 7.770626034514405
969 6.738085839025961
970 7.631348078092881
971 6.801370775271377
972 7.573908603848203
973 8.03114484575673
974 7.668262018726583
975 8.223677436859514
976 7.255568242807102
977 7.5461000051136695
978 7.873559817624398
979 7.7907636602364585
980 7.057816194286589
981 8.705314556806849
982 7.353206931496119
983 9.419742473120039
984 7.970250746331214
985 7.555883604780957
986 8.322217969402189
987 7.84764930624069
988 6.715097271900865
989 6.594003458769477
990 7.62028694499928
991 6.442536324336707
992 5.89603531434392
993 8.108950890056963
994 6.76937863225891
995 7.759714370594713
996 7.752387511235102
997 8.466993406510328
998 6.2129735536843365
999 7.231774278883617
1000 8.314385749841938
