1 -1.9035616435924805
2 -1.9035616435924805
3 -1.9035616435924805
4 -1.9035616435924805
5 -1.9035616435924805
6 -1.9035616435924805
7 -1.9035616435924805
8 -1.9035616435924805
9 -1.903731577886182
10 -1.903731577886182
11 -1.903731577886182
12 -1.903731577886182
13 -1.903731577886182
14 -1.903731577886182
15 -1.903731577886182
16 -1.903731577886182
17 -1.903731577886182
18 -1.9121299576699404
19 -1.9121299576699404
20 -1.9121299576699404
21 -1.9121299576699404
22 -1.9121299576699404
23 -1.9121299576699404
24 -1.9121299576699404
25 -1.9121299576699404
26 -1.9121299576699404
27 -1.9121299576699404
28 -1.9121299576699404
29 -1.9121299576699404
30 -1.9121299576699404
31 -1.9121299576699404
32 -1.9121299576699404
33 -1.9121299576699404
34 -1.9121299576699404
35 -1.9121299576699404
36 -1.9121299576699404
37 -1.9121299576699404
38 -1.9121299576699404
39 -1.9121299576699404
40 -1.9121299576699404
41 -1.9121299576699404
42 -1.9121299576699404
43 -1.9121299576699404
44 -1.9121299576699404
45 -1.9121299576699404
46 -1.9121299576699404
47 -1.9121299576699404
48 -1.9121299576699404
49 -1.9121299576699404
50 -1.9121299576699404
51 -1.9121299576699404
52 -1.9121299576699404
53 -1.9121299576699404
54 -1.9121299576699404
55 -1.9121299576699404
56 -1.9121299576699404
57 -1.9121299576699404
58 -1.9121299576699404
59 -1.9121299576699404
60 -1.9121299576699404
61 -1.9121299576699404
62 -1.9121299576699404
63 -1.9121299576699404
64 -1.9121299576699404
65 -1.9121299576699404
66 -1.9121299576699404
67 -1.9121299576699404
68 -1.9121299576699404
69 -1.9121299576699404
70 -1.9121299576699404
71 -1.9121299576699404
72 -1.9121299576699404
73 -1.9121299576699404
74 -1.9121299576699404
75 -1.9121299576699404
76 -1.9121299576699404
77 -1.9121299576699404
78 -1.9121299576699404
79 -1.9121299576699404
80 -1.9121299576699404
81 -1.9121299576699404
82 -1.9121299576699404
83 -1.9121299576699404
84 -1.9121299576699404
85 -1.9121299576699404
86 -1.9121299576699404
87 -1.9121299576699404
88 -1.9121299576699404
89 -1.9121299576699404
90 -1.9121299576699404
91 -1.9121299576699404
92 -1.9121299576699404
93 -1.9121299576699404
94 -1.9121299576699404
95 -1.9121299576699404
96 -1.9121299576699404
97 -1.9121299576699404
98 -1.9121299576699404
99 -1.9121299576699404
100 -1.9121299576699404
101 -1.9121299576699404
102 -1.9121299576699404
103 -1.9121299576699404
104 -1.9121299576699404
105 -1.9121299576699404
106 -1.9121299576699404
107 -1.9121299576699404
108 -1.9121299576699404
109 -1.9121299576699404
110 -1.9121299576699404
111 -1.9121299576699404
112 -1.9121299576699404
113 -1.9121299576699404
114 -1.9121299576699404
115 -1.9121299576699404
116 -1.9121299576699404
117 -1.9121299576699404
118 -1.9121299576699404
119 -1.9121299576699404
120 -1.9121299576699404
121 -1.9121299576699404
122 -1.9121299576699404
123 -1.9121299576699404
124 -1.9121299576699404
125 -1.9121299576699404
126 -1.9121299576699404
127 -1.9121299576699404
128 -1.9121299576699404
129 -1.9121299576699404
130 -1.9121299576699404
131 -1.9121299576699404
132 -1.9121299576699404
133 -1.9121299576699404
134 -1.9121299576699404
135 -1.9121299576699404
136 -1.9121299576699404
137 -1.9121299576699404
138 -1.9121299576699404
139 -1.9121299576699404
140 -1.9121299576699404
141 -1.9121299576699404
142 -1.9121299576699404
143 -1.9121299576699404
144 -1.9121299576699404
145 -1.9121299576699404
146 -1.9121299576699404
147 -1.9121299576699404
148 -1.9121299576699404
149 -1.9121299576699404
150 -1.9121299576699404
151 -1.9121299576699404
152 -1.9121299576699404
153 -1.9121299576699404
154 -1.9121299576699404
155 -1.9121299576699404
156 -1.9121299576699404
157 -1.9121299576699404
158 -1.9121299576699404
159 -1.9121299576699404
160 -1.9121299576699404
161 -1.9121299576699404
162 -1.9121299576699404
163 -1.9121299576699404
164 -1.9121299576699404
165 -1.9121299576699404
166 -1.9121299576699404
167 -1.9121299576699404
168 -1.9121299576699404
169 -1.9121299576699404
170 -1.9121299576699404
171 -1.9121299576699404
172 -1.9121299576699404
173 -1.9121299576699404
174 -1.9121299576699404
175 -1.9121299576699404
176 -1.9121299576699404
177 -1.9121299576699404
178 -1.9121299576699404
179 -1.9121299576699404
180 -1.9121299576699404
181 -1.9121299576699404
182 -1.9121299576699404
183 -1.9121299576699404
184 -1.9121299576699404
185 -1.9121299576699404
186 -1.9121299576699404
187 -1.9121299576699404
188 -1.9121299576699404
189 -1.9121299576699404
190 -1.9121299576699404
191 -1.9121299576699404
192 -1.9121299576699404
193 -1.9121299576699404
194 -1.9121299576699404
195 -1.9121299576699404
196 -1.9121299576699404
197 -1.9121299576699404
198 -1.9121299576699404
199 -1.9121299576699404
200 -1.9121299576699404
201 -1.9121299576699404
202 -1.9121299576699404
203 -1.9121299576699404
204 -1.9121299576699404
205 -1.9121299576699404
206 -1.9121299576699404
207 -1.9121299576699404
208 -1.9121299576699404
209 -1.9121299576699404
210 -1.9121299576699404
211 -1.9121299576699404
212 -1.9121299576699404
213 -1.9121299576699404
214 -1.9121299576699404
215 -1.9121299576699404
216 -1.9121299576699404
217 -1.9121299576699404
218 -1.9121299576699404
219 -1.9121299576699404
220 -1.9121299576699404
221 -1.9121299576699404
222 -1.9121299576699404
223 -1.9121299576699404
224 -1.9121299576699404
225 -1.9121299576699404
226 -1.9121299576699404
227 -1.9121299576699404
228 -1.9121299576699404
229 -1.9121299576699404
230 -1.9121299576699404
231 -1.9121299576699404
232 -1.9121299576699404
233 -1.9121299576699404
234 -1.9121299576699404
235 -1.9121299576699404
236 -1.9121299576699404
237 -1.9121299576699404
238 -1.9121299576699404
239 -1.9121299576699404
240 -1.9121299576699404
241 -1.9121299576699404
242 -1.9121299576699404
243 -1.9121299576699404
244 -1.9121299576699404
245 -1.9121299576699404
246 -1.9121299576699404
247 -1.9121299576699404
248 -1.9121299576699404
249 -1.9121299576699404
250 -1.9121299576699404
251 -1.9121299576699404
252 -1.9121299576699404
253 -1.9121299576699404
254 -1.9121299576699404
255 -1.9121299576699404
256 -1.9121299576699404
257 -1.9121299576699404
258 -1.9121299576699404
259 -1.9121299576699404
260 -1.9121299576699404
261 -1.9121299576699404
262 -1.9122566352003947
263 -1.9122566352003947
264 -1.9122566352003947
265 -1.9122566352003947
266 -1.9122566352003947
267 -1.9122566352003947
268 -1.9122566352003947
269 -1.9122566352003947
270 -1.9122566352003947
271 -1.9122566352003947
272 -1.9122566352003947
273 -1.9122566352003947
274 -1.9122566352003947
275 -1.9122566352003947
276 -1.9122566352003947
277 -1.9122566352003947
278 -1.9122566352003947
279 -1.9122566352003947
280 -1.9126626574526417
281 -1.9126626574526417
282 -1.9126626574526417
283 -1.9126626574526417
284 -1.9126626574526417
285 -1.9126626574526417
286 -1.9126626574526417
287 -1.9126626574526417
288 -1.9126626574526417
289 -1.9126626574526417
290 -1.9126626574526417
291 -1.9126626574526417
292 -1.9126626574526417
293 -1.9126626574526417
294 -1.9126626574526417
295 -1.9126626574526417
296 -1.9126626574526417
297 -1.9126626574526417
298 -1.9126626574526417
299 -1.9126626574526417
300 -1.9126626574526417
301 -1.9126626574526417
302 -1.9126626574526417
303 -1.9126626574526417
304 -1.9126626574526417
305 -1.9126626574526417
306 -1.9126626574526417
307 -1.9126626574526417
308 -1.9126626574526417
309 -1.9126626574526417
310 -1.9126626574526417
311 -1.9126626574526417
312 -1.9126626574526417
313 -1.9126626574526417
314 -1.9126626574526417
315 -1.9126626574526417
316 -1.9126626574526417
317 -1.9126626574526417
318 -1.9126626574526417
319 -1.9126626574526417
320 -1.9126626574526417
321 -1.9126626574526417
322 -1.9126626574526417
323 -1.9126626574526417
324 -1.9126626574526417
325 -1.9126626574526417
326 -1.9126626574526417
327 -1.9126626574526417
328 -1.9126626574526417
329 -1.9126626574526417
330 -1.9126626574526417
331 -1.9126626574526417
332 -1.9126626574526417
333 -1.9126626574526417
334 -1.9126626574526417
335 -1.9126626574526417
336 -1.9126626574526417
337 -1.9126626574526417
338 -1.9126626574526417
339 -1.9126626574526417
340 -1.9126626574526417
341 -1.9126626574526417
342 -1.9126626574526417
343 -1.9126626574526417
344 -1.9126626574526417
345 -1.9126626574526417
346 -1.9126626574526417
347 -1.9126626574526417
348 -1.9126626574526417
349 -1.9126626574526417
350 -1.9126626574526417
351 -1.9126626574526417
352 -1.9126626574526417
353 -1.9126626574526417
354 -1.9126626574526417
355 -1.9126626574526417
356 -1.9126626574526417
357 -1.9126626574526417
358 -1.9126626574526417
359 -1.9126626574526417
360 -1.9126626574526417
361 -1.9126626574526417
362 -1.9126626574526417
363 -1.9126626574526417
364 -1.9126626574526417
365 -1.9126626574526417
366 -1.9126626574526417
367 -1.9126626574526417
368 -1.9126626574526417
369 -1.9126626574526417
370 -1.9126626574526417
371 -1.9126626574526417
372 -1.9126626574526417
373 -1.9126626574526417
374 -1.9126626574526417
375 -1.9126626574526417
376 -1.9126626574526417
377 -1.9126626574526417
378 -1.9126626574526417
379 -1.9126626574526417
380 -1.9126626574526417
381 -1.9126626574526417
382 -1.9126626574526417
383 -1.9126626574526417
384 -1.9126626574526417
385 -1.9126626574526417
386 -1.9126626574526417
387 -1.9126626574526417
388 -1.9126626574526417
389 -1.9126626574526417
390 -1.9126626574526417
391 -1.9126626574526417
392 -1.9126626574526417
393 -1.9126626574526417
394 -1.9126626574526417
395 -1.9126626574526417
396 -1.9126626574526417
397 -1.9126626574526417
398 -1.9126626574526417
399 -1.9126626574526417
400 -1.9126626574526417
401 -1.9126626574526417
402 -1.9126626574526417
403 -1.9126626574526417
404 -1.9126626574526417
405 -1.9126626574526417
406 -1.9126626574526417
407 -1.9126626574526417
408 -1.9126626574526417
409 -1.9126626574526417
410 -1.9126626574526417
411 -1.9126626574526417
412 -1.9126626574526417
413 -1.9126626574526417
414 -1.9126626574526417
415 -1.9126626574526417
416 -1.9126626574526417
417 -1.9126626574526417
418 -1.9126626574526417
419 -1.9126626574526417
420 -1.9126626574526417
421 -1.9126626574526417
422 -1.9126626574526417
423 -1.9126626574526417
424 -1.9126626574526417
425 -1.9126626574526417
426 -1.9126626574526417
427 -1.9126626574526417
428 -1.9126626574526417
429 -1.9126626574526417
430 -1.9126626574526417
431 -1.9126626574526417
432 -1.9126626574526417
433 -1.913193218993439
434 -1.913193218993439
435 -1.913193218993439
436 -1.913193218993439
437 -1.913193218993439
438 -1.913193218993439
439 -1.913193218993439
440 -1.913193218993439
441 -1.913193218993439
442 -1.913193218993439
443 -1.913193218993439
444 -1.913193218993439
445 -1.913193218993439
446 -1.913193218993439
447 -1.913193218993439
448 -1.913193218993439
449 -1.913193218993439
450 -1.913193218993439
451 -1.913193218993439
452 -1.913193218993439
453 -1.913193218993439
454 -1.913193218993439
455 -1.913193218993439
456 -1.913193218993439
457 -1.913193218993439
458 -1.913193218993439
459 -1.913193218993439
460 -1.913193218993439
461 -1.913193218993439
462 -1.913193218993439
463 -1.913193218993439
464 -1.913193218993439
465 -1.913193218993439
466 -1.913193218993439
467 -1.913193218993439
468 -1.913193218993439
469 -1.913193218993439
470 -1.913193218993439
471 -1.913193218993439
472 -1.913193218993439
473 -1.913193218993439
474 -1.913193218993439
475 -1.913193218993439
476 -1.913193218993439
477 -1.913193218993439
478 -1.913193218993439
479 -1.913193218993439
480 -1.913193218993439
481 -1.913193218993439
482 -1.913193218993439
483 -1.913193218993439
484 -1.913193218993439
485 -1.913193218993439
486 -1.913193218993439
487 -1.913193218993439
488 -1.913193218993439
489 -1.913193218993439
490 -1.913193218993439
491 -1.913193218993439
492 -1.913193218993439
493 -1.913193218993439
494 -1.913193218993439
495 -1.913193218993439
496 -1.913193218993439
497 -1.913193218993439
498 -1.913193218993439
499 -1.913193218993439
500 -1.913193218993439
501 -1.913193218993439
502 -1.913193218993439
503 -1.913193218993439
504 -1.913193218993439
505 -1.913193218993439
506 -1.913193218993439
507 -1.913193218993439
508 -1.913193218993439
509 -1.913193218993439
510 -1.913193218993439
511 -1.913193218993439
512 -1.913193218993439
513 -1.913193218993439
514 -1.913193218993439
515 -1.913193218993439
516 -1.913193218993439
517 -1.913193218993439
518 -1.913193218993439
519 -1.913193218993439
520 -1.913193218993439
521 -1.913193218993439
522 -1.913193218993439
523 -1.913193218993439
524 -1.913193218993439
525 -1.913193218993439
526 -1.913193218993439
527 -1.913193218993439
528 -1.913193218993439
529 -1.913193218993439
530 -1.913193218993439
531 -1.913193218993439
532 -1.913193218993439
533 -1.913193218993439
534 -1.913193218993439
535 -1.913193218993439
536 -1.913193218993439
537 -1.913193218993439
538 -1.913193218993439
539 -1.913193218993439
540 -1.913193218993439
541 -1.913193218993439
542 -1.913193218993439
543 -1.913193218993439
544 -1.913193218993439
545 -1.913193218993439
546 -1.913193218993439
547 -1.913193218993439
548 -1.913193218993439
549 -1.913193218993439
550 -1.913193218993439
551 -1.913193218993439
552 -1.913193218993439
553 -1.913193218993439
554 -1.913193218993439
555 -1.913193218993439
556 -1.913193218993439
557 -1.913193218993439
558 -1.913193218993439
559 -1.913193218993439
560 -1.913193218993439
561 -1.913193218993439
562 -1.913193218993439
563 -1.913193218993439
564 -1.913193218993439
565 -1.913193218993439
566 -1.913193218993439
567 -1.913193218993439
568 -1.913193218993439
569 -1.913193218993439
570 -1.913193218993439
571 -1.913193218993439
572 -1.913193218993439
573 -1.913193218993439
574 -1.913193218993439
575 -1.913193218993439
576 -1.913193218993439
577 -1.913193218993439
578 -1.913193218993439
579 -1.913193218993439
580 -1.913193218993439
581 -1.913193218993439
582 -1.913193218993439
583 -1.913193218993439
584 -1.913193218993439
585 -1.913193218993439
586 -1.913193218993439
587 -1.913193218993439
588 -1.913193218993439
589 -1.913193218993439
590 -1.913193218993439
591 -1.913193218993439
592 -1.913193218993439
593 -1.913193218993439
594 -1.913193218993439
595 -1.913193218993439
596 -1.913193218993439
597 -1.913193218993439
598 -1.913193218993439
599 -1.913193218993439
600 -1.913193218993439
601 -1.913193218993439
602 -1.913193218993439
603 -1.913193218993439
604 -1.913193218993439
605 -1.913193218993439
606 -1.913193218993439
607 -1.913193218993439
608 -1.913193218993439
609 -1.913193218993439
610 -1.913193218993439
611 -1.913193218993439
612 -1.913193218993439
613 -1.913193218993439
614 -1.913193218993439
615 -1.913193218993439
616 -1.913193218993439
617 -1.913193218993439
618 -1.913193218993439
619 -1.913193218993439
620 -1.913193218993439
621 -1.913193218993439
622 -1.913193218993439
623 -1.913193218993439
624 -1.913193218993439
625 -1.913193218993439
626 -1.913193218993439
627 -1.913193218993439
628 -1.913193218993439
629 -1.913193218993439
630 -1.913193218993439
631 -1.913193218993439
632 -1.913193218993439
633 -1.913193218993439
634 -1.913193218993439
635 -1.913193218993439
636 -1.913193218993439
637 -1.913193218993439
638 -1.913193218993439
639 -1.913193218993439
640 -1.913193218993439
641 -1.913193218993439
642 -1.913193218993439
643 -1.913193218993439
644 -1.913193218993439
645 -1.913193218993439
646 -1.913193218993439
647 -1.913193218993439
648 -1.913193218993439
649 -1.913193218993439
650 -1.913193218993439
651 -1.913193218993439
652 -1.913193218993439
653 -1.913193218993439
654 -1.913193218993439
655 -1.913193218993439
656 -1.913193218993439
657 -1.913193218993439
658 -1.913193218993439
659 -1.913193218993439
660 -1.913193218993439
661 -1.913193218993439
662 -1.913193218993439
663 -1.913193218993439
664 -1.913193218993439
665 -1.913193218993439
666 -1.913193218993439
667 -1.913193218993439
668 -1.913193218993439
669 -1.913193218993439
670 -1.913193218993439
671 -1.913193218993439
672 -1.913193218993439
673 -1.913193218993439
674 -1.913193218993439
675 -1.913193218993439
676 -1.913193218993439
677 -1.913193218993439
678 -1.913193218993439
679 -1.913193218993439
680 -1.913193218993439
681 -1.913193218993439
682 -1.913193218993439
683 -1.913193218993439
684 -1.913193218993439
685 -1.913193218993439
686 -1.913193218993439
687 -1.913193218993439
688 -1.913193218993439
689 -1.913193218993439
690 -1.913193218993439
691 -1.913193218993439
692 -1.913193218993439
693 -1.913193218993439
694 -1.913193218993439
695 -1.913193218993439
696 -1.913193218993439
697 -1.913193218993439
698 -1.913193218993439
699 -1.913193218993439
700 -1.913193218993439
701 -1.913193218993439
702 -1.913193218993439
703 -1.913193218993439
704 -1.913193218993439
705 -1.913193218993439
706 -1.913193218993439
707 -1.913193218993439
708 -1.913193218993439
709 -1.913193218993439
710 -1.913193218993439
711 -1.913193218993439
712 -1.913193218993439
713 -1.913193218993439
714 -1.913193218993439
715 -1.913193218993439
716 -1.913193218993439
717 -1.913193218993439
718 -1.913193218993439
719 -1.913193218993439
720 -1.913193218993439
721 -1.913193218993439
722 -1.913193218993439
723 -1.913193218993439
724 -1.913193218993439
725 -1.913193218993439
726 -1.913193218993439
727 -1.913193218993439
728 -1.913193218993439
729 -1.913193218993439
730 -1.913193218993439
731 -1.913193218993439
732 -1.913193218993439
733 -1.913193218993439
734 -1.913193218993439
735 -1.913193218993439
736 -1.913193218993439
737 -1.913193218993439
738 -1.913193218993439
739 -1.913193218993439
740 -1.913193218993439
741 -1.913193218993439
742 -1.913193218993439
743 -1.913193218993439
744 -1.913193218993439
745 -1.913193218993439
746 -1.913193218993439
747 -1.913193218993439
748 -1.913193218993439
749 -1.913193218993439
750 -1.913193218993439
751 -1.913193218993439
752 -1.913193218993439
753 -1.913193218993439
754 -1.913193218993439
755 -1.913193218993439
756 -1.913193218993439
757 -1.913193218993439
758 -1.913193218993439
759 -1.913193218993439
760 -1.913193218993439
761 -1.913193218993439
762 -1.913193218993439
763 -1.913193218993439
764 -1.913193218993439
765 -1.913193218993439
766 -1.913193218993439
767 -1.913193218993439
768 -1.913193218993439
769 -1.913193218993439
770 -1.913193218993439
771 -1.913193218993439
772 -1.913193218993439
773 -1.913193218993439
774 -1.913193218993439
775 -1.913193218993439
776 -1.913193218993439
777 -1.913193218993439
778 -1.913193218993439
779 -1.913193218993439
780 -1.913193218993439
781 -1.913193218993439
782 -1.913193218993439
783 -1.913193218993439
784 -1.913193218993439
785 -1.913193218993439
786 -1.913193218993439
787 -1.913193218993439
788 -1.913193218993439
789 -1.913193218993439
790 -1.913193218993439
791 -1.913193218993439
792 -1.913193218993439
793 -1.913193218993439
794 -1.913193218993439
795 -1.913193218993439
796 -1.913193218993439
797 -1.913193218993439
798 -1.913193218993439
799 -1.913193218993439
800 -1.913193218993439
801 -1.913193218993439
802 -1.913193218993439
803 -1.913193218993439
804 -1.913193218993439
805 -1.913193218993439
806 -1.913193218993439
807 -1.913193218993439
808 -1.913193218993439
809 -1.913193218993439
810 -1.913193218993439
811 -1.913193218993439
812 -1.913193218993439
813 -1.913193218993439
814 -1.913193218993439
815 -1.913193218993439
816 -1.913193218993439
817 -1.913193218993439
818 -1.913193218993439
819 -1.913193218993439
820 -1.913193218993439
821 -1.913193218993439
822 -1.913193218993439
823 -1.913193218993439
824 -1.913193218993439
825 -1.913193218993439
826 -1.913193218993439
827 -1.913193218993439
828 -1.913193218993439
829 -1.913193218993439
830 -1.913193218993439
831 -1.913193218993439
832 -1.913193218993439
833 -1.913193218993439
834 -1.913193218993439
835 -1.913193218993439
836 -1.913193218993439
837 -1.913193218993439
838 -1.913193218993439
839 -1.913193218993439
840 -1.913193218993439
841 -1.913193218993439
842 -1.913193218993439
843 -1.913193218993439
844 -1.913193218993439
845 -1.913193218993439
846 -1.913193218993439
847 -1.913193218993439
848 -1.913193218993439
849 -1.913193218993439
850 -1.913193218993439
851 -1.913193218993439
852 -1.913193218993439
853 -1.913193218993439
854 -1.913193218993439
855 -1.913193218993439
856 -1.913193218993439
857 -1.913193218993439
858 -1.913193218993439
859 -1.913193218993439
860 -1.913193218993439
861 -1.913193218993439
862 -1.913193218993439
863 -1.913193218993439
864 -1.913193218993439
865 -1.913193218993439
866 -1.913193218993439
867 -1.913193218993439
868 -1.913193218993439
869 -1.913193218993439
870 -1.913193218993439
871 -1.913193218993439
872 -1.913193218993439
873 -1.913193218993439
874 -1.913193218993439
875 -1.913193218993439
876 -1.913193218993439
877 -1.913193218993439
878 -1.913193218993439
879 -1.913193218993439
880 -1.913193218993439
881 -1.913193218993439
882 -1.913193218993439
883 -1.913193218993439
884 -1.913193218993439
885 -1.913193218993439
886 -1.913193218993439
887 -1.913193218993439
888 -1.913193218993439
889 -1.913193218993439
890 -1.913193218993439
891 -1.913193218993439
892 -1.913193218993439
893 -1.913193218993439
894 -1.913193218993439
895 -1.913193218993439
896 -1.913193218993439
897 -1.913193218993439
898 -1.913193218993439
899 -1.913193218993439
900 -1.913193218993439
901 -1.913193218993439
902 -1.913193218993439
903 -1.913193218993439
904 -1.913193218993439
905 -1.913193218993439
906 -1.913193218993439
907 -1.913193218993439
908 -1.913193218993439
909 -1.913193218993439
910 -1.913193218993439
911 -1.913193218993439
912 -1.913193218993439
913 -1.913193218993439
914 -1.913193218993439
915 -1.913193218993439
916 -1.913193218993439
917 -1.913193218993439
918 -1.913193218993439
919 -1.913193218993439
920 -1.913193218993439
921 -1.913193218993439
922 -1.913193218993439
923 -1.913193218993439
924 -1.913193218993439
925 -1.913193218993439
926 -1.913193218993439
927 -1.913193218993439
928 -1.913193218993439
929 -1.913193218993439
930 -1.913193218993439
931 -1.913193218993439
932 -1.913193218993439
933 -1.913193218993439
934 -1.913193218993439
935 -1.913193218993439
936 -1.913193218993439
937 -1.913193218993439
938 -1.913193218993439
939 -1.913193218993439
940 -1.913193218993439
941 -1.913193218993439
942 -1.913193218993439
943 -1.913193218993439
944 -1.913193218993439
945 -1.913193218993439
946 -1.913193218993439
947 -1.913193218993439
948 -1.913193218993439
949 -1.913193218993439
950 -1.913193218993439
951 -1.913193218993439
952 -1.913193218993439
953 -1.913193218993439
954 -1.913193218993439
955 -1.913193218993439
956 -1.913193218993439
957 -1.913193218993439
958 -1.913193218993439
959 -1.913193218993439
960 -1.913193218993439
961 -1.913193218993439
962 -1.913193218993439
963 -1.913193218993439
964 -1.913193218993439
965 -1.913193218993439
966 -1.913193218993439
967 -1.913193218993439
968 -1.913193218993439
969 -1.913193218993439
970 -1.913193218993439
971 -1.913193218993439
972 -1.913193218993439
973 -1.913193218993439
974 -1.913193218993439
975 -1.913193218993439
976 -1.913193218993439
977 -1.913193218993439
978 -1.913193218993439
979 -1.913193218993439
980 -1.913193218993439
981 -1.913193218993439
982 -1.913193218993439
983 -1.913193218993439
984 -1.913193218993439
985 -1.913193218993439
986 -1.913193218993439
987 -1.913193218993439
988 -1.913220898081088
989 -1.913220898081088
990 -1.913220898081088
991 -1.913220898081088
992 -1.913220898081088
993 -1.913220898081088
994 -1.913220898081088
995 -1.913220898081088
996 -1.913220898081088
997 -1.913220898081088
998 -1.913220898081088
999 -1.913220898081088
1000 -1.913220898081088
