1 6.7143138875346
2 8.3884734696366
3 7.090499509747517
4 7.340711665269702
5 8.507532288580165
6 8.61303430316929
7 6.936808947152154
8 8.004973221682683
9 7.6562439997717835
10 7.779590233719101
11 7.970987474636661
12 8.37104559326973
13 7.743191078304753
14 8.799497939428319
15 8.435282267763956
16 7.05823173108795
17 7.021057602657178
18 8.835308536007462
19 7.292100876381373
20 8.347730831443037
21 7.421910432255918
22 9.902859555921555
23 6.416130988147515
24 7.132567594883974
25 8.576838446764603
26 7.734116189449808
27 8.440326528426091
28 8.338790039587195
29 8.345888770396895
30 8.836565996508948
31 7.07759226993977
32 8.723956057565603
33 8.863667943125495
34 7.601676060226571
35 7.297416900231662
36 8.52353405794411
37 8.519031887281644
38 8.182905215138701
39 7.858100078004949
40 8.807579797216873
41 7.3193822158042705
42 7.392555439277916
43 7.958707257311614
44 7.4492360207607975
45 8.497111516668104
46 7.170688258195664
47 7.504425742379571
48 9.052885474618435
49 8.267497287069144
50 8.242458651520067
51 8.699638729181698
52 8.540246817351496
53 8.730650640743022
54 8.283067726528843
55 9.059555986501868
56 8.656841562044177
57 8.810092342062749
58 8.372200308508775
59 7.073170752485696
60 9.671266085071405
61 7.4828213561321215
62 8.347143122582839
63 6.429269354059148
64 7.495835805299356
65 6.530183733888925
66 7.148306527860689
67 6.812051815619432
68 7.671031671959644
69 7.75471966177271
70 8.473870214586709
71 7.41055730598119
72 8.863726973798046
73 7.886839838058707
74 7.9491350843938395
75 8.370079982839155
76 8.450984690656874
77 9.446055050208766
78 8.830267558288583
79 6.970843357436304
80 7.785231498719508
81 7.8174315994549195
82 6.799886617943697
83 7.6544410795875875
84 8.26284420333298
85 7.649673738671385
86 9.25124475566897
87 8.134738430332563
88 8.072998049632611
89 8.656319979107794
90 8.450264052336042
91 7.015801684306358
92 8.21126413671727
93 8.20819023046898
94 8.476510851646772
95 6.942295757891254
96 9.06778235933417
97 7.957761388951942
98 8.849930552549496
99 7.661924749249242
100 7.946431398246532
101 9.103936566612791
102 7.1969312500839955
103 7.542726555065546
104 7.5944218341249
105 8.731957532223683
106 7.578070282138663
107 6.772168170043298
108 9.432031232459199
109 8.228826091077744
110 8.347437453420326
111 9.015951810557848
112 8.856009250581014
113 5.772988607999457
114 9.4030364358153
115 8.902029041518785
116 8.358282272346003
117 7.774377181353598
118 9.008127799724468
119 6.952970205546573
120 8.75872806611624
121 6.970201150684035
122 9.218952319766222
123 8.324719989687534
124 8.7461351776667
125 9.288947539691453
126 5.717389383913409
127 10.331994473282633
128 7.2675484789623574
129 6.932681271736528
130 9.282168753760237
131 7.0155733749863405
132 7.640760679671269
133 8.757745147283085
134 8.515603392310522
135 9.30337671542002
136 7.562640451101735
137 7.864150297602217
138 7.114670700773401
139 8.14946519331347
140 9.333850684982652
141 8.443611606801236
142 8.851951659943573
143 7.13738397582838
144 7.238200008522617
145 7.700100564660911
146 8.653295023475929
147 8.240778091893546
148 7.778678109551442
149 7.690639397966183
150 7.341770343434077
151 7.472419909179244
152 9.263687839350006
153 7.988782733177663
154 7.9548736365145585
155 8.227864870167595
156 6.911095508517837
157 8.382229990199455
158 7.571716182471631
159 8.1342856990437
160 8.171563475422532
161 8.553710461930681
162 8.053140041299686
163 7.076817174256169
164 8.749128797748613
165 8.27597783683533
166 7.668650299342636
167 8.784479458630345
168 6.821789423645936
169 9.036465788032997
170 8.79315530741157
171 7.3111593811983235
172 7.16244468330858
173 7.738403695653694
174 8.859807014372695
175 8.381109577298643
176 8.497354244858712
177 7.711165010232831
178 8.610581782580203
179 7.581944280673217
180 8.819832669461533
181 9.251938840878966
182 7.819936483089153
183 8.158378080355693
184 8.101092846884471
185 8.365187120013179
186 8.3719395790495
187 8.80256435047836
188 8.59015035490103
189 6.3253067707975115
190 7.019910221724227
191 8.075614850576196
192 7.867240873892594
193 8.181161738681363
194 8.115597135101048
195 8.681200253081816
196 8.433341849113773
197 7.816171045220114
198 8.908860427708062
199 8.649695300375463
200 8.757551491171858
201 7.462652013513422
202 6.94502630244828
203 8.137974897776703
204 8.303533779361757
205 8.355185657244999
206 8.957656943420613
207 7.61358205710641
208 9.385431503687094
209 8.918343252785657
210 9.07794029069798
211 7.7874255122884195
212 6.847471751590422
213 7.584809663492728
214 8.417524880211479
215 8.434142547725033
216 8.852288236017403
217 7.938486416046712
218 9.296363076404372
219 8.362632331278936
220 6.674130027700436
221 8.6735410611433
222 8.75284134557775
223 8.651663483690298
224 8.194479160981201
225 8.26497721650636
226 8.876179795129337
227 9.555203327106097
228 6.8418042624172974
229 8.464821534943995
230 7.957356203594348
231 8.309673849621383
232 9.02568872238668
233 7.772440855135474
234 7.763280278123755
235 6.873467201701289
236 7.196793995307313
237 8.348837652443718
238 8.145377035259854
239 8.624049341921292
240 8.405879985632618
241 8.090370256514968
242 6.012513262551724
243 8.455692584516932
244 6.918752452086363
245 7.081712353071857
246 9.046239541704258
247 8.002524910992303
248 8.512773897798242
249 8.01989619242427
250 9.405416319205704
251 8.189556556030194
252 5.9710840570612795
253 7.331590727248429
254 7.864824442899756
255 8.374642834331702
256 7.928626291188525
257 7.134467789214795
258 7.0312871796431216
259 8.18785125772352
260 8.045669935450759
261 7.882938597328247
262 7.723529783014684
263 8.22029243458649
264 8.34643685914565
265 8.545972183301242
266 7.9290806631201916
267 7.1413750715557285
268 9.072889361314287
269 7.508465219635061
270 8.735457581529545
271 8.177365490191573
272 7.359516591246388
273 7.714270560955361
274 7.9295183406313825
275 7.16808672916896
276 9.725200748920154
277 7.214266931918521
278 7.895582704869749
279 6.4722670315127475
280 6.279639285939539
281 9.768498044085428
282 8.22274690746939
283 7.5747501975253195
284 7.378561306592086
285 7.146781801933557
286 9.20685638866537
287 9.116611083054819
288 6.745344708310402
289 8.098174940487466
290 8.247319952940035
291 7.325139147174552
292 8.902357085579984
293 9.571461577403639
294 6.133557653530741
295 9.21549947025901
296 7.707420103990183
297 7.86649704119707
298 6.94687214597692
299 9.519950255283002
300 7.449905403453786
301 8.144752725608507
302 7.156674046258367
303 7.886707019544294
304 7.627334057627122
305 8.043971896187323
306 7.490045817962589
307 8.37233460825707
308 7.757496009929894
309 7.889941423794156
310 7.118144979587368
311 8.071160591370111
312 7.574131779113734
313 9.42300764087685
314 8.874090366300043
315 8.001232183575437
316 8.305912691352711
317 6.675284993422971
318 7.980022338733332
319 8.22110619278203
320 7.698741895174153
321 9.419346634179302
322 8.099411220118558
323 9.200028879838742
324 8.432322065758111
325 7.467767078691974
326 7.815077745392077
327 7.593191944530946
328 7.625054100714866
329 9.258678996004804
330 8.232686837573791
331 7.467646704231803
332 7.871547358445641
333 8.25892190783765
334 8.683389073185522
335 9.533898390913697
336 9.022013470285522
337 9.296199283635364
338 9.289460936181783
339 7.90488140279068
340 9.034967186741598
341 7.008262823305638
342 8.972380732730773
343 6.809339058753864
344 7.934125369120772
345 8.167632775903915
346 6.712901289592484
347 7.934080524057002
348 7.73475948023371
349 7.677820410788283
350 7.510595956523623
351 8.588694829740627
352 6.665364739735044
353 8.978460451292117
354 8.418413525772085
355 8.057011753150741
356 6.410674479299802
357 7.503739189976427
358 6.729035505300965
359 8.797127062581243
360 7.43680072311921
361 8.386679691767915
362 7.2567130078531354
363 8.111022007004904
364 6.9772256970486195
365 6.539162186559418
366 7.777998767308271
367 7.136320015842274
368 7.758361898113733
369 9.066140858811458
370 7.487920360242942
371 8.205538879040411
372 8.921461265315127
373 6.181354540405177
374 9.287878668407512
375 8.811871340091825
376 8.750952105985629
377 7.8535866375104355
378 8.326544136583005
379 7.610935478704878
380 7.289867598213792
381 7.329507957704857
382 7.896372928174094
383 7.737649371723044
384 7.592429869799639
385 8.349060434242022
386 8.332318158044531
387 7.569821998469966
388 8.187887278168036
389 9.350971016676555
390 7.528819622000159
391 7.645882865379058
392 8.034294301245897
393 7.938504667879396
394 8.687566249196282
395 8.02175989150588
396 7.855671035745734
397 8.081589641989444
398 8.830899054534289
399 8.959190274971156
400 7.7471170160988505
401 7.855049239833629
402 8.144068785075735
403 7.326713120971076
404 8.624512638070856
405 6.855280286271934
406 8.36322586309755
407 7.83211528759933
408 7.1285335781531165
409 8.59985841196401
410 7.378512732765199
411 7.561535722271049
412 7.52754421133432
413 7.392484761433723
414 7.994129106507535
415 8.799078342569638
416 7.940112529370697
417 9.68055027283383
418 8.83762358662739
419 7.2470497179096265
420 8.450335494839798
421 8.821390370823716
422 7.9663653923073845
423 8.012123175008574
424 6.739764363312894
425 7.6453407909655535
426 8.769583601712121
427 7.885044801233285
428 9.18818212094438
429 7.501144918119851
430 7.940621859139043
431 8.848782285532407
432 6.710799647868752
433 7.976665969481929
434 8.862273099633253
435 7.405445867947497
436 9.26363083385367
437 7.947113833863749
438 8.385858514077633
439 8.042576268161953
440 8.08623653077745
441 8.995098040013092
442 8.209673803724508
443 6.80935825756193
444 7.694720101042405
445 8.699746717335119
446 8.716831228667019
447 7.812301104227152
448 10.298222285687205
449 6.677751559914288
450 8.175435275504988
451 8.882254867265733
452 8.637108993483176
453 8.647277129578102
454 9.199167566168105
455 7.906017957691178
456 8.450695187406136
457 7.90258885161454
458 9.01576562379268
459 8.403877751502096
460 9.18207059271114
461 8.102081493006814
462 7.441269301232459
463 6.805493184853655
464 7.48244886839195
465 7.30175567233725
466 8.226762937660487
467 8.361410787640628
468 7.6157544320714905
469 7.181697191312104
470 8.709803787086873
471 7.961622476438386
472 8.728188157167027
473 7.607980875106957
474 7.911738888443842
475 9.019448802646938
476 9.324979205690118
477 8.058073370589474
478 7.095200562236175
479 9.611367929787646
480 7.927595742551959
481 8.466383530957758
482 8.603880242852505
483 8.93919048493005
484 8.065566179110801
485 8.31284423485507
486 8.927576970189351
487 7.962790550199177
488 8.518094076848493
489 7.791949642416846
490 7.788515746177804
491 8.99138461212266
492 9.009964102867627
493 8.382831317112094
494 8.630690860258904
495 7.990747582213521
496 8.574474968814476
497 8.055840773520815
498 7.803996641833662
499 8.325626226015407
500 8.154613055275952
501 8.077213089295475
502 7.833965420914633
503 8.000103308551868
504 7.40057674983903
505 7.377863372657535
506 8.658467394643196
507 7.422997710388204
508 9.284405672461538
509 8.567927382037094
510 9.043108886462734
511 8.583676130523106
512 9.770902008561452
513 6.77755316694613
514 9.44314770177125
515 8.048616581992395
516 7.916682080192487
517 6.835937741518308
518 8.626562146004673
519 6.7817998529885495
520 6.824364285088177
521 7.8261263732852715
522 8.488176569768381
523 7.2292508249129925
524 7.558538321305479
525 7.653495956500343
526 8.62319767234911
527 7.136595492733967
528 7.9476590917712
529 8.221244509495437
530 8.726065435869115
531 7.7929643816347225
532 7.664672823523012
533 9.341962502683483
534 8.05863978715117
535 6.349771370686372
536 8.579614388703753
537 9.23031948048929
538 7.581938309801874
539 7.846737679800412
540 7.950558531620843
541 7.311579609840159
542 7.486421841643317
543 8.419025870796473
544 7.5680018647809595
545 9.699403575512102
546 7.694106400342228
547 8.726603761728494
548 9.387893744047155
549 7.761744719327136
550 7.624919736790251
551 9.22789558279407
552 7.57266350019778
553 7.4824313538656115
554 8.252519660976251
555 7.735672177156245
556 8.711523746686419
557 8.397155341921385
558 10.081997992287011
559 8.726675656524568
560 7.080261105459381
561 7.318775493010733
562 7.593307174484518
563 9.245110956992647
564 7.991094196690348
565 8.41280283439024
566 7.701743167852619
567 9.219346689673287
568 7.142050943060547
569 7.654029298151349
570 7.944143335369452
571 8.893731359441675
572 9.067487320784924
573 6.6632507200286195
574 7.690611418002079
575 8.498061688976831
576 8.669830519755072
577 7.667272869285037
578 9.156096959492281
579 7.187067304428618
580 9.70165294751415
581 7.9589336628223855
582 9.11261037110574
583 9.03252433965291
584 9.052008219327373
585 7.587988915797627
586 8.321598476433218
587 7.506201190494515
588 8.709837633696175
589 6.567916286116508
590 7.7840469908496726
591 8.467204700155666
592 8.5861880975812
593 8.515632817233126
594 7.704693457221085
595 7.595799243970592
596 8.652598550254776
597 7.528885381670637
598 8.846598400387176
599 8.361775797899336
600 7.700036492371862
601 7.974755412493521
602 7.494399301852692
603 7.362586974157244
604 9.474137867584638
605 7.9782471382614535
606 6.935369816841879
607 7.914924708893126
608 8.455440828836034
609 6.809278607788808
610 7.259846034377317
611 7.80398297877545
612 7.488038707172926
613 8.160658892485651
614 7.76308199767675
615 8.02198326195516
616 7.608405917025571
617 8.391935257315547
618 8.091531139726733
619 9.224716913666024
620 7.713953148905499
621 7.547958844291506
622 7.601985530536817
623 8.921406791756814
624 8.394778629912125
625 8.182318947112714
626 8.178655473544861
627 8.655013804939784
628 7.941862555780832
629 6.783973836131505
630 7.536235299917055
631 8.62080231414085
632 8.07270104641183
633 8.180244108868187
634 7.744148294309131
635 8.773236663940917
636 7.464329842860084
637 9.004567829111336
638 7.67652608103164
639 7.8435054832777675
640 7.137395775864597
641 9.364664492462584
642 8.994679938824163
643 8.950432788662692
644 8.6479896333863
645 7.855696126537281
646 8.833549151400241
647 8.171927005448632
648 7.381488041320998
649 8.2623574073507
650 8.193760095102506
651 7.913384327881536
652 7.8779939172985
653 8.148157092336659
654 7.741525671420777
655 8.316976699359984
656 7.795173334228376
657 8.266040175369515
658 7.749455249178948
659 6.666989569676789
660 8.010735061010028
661 8.714224678390853
662 8.38365404966833
663 7.132145726702887
664 7.2430562087071175
665 7.764213364122824
666 9.053029497829172
667 7.554955570679857
668 7.947736874340128
669 9.098040124791265
670 8.179875483212125
671 8.771161692801057
672 8.850022248043052
673 8.555313999948005
674 8.338382271353895
675 8.107805203673557
676 8.227582998038889
677 7.497421375333331
678 8.097620514805792
679 9.58670129748889
680 7.20231525216459
681 9.081585187020298
682 7.786786477328025
683 7.556211961140279
684 8.211751784329342
685 8.241541306679842
686 7.748035762571153
687 8.723781653508249
688 8.917376376746516
689 7.895764985737347
690 8.99603121154699
691 7.332548172485102
692 8.428909474442412
693 7.146696720320521
694 8.489069354520547
695 7.414764217744205
696 8.288546565288012
697 7.709403687811102
698 8.414168012708723
699 8.163745427462766
700 6.7322412161336
701 8.4907090567469
702 7.452766321192102
703 7.662255378471947
704 8.823252486509292
705 8.439848736572458
706 7.176263178851823
707 9.12646869896294
708 8.38895283604074
709 8.043546663665271
710 7.216787159595687
711 8.318576062007873
712 6.615318630357409
713 8.31664350064038
714 8.947612298125378
715 8.044612254231557
716 7.442318145334507
717 7.427206922320049
718 7.44025478662276
719 7.827226567992445
720 8.025878724268027
721 8.331008669505552
722 8.107546174565135
723 9.206276997219378
724 7.383092852409936
725 7.701537772881267
726 7.351170592297723
727 8.811861805679063
728 7.891509857718446
729 9.052959059340152
730 7.775147678622233
731 8.788644267683164
732 7.770906574864435
733 8.216820097283412
734 8.66232741002519
735 8.62882560130795
736 8.571011479645362
737 9.423749002020077
738 7.396343564409282
739 7.484363373238598
740 7.396135984799416
741 7.972599563732663
742 7.995331931984868
743 8.964367334570753
744 7.4805691934616085
745 8.852685123782468
746 8.926483635987921
747 6.911911839492358
748 7.613562460259947
749 6.791529762056759
750 8.090931082865996
751 7.210228073396471
752 9.101439259044463
753 8.168258681072233
754 7.416646721813321
755 9.050235512462661
756 9.098369935171991
757 7.9324454894364
758 8.771196193387865
759 8.871801590236482
760 6.111063808662473
761 8.610863088473039
762 8.77799193158705
763 8.321092528802541
764 9.612619216438238
765 8.021928601435972
766 7.962673238491195
767 8.585034224120486
768 8.75180227510895
769 8.218410638607711
770 8.821001297417926
771 7.000255227577729
772 6.967136768088936
773 8.890212908360686
774 7.62078517286186
775 8.537330317933158
776 7.605183753359717
777 8.177681069843464
778 8.267127948930998
779 9.676235517559732
780 7.848721916482609
781 8.977082521211354
782 8.228605120914423
783 9.006723364660408
784 8.000077112904032
785 7.792189340554427
786 7.742282067308239
787 8.592283416358534
788 8.651203622235341
789 9.558271162095766
790 9.162301909342844
791 7.717717694835924
792 8.565475628966023
793 7.660315482820421
794 8.248251894901276
795 8.756733126905663
796 9.921127657264876
797 8.199706056139538
798 6.993818856205341
799 8.101365825389909
800 8.290352140419762
801 7.494270177937528
802 7.527942588517825
803 8.824626316636566
804 7.775252087921352
805 7.025853969865824
806 8.944486892743717
807 8.944797344085389
808 9.472992400611487
809 8.1602083021112
810 7.62477584473186
811 7.568366732842841
812 7.831024533870469
813 7.608284432836058
814 8.198622644967276
815 7.63183631079581
816 7.786919174459998
817 6.95551537164391
818 8.425125316207517
819 9.329740275914352
820 8.343029874720319
821 6.967588959252842
822 7.689240693360909
823 6.823747041739955
824 8.66978120322484
825 8.538875817598441
826 8.292935945504606
827 9.063962695490664
828 8.63140013635757
829 7.293817254728951
830 7.367554801795332
831 8.836401047687641
832 7.78995822802033
833 7.38248193982058
834 9.212478685346394
835 9.30737276291239
836 8.617607431437527
837 7.708488196970331
838 8.73089285105843
839 8.896681175582687
840 6.575061424673124
841 8.629854448952896
842 9.143126478562504
843 7.5999265869745996
844 7.7059846985637614
845 7.866640245905157
846 7.653653745927033
847 6.598374744289032
848 6.81007789154617
849 8.14677948058859
850 8.322205103060272
851 9.296132780910453
852 7.819615817049179
853 6.685979287964449
854 9.020608752135361
855 7.967030162565641
856 8.855461647607893
857 8.785505352016253
858 7.9915879552993765
859 7.893299130328897
860 6.665898810456065
861 9.814884271103686
862 7.960208494148903
863 6.944908305496552
864 6.823977003018016
865 8.51444973172448
866 7.6228060968696525
867 7.230792872784723
868 8.21092135003717
869 8.303912491348466
870 8.722050837049274
871 7.297014576710586
872 8.525028041490382
873 6.997533593017812
874 9.182145592015813
875 8.088559797651028
876 7.55611606159621
877 10.379322032312292
878 6.590631193613608
879 8.793735708190674
880 7.017308971286178
881 8.491731150305323
882 8.015685629270083
883 6.506827453490293
884 8.282911050587431
885 8.225955083842496
886 7.940215338430456
887 8.533077984255938
888 8.530042176369513
889 8.772759047867597
890 7.277457409326364
891 8.236411132056285
892 8.604628052965726
893 7.305384395727337
894 8.595087701599088
895 7.261851019283583
896 7.078429282355434
897 8.622920000365955
898 7.955428773864802
899 9.640158263953465
900 7.488204098918383
901 7.522191117894161
902 8.390633476018733
903 8.156030194992043
904 8.569156421872762
905 7.722466089056204
906 8.688568213380094
907 8.379209380942235
908 8.770048488301379
909 6.770290306213412
910 9.703593858218538
911 8.869056919943558
912 8.03732367411065
913 7.911612884315496
914 8.632694072541572
915 8.187392038554446
916 8.37795328789274
917 7.64155938166213
918 9.372793108462803
919 7.809905398717492
920 8.070729309182324
921 6.05522021635502
922 8.050967210675045
923 7.350956433129672
924 7.811668566349287
925 8.940986199520207
926 7.2235269193545895
927 8.292532012289525
928 6.865585425692965
929 9.247158543993207
930 8.131638116205863
931 9.497996322377517
932 7.703924187270654
933 7.844803397238446
934 7.574410732679074
935 8.583022520750323
936 8.466859518522647
937 8.703508622576052
938 8.069871552528902
939 7.4623412906931295
940 7.4973560092035205
941 6.8438078856191815
942 7.500085075810443
943 8.077152754542375
944 7.961099880528476
945 9.122728274932772
946 8.131583122166628
947 8.104257357143384
948 8.271945748996782
949 8.278209185496593
950 9.103960171918589
951 7.649192204647829
952 7.687066913996057
953 6.700338461214834
954 8.40119021997946
955 7.385984700963846
956 8.512095590221648
957 8.080178785734791
958 7.279329962136721
959 8.63751141609842
960 7.734652805587117
961 8.432443618183097
962 7.400160027834116
963 8.629897313798343
964 8.87066468734658
965 8.604381772260732
966 8.482995661832014
967 8.935587977272432
968 8.649702637460496
969 7.44677816452907
970 7.709726121334361
971 7.441839813923417
972 8.395113010316562
973 8.068193502211033
974 8.563630843962203
975 8.896144119699963
976 8.011973204057393
977 8.519742821604266
978 8.244334844117184
979 8.680681941905517
980 7.587293043123659
981 9.586541779206247
982 8.078573895913436
983 9.785542208061376
984 9.297524902621038
985 8.71053210169557
986 9.597226089041976
987 8.236986650405358
988 7.705093560236413
989 7.920811567927393
990 8.97894423291723
991 7.182913999172597
992 6.589192106833439
993 9.093364851304523
994 7.09547711134299
995 7.965439602868006
996 7.25792768475468
997 8.587647518299537
998 6.930848048605345
999 7.435110721092831
1000 7.59884973650261
