1 6.3270642917897995
2 6.815279748747125
3 6.599882883828559
4 6.266900356183952
5 6.6252747710723785
6 6.243326174736684
7 7.004797085056393
8 6.615518044749848
9 6.690599135115763
10 6.608501895507488
11 6.674444022352472
12 6.08789005936287
13 6.546849168293418
14 6.589802304052486
15 6.71446421358192
16 6.630531528230009
17 6.5685731713100575
18 6.288268512722535
19 6.131699675396481
20 6.857583432088086
21 6.789826833864666
22 6.0055990572432885
23 6.633474131609791
24 6.548998481745936
25 6.474801305849506
26 6.596259801767852
27 6.667463881446165
28 6.815351609092655
29 6.527948373302023
30 6.200753784749577
31 6.1753965222940295
32 6.82945113344742
33 6.283485823287298
34 6.713001579491462
35 6.359604633475259
36 6.5926402500959815
37 6.617205628164137
38 7.012415004301362
39 6.944767612006382
40 7.292477543894767
41 6.403506417334287
42 6.568436433342149
43 6.300507434196866
44 6.561502758930012
45 6.7580192282426665
46 6.525622245039772
47 6.860706948850657
48 6.636723179846133
49 6.826023654654697
50 5.955361302919897
51 6.823555123140892
52 6.909060155475027
53 6.667852478926421
54 6.775403584481313
55 6.792222359430142
56 6.842833365056216
57 6.713082301982641
58 6.687659107766469
59 6.80896825772002
60 6.411550656812218
61 6.546619061303482
62 6.47776839060175
63 6.264497375572992
64 6.534476893247172
65 6.512103643202239
66 6.665758700632929
67 6.540090659762786
68 6.527739413501044
69 6.220923123011213
70 6.265799374120701
71 6.778494416729138
72 6.902087462763744
73 6.224104637514937
74 6.891439457196094
75 6.321002147258605
76 6.383892062554146
77 6.821354319563023
78 6.462871094832799
79 6.523349543247103
80 6.858121234319529
81 6.964722027102371
82 6.463469966683304
83 6.219931830918622
84 6.566220049322588
85 6.802565657477536
86 6.978341287022396
87 6.666119659278978
88 6.258330667465316
89 6.933437437941944
90 6.4775970995264585
91 6.616458039926316
92 6.414387751237944
93 6.167327103832332
94 6.448883473328497
95 6.263880926715012
96 6.437887975142442
97 6.775942572162507
98 6.567353173926949
99 6.617596528001292
100 6.5602644648933515
101 6.8864787418624855
102 6.697097277752218
103 7.031256003093048
104 6.55001364988901
105 6.46375798427121
106 6.620583269643619
107 6.489872964186664
108 6.830564482295497
109 6.478318999716825
110 6.248792893186908
111 6.494424408362933
112 6.465661860880559
113 6.475240014649685
114 6.439278451795628
115 6.719159959629411
116 6.541927898087081
117 6.438088945847983
118 6.5516693910832675
119 6.963206359699438
120 6.774611311677234
121 6.770054156909099
122 6.304774510264938
123 6.387076244821228
124 6.43970371264911
125 6.417882558649717
126 6.465847833305615
127 6.399908631900772
128 6.695494519454638
129 6.704268315754897
130 6.326932600952139
131 6.486226477371139
132 6.834487060997639
133 6.768991479885377
134 6.610188412582811
135 6.067290941394809
136 6.179738756799753
137 7.0120344247702855
138 6.252775214078578
139 6.732072260961221
140 6.470935388742528
141 6.624780785021274
142 6.616110845450341
143 7.028139634642383
144 6.585570320685386
145 6.314866738851492
146 6.7681878928887755
147 6.660573927823733
148 6.6393612484195765
149 6.339062199516405
150 6.546927890030978
151 6.376170959941541
152 6.933702618755264
153 6.74001930101682
154 6.7695271836205055
155 6.74504013947698
156 6.387187371660693
157 6.335398724589114
158 6.855030138394934
159 6.671533668115088
160 6.9437571910339395
161 6.422997866909843
162 6.089958258790938
163 6.469994673839572
164 6.470742977587383
165 6.328677252398729
166 6.454398209866298
167 6.836652384699647
168 6.385399185187573
169 6.3644929205621645
170 6.6160943153581195
171 6.817053015920683
172 6.795219794693539
173 6.930792878782875
174 6.968743540890208
175 6.625548769225023
176 6.562335218285703
177 6.313164491143173
178 6.597288926890033
179 6.630151349477609
180 6.792293467572962
181 6.428782183478304
182 6.817553241632732
183 6.716767558466065
184 6.834054082506691
185 7.001649381451061
186 6.813216884895997
187 6.71474776944415
188 6.252663552814585
189 6.379219091786157
190 6.430320167584432
191 6.698776792188663
192 6.510606094657345
193 6.5535817579683915
194 6.172151191896774
195 6.943004281885861
196 6.512556998673139
197 6.514024375082888
198 6.511337396843028
199 6.835884463724378
200 6.684635038534014
201 6.469033668920583
202 6.6452804377931844
203 6.277859015871494
204 6.381995383978307
205 6.807630788893891
206 6.596248965588893
207 6.616462201828391
208 6.800869972627497
209 6.614246871465728
210 6.502492401691729
211 6.67763159431554
212 6.282605557174256
213 6.457506162918668
214 6.4513338210503735
215 6.484683898306554
216 6.4891744688819415
217 6.699686499001611
218 6.542596932503534
219 6.772383563969404
220 6.602048382022661
221 6.653707005566617
222 6.240145857476034
223 6.587296205238324
224 6.60086873483323
225 6.729277484760821
226 6.315832321103711
227 6.7242466156089415
228 6.922288964298052
229 6.777805863375737
230 6.769707095063113
231 6.497163432250145
232 6.6790343174526665
233 6.618238288368644
234 6.50438224601279
235 6.765372003052925
236 6.331964452709695
237 6.797168034296654
238 6.454593519193333
239 7.10617823600405
240 6.449389562769714
241 6.432086964102498
242 6.682318369748298
243 6.728239323859187
244 6.67962394143309
245 6.616487062986135
246 6.631365598155819
247 6.508237814860901
248 6.421268848012974
249 6.299149859031606
250 6.772777297508088
251 6.6979866070930285
252 6.745361848714142
253 6.697893722289125
254 7.274573803800309
255 6.873990331630621
256 7.010771622691658
257 6.510548020357533
258 6.589880313152269
259 6.76730788573276
260 6.536747162440317
261 6.280967983467571
262 6.535929104994348
263 6.765190372633438
264 6.921201956370406
265 6.223760519498659
266 6.78372109017703
267 6.77436718576419
268 6.384562289596066
269 6.758427847699443
270 6.815472391667541
271 6.77699125743179
272 6.385809280029721
273 6.10916697600079
274 6.586546439713431
275 6.412204460832787
276 6.274450193334487
277 6.311579992156838
278 6.213166936452554
279 6.62516593049596
280 6.955303661548906
281 6.779025796613541
282 6.395994714404842
283 6.5793641836245955
284 6.438191391284257
285 7.226760529579383
286 6.658035238870515
287 6.658554459117686
288 6.254041046393274
289 6.691656974700899
290 6.763277163638679
291 6.230682152796278
292 6.908089189938019
293 6.219496146948788
294 6.871793097453143
295 6.594644738083405
296 6.753802090899037
297 6.871801736762532
298 6.471023478938032
299 6.748626361319974
300 6.36869349024236
301 6.576063324890105
302 7.115218584889762
303 6.698726177656438
304 6.504464125538401
305 6.870663479667579
306 6.586186834086242
307 6.585733772059819
308 6.723994415638273
309 6.499867508633338
310 6.6177489016656175
311 6.592744089583226
312 6.55319270012155
313 6.839055985758346
314 6.505520623819432
315 6.560287727570737
316 6.389811021711707
317 6.43124050938083
318 6.768805764566905
319 6.440654360356082
320 6.556979816465827
321 6.619009191463887
322 6.867215184016057
323 6.742084493429618
324 6.614114990583258
325 6.765075212006096
326 6.4200439797317665
327 6.482386255256894
328 6.632439204593238
329 6.747389719259458
330 6.559366376951026
331 6.606950153534179
332 6.753116116667313
333 6.8915810523016745
334 6.202808123704192
335 6.770960174380616
336 6.961725253069455
337 6.831423800008011
338 6.159231123815468
339 6.73965054582471
340 6.274108364311408
341 6.409974625021383
342 6.750872451728966
343 6.394095981488967
344 6.228357771011878
345 6.415611288274313
346 5.966704770641519
347 6.703805214488141
348 6.390904246720379
349 7.033356643812956
350 6.364367950669419
351 6.534465136139396
352 6.26982276786018
353 6.774862693786343
354 6.947638344183546
355 6.583791805096518
356 6.546077985448052
357 6.378413633476036
358 6.655490668580212
359 7.057129151850357
360 6.734496341510321
361 6.572048146515898
362 6.163519516986618
363 6.712544260970813
364 6.344365186677599
365 6.7161054450830635
366 6.4743047526418795
367 6.730008827093574
368 6.497532354053286
369 6.963771227287717
370 6.5211143540119245
371 6.761940384789832
372 6.352560358938221
373 6.514071735885695
374 6.484146720862921
375 6.3834787237397235
376 6.4841814951691115
377 6.42856193277643
378 6.2892160057217605
379 6.875833939861603
380 6.476772136688838
381 6.099330546747134
382 6.532416798660928
383 6.513830498790173
384 7.045719235451674
385 6.434361024513531
386 6.443471955243889
387 6.65600168918782
388 6.362799554528385
389 6.724901669616287
390 6.629372785020157
391 6.386339972575318
392 6.474009929364285
393 6.703843280207388
394 6.408748871623991
395 6.320706247646513
396 6.146767058961566
397 6.232666132480506
398 6.854639071901949
399 6.308250142856624
400 6.245258063650935
401 6.49223446088132
402 6.710255630478181
403 6.75613222355462
404 6.287829002001578
405 6.381841737443862
406 6.269573096780137
407 6.045885136829666
408 6.532658730974751
409 6.356026507787244
410 6.603907115875929
411 7.053221347131101
412 6.785210682025983
413 6.443201744530625
414 6.42813290087019
415 6.447844293851985
416 6.564527694390122
417 6.623044025716472
418 6.572812238576331
419 6.635152221156217
420 6.415961641590492
421 7.216292632827624
422 6.324412703137227
423 6.8822251880389524
424 6.844344364865779
425 6.582266078160344
426 6.481145488411017
427 6.296069208590072
428 6.519512441764593
429 6.400127263434
430 6.709759640300898
431 6.701899419882702
432 6.87540403763171
433 6.292936731754124
434 6.81376300239559
435 7.045992143063155
436 6.578684335971955
437 6.076778916436531
438 7.0221777457099055
439 6.577020380553178
440 6.195114884247538
441 6.530954413466757
442 6.704263717854745
443 6.779339244404749
444 6.413946110709632
445 6.6899408853327555
446 6.313444665379802
447 6.48227249655712
448 6.749125573399104
449 7.119200600846437
450 6.632401642862809
451 6.624645300772959
452 7.017835478523036
453 6.898112727619335
454 6.68339478706205
455 6.516814940098735
456 6.700222331634468
457 6.781057019724249
458 6.949087913868441
459 6.842131890392334
460 6.067495739478869
461 6.8395417176063065
462 6.979529243434656
463 6.55154761494677
464 6.6549665388305055
465 6.544294930093965
466 6.332881861403886
467 6.642720973865951
468 6.638067799584453
469 6.536904947075944
470 6.789133956403724
471 6.554317363146425
472 6.315342560904377
473 6.826860147258132
474 6.375553531730447
475 6.2028356351969505
476 6.851398420147085
477 6.2374330861603635
478 6.509674412986124
479 6.610802925555452
480 6.439806848228937
481 6.77777227720036
482 6.910320434079965
483 6.959388580880886
484 6.4961469921191295
485 6.254463738703552
486 6.906841188247199
487 6.636675027064867
488 6.8343911438079825
489 6.6080245337044365
490 6.40003823304606
491 6.407397631740335
492 6.363492674841607
493 6.474384310373207
494 6.615521875248131
495 6.737557929836508
496 7.021129263473892
497 6.559332144932714
498 6.810372806049233
499 7.159188550012881
500 6.541886956526975
501 6.623454072720166
502 6.136225457281178
503 6.550871499643032
504 6.823935467019466
505 6.703467994170738
506 6.854789739144233
507 6.336940755821599
508 6.7612326809326415
509 6.574481583975125
510 6.990380714922105
511 6.764013832978024
512 6.701984802666285
513 6.720693013007583
514 6.7110512597365775
515 6.591058969656804
516 6.361706520340645
517 6.4209448455126
518 5.98209054274489
519 6.7849548279987735
520 6.892859220982772
521 6.754329526470353
522 6.573399322954115
523 6.28556000871337
524 6.657580714350043
525 6.6449408359060635
526 6.596303187167342
527 6.876581265680123
528 6.444026983151349
529 6.322712465320875
530 6.4391913618665075
531 7.077073618688201
532 6.3745776097510625
533 6.060590611258701
534 6.362475544066448
535 6.613384203054256
536 6.581896392461714
537 6.744205088625921
538 6.418259719670154
539 6.986758407784647
540 6.928783315253193
541 6.6186458816001705
542 6.7968086364046485
543 6.655101508532502
544 6.969895518667954
545 6.675692802936483
546 6.841428292511865
547 7.031503806993359
548 6.487566736472744
549 6.32893708473474
550 6.382766971775315
551 6.6099458113212854
552 6.994346234168222
553 6.597094316006313
554 6.31394831636542
555 6.437082643439914
556 6.816625380692433
557 6.272840179979307
558 6.69356343780751
559 6.320434644688461
560 6.741123339926731
561 6.279941769554227
562 6.336887682227684
563 6.41576817199723
564 6.90583105600365
565 6.634379425531959
566 6.483794197039505
567 6.369972228829008
568 7.001009443590767
569 7.158263445390821
570 6.785512842629451
571 6.5131686769651385
572 6.76265247083282
573 6.805706424107694
574 6.681143182155869
575 6.635988325823084
576 6.980375348636371
577 6.333079777368077
578 6.768534538122205
579 6.6432078627369755
580 6.961824786643953
581 6.619429941101981
582 6.215398626292482
583 6.571972211681674
584 6.467425676198844
585 6.879367442393964
586 6.45146955175823
587 6.4748433998805135
588 7.048139644656835
589 6.951665359223487
590 6.658357615558836
591 6.504532402780936
592 6.363755783402487
593 6.46438319475667
594 6.561706119408203
595 6.845383466360161
596 6.566499846521036
597 6.386580655312308
598 6.863763179791315
599 6.5740958924016555
600 6.718171438286323
601 6.2552805246600345
602 6.200353322546141
603 6.95970870296451
604 6.571662390660621
605 6.747930104485055
606 5.901129455435475
607 6.722835852841268
608 6.6505843684480315
609 6.500115351640369
610 6.866224510202741
611 7.045283594241428
612 6.473333223610973
613 6.665993712163287
614 6.760939473055698
615 6.238925720731796
616 6.412752151111755
617 6.144992080766891
618 7.023746291271255
619 6.772984309550866
620 6.562552097733041
621 6.757360893958673
622 6.881314715195542
623 6.3828627956589425
624 6.629138479697477
625 6.442109726527378
626 6.780362282377215
627 6.725013277140527
628 6.62046891202374
629 7.150882460734043
630 6.961456918531876
631 6.488827105696372
632 6.412092789438102
633 6.647526407540767
634 6.534358923008313
635 6.399401026511765
636 6.3181148266231375
637 6.716855565998654
638 6.591612669198716
639 6.745409356109511
640 6.883204455259553
641 6.8135813691037095
642 6.44567308080243
643 6.216940335041024
644 6.659928614804076
645 6.910513156839976
646 6.1934384308505575
647 6.382765274582556
648 6.18503863884714
649 6.84302124947276
650 6.541925216179639
651 6.601956363410041
652 6.955073168702352
653 6.994955371513166
654 6.955641621150892
655 6.524660945991085
656 6.7749893959956236
657 6.473190799847533
658 6.702990489554126
659 6.919763166934854
660 6.512537044086708
661 7.031642542497004
662 6.664893882542505
663 6.524129592571692
664 6.8663655745366885
665 6.61881207958201
666 7.330394978181815
667 6.6982072530370145
668 6.750996592312078
669 6.749492875635575
670 6.539808411385411
671 6.359531432069904
672 6.145912595691249
673 6.844584645331682
674 6.9765785053455085
675 6.4523781912188864
676 6.745673062182126
677 6.2036031199929695
678 6.4099933605370065
679 6.5675642239813214
680 6.7926992878254895
681 6.744700916493018
682 6.341355366879428
683 6.437557010678575
684 6.490902441757812
685 6.480791868235814
686 6.4665369939177655
687 6.927292800627661
688 6.831596945452753
689 6.911316786957661
690 7.030940732933189
691 6.253392223256538
692 7.182230535205699
693 6.968661952794284
694 6.359304724782354
695 6.343756840176529
696 6.571659417697478
697 6.607669094410414
698 6.517803392428616
699 6.714882342286565
700 6.79179501918965
701 6.867528529740871
702 6.55529009988956
703 6.395286304055457
704 6.910310246122496
705 7.129859681536458
706 6.6149710491559395
707 6.7007235209183
708 6.264903114360244
709 6.468886457722373
710 6.2312457670024815
711 6.579179841500543
712 6.297580408901082
713 6.798380972779152
714 6.778197650251178
715 6.63053991751128
716 6.534431313996676
717 6.620946775591765
718 6.393877700176973
719 6.760823239600896
720 6.5750217624708185
721 6.333222996686102
722 6.915096844288816
723 6.5201191162730625
724 6.982628806075729
725 6.413602280768786
726 6.631576859247973
727 6.472554191833177
728 7.157270284777741
729 6.31753452786046
730 6.516213875045993
731 6.804215921886054
732 6.403058982108228
733 6.3076819617254625
734 6.378204929596317
735 6.64964566782593
736 6.872530199679801
737 6.874551383190657
738 6.673251465521771
739 6.698674518271217
740 6.459302239421272
741 6.2747640605496775
742 6.78531696383852
743 6.860853032836632
744 6.259244584271123
745 6.629939025029136
746 6.638679891085548
747 6.2532668695908
748 6.738958719106798
749 6.485122525067341
750 6.437094649542861
751 6.523245559611102
752 6.842180221132002
753 6.3838183985744
754 6.8177632836893975
755 6.043770218650202
756 6.6296536475683645
757 6.403888994804889
758 6.342100371754886
759 6.4695334612869155
760 6.280031878630707
761 6.559935950396731
762 6.449359896572353
763 6.27144606861299
764 6.363662055204159
765 6.483374839282293
766 6.334691314794261
767 6.258319819251618
768 6.547170415326367
769 7.190281305804357
770 6.751959784707643
771 6.49986985061356
772 6.567059497830499
773 6.543752489921609
774 7.250352821065875
775 6.566339306919752
776 6.395618904504889
777 6.8407985477863
778 6.506576765313509
779 6.721878294248674
780 6.403540844242565
781 6.964864291117928
782 6.218254190298823
783 6.331672300240199
784 6.595510110948473
785 6.610089736973147
786 6.7921562169899055
787 6.315991171280955
788 7.228625398698825
789 6.798481543770386
790 6.723743159833751
791 6.773914570599127
792 6.64353789905254
793 6.62592534062503
794 6.512720188317085
795 6.262612785871361
796 6.621646926404444
797 6.82139831958116
798 6.229640454526119
799 6.2346878253260805
800 7.372128007498977
801 6.0416289779082435
802 6.257016146023924
803 6.399150960292424
804 6.71055409688386
805 6.493574891392872
806 6.300702407456737
807 6.72955635296855
808 6.877233442343033
809 6.413522211724987
810 6.376127351573432
811 6.474795011887318
812 6.263041730238954
813 6.518157110455907
814 6.389453530825971
815 7.0067424704182155
816 6.504430465970017
817 6.6716350520343655
818 6.636180232749352
819 6.482203575887133
820 6.535609202070347
821 6.5484644745477585
822 6.54728978462081
823 6.746964885542206
824 6.766915224588909
825 6.667278360556489
826 6.653418734358263
827 6.572266142582885
828 6.713367563827195
829 6.6421697323459785
830 6.238856020015515
831 6.969017267751458
832 6.339363100893015
833 6.396148393270947
834 6.306116163215705
835 6.714884201023355
836 6.655696749116785
837 6.501762785135367
838 6.5343731289911355
839 6.738489794694224
840 6.350466581933208
841 6.720643986811511
842 6.835905472840806
843 6.66414762677582
844 6.4915222122026135
845 6.573407006249074
846 6.6011613836298775
847 6.3380771729537635
848 6.225170493864342
849 6.612260765648423
850 6.420005918498835
851 6.388023869819157
852 6.295345020560133
853 6.681385037497584
854 6.951336514818708
855 6.292954901600377
856 6.681628021338763
857 6.67528828949937
858 6.5938780216283615
859 6.667557340184729
860 6.41860569455716
861 6.924911245304186
862 6.492838958222915
863 6.413938752262809
864 6.435373062427282
865 6.470394496912456
866 6.310924191538238
867 6.307188567143414
868 6.825719690733948
869 6.689577745554927
870 6.152250462565019
871 6.341572957934629
872 6.490522490155181
873 6.474066052027958
874 6.023631971972361
875 6.2363531386421664
876 6.6289941337868346
877 6.1257472798757355
878 6.414085382860225
879 6.214214852010293
880 6.692536072364988
881 6.607682326655593
882 6.5279422804974665
883 6.586846186142439
884 6.508337799659401
885 6.400571091643815
886 6.739734591820778
887 6.245090420155164
888 6.339501453504244
889 6.633905566492234
890 6.390618910817647
891 6.565507405279015
892 6.169954814958925
893 6.631192429699124
894 6.574191507333029
895 6.232223339048422
896 6.363596589520912
897 6.868359786264583
898 6.857429523641784
899 6.265235767707747
900 6.479212925911766
901 6.273303583193423
902 6.628931204835431
903 6.407972923796375
904 6.206315492782346
905 6.832489793789642
906 6.2653211490120535
907 6.609163150161516
908 6.930874736616504
909 6.379108398684378
910 6.5165533977606165
911 6.471825524113321
912 6.352506097588541
913 6.937503399822307
914 6.246233987392086
915 6.686093057475766
916 6.3917155477795315
917 6.632275253876563
918 6.569836729667516
919 6.925976922588854
920 6.6858299932662
921 6.697958482695145
922 6.543686880968599
923 6.487806645931027
924 6.303909588047107
925 6.139561640846341
926 6.035394415693145
927 6.526197295004428
928 6.235902992615983
929 6.755523873701378
930 6.4689109823794135
931 6.8785914513234125
932 6.511444471056113
933 6.936473372456976
934 6.962692126729605
935 6.484177964113151
936 6.4906318775785214
937 6.289401444030732
938 6.857117098480474
939 6.826506292057031
940 6.583930901152411
941 6.598875009116533
942 6.625915094709088
943 6.408963897053283
944 6.552518990990308
945 6.0009474081095995
946 6.554563733838742
947 6.633077536096094
948 6.717703733231601
949 6.351145731156042
950 6.697205482740497
951 6.899561788022287
952 6.881019402695676
953 6.5992221343531625
954 6.982817073130242
955 6.883384220503016
956 6.770204947063112
957 6.151491770440647
958 6.8533860668706525
959 6.1839352956921285
960 6.953757356724729
961 6.7340543257842365
962 7.058037778486177
963 6.60358973162671
964 6.578256118526397
965 6.597600082738109
966 6.650840291274315
967 6.705962950547946
968 7.001042744689295
969 6.8497865594706155
970 6.613422582962071
971 6.625878836222526
972 6.586787876969156
973 6.757242503482707
974 6.442368476067069
975 6.2547677960219294
976 7.196107898499185
977 6.550884442237959
978 6.88197075482615
979 6.652269604306729
980 6.702506911359964
981 6.549446865723819
982 6.687330851973778
983 6.910186435274428
984 6.4267702755894796
985 6.96768562488156
986 6.519676703369799
987 6.959026486286759
988 6.817579873080545
989 6.546079505749854
990 6.586848721244675
991 6.444813346485347
992 6.584950092022416
993 6.536137243316652
994 6.848850608802828
995 6.783821573920529
996 6.580911766607738
997 6.493328898880165
998 6.924966849985827
999 6.8503873933819195
1000 6.849320530884046
