1 -1.89233995679776
2 -1.89233995679776
3 -1.9010544554160727
4 -1.903353246240734
5 -1.903353246240734
6 -1.903353246240734
7 -1.903353246240734
8 -1.903353246240734
9 -1.9059025821017102
10 -1.9064751559407878
11 -1.9064751559407878
12 -1.9111532145285093
13 -1.9111532145285093
14 -1.9112280672315336
15 -1.9112280672315336
16 -1.9112280672315336
17 -1.911449058974188
18 -1.911449058974188
19 -1.911449058974188
20 -1.9129290845109228
21 -1.9129290845109228
22 -1.9129290845109228
23 -1.9129940882799468
24 -1.9129940882799468
25 -1.9129940882799468
26 -1.9129940882799468
27 -1.9129940882799468
28 -1.9129940882799468
29 -1.9129940882799468
30 -1.9129940882799468
31 -1.9129940882799468
32 -1.9129940882799468
33 -1.9129940882799468
34 -1.9129940882799468
35 -1.9129940882799468
36 -1.9129940882799468
37 -1.9129940882799468
38 -1.9129940882799468
39 -1.9129940882799468
40 -1.9129940882799468
41 -1.9129940882799468
42 -1.9129940882799468
43 -1.9129940882799468
44 -1.9129940882799468
45 -1.9129940882799468
46 -1.9129940882799468
47 -1.9129940882799468
48 -1.9129940882799468
49 -1.9129940882799468
50 -1.9129940882799468
51 -1.9129940882799468
52 -1.9129940882799468
53 -1.9129940882799468
54 -1.9129940882799468
55 -1.9129940882799468
56 -1.9129940882799468
57 -1.9129940882799468
58 -1.9129940882799468
59 -1.9129940882799468
60 -1.9129940882799468
61 -1.9129940882799468
62 -1.9129940882799468
63 -1.9129940882799468
64 -1.9129940882799468
65 -1.9129940882799468
66 -1.9129940882799468
67 -1.9129940882799468
68 -1.9129940882799468
69 -1.9129940882799468
70 -1.9129940882799468
71 -1.9129940882799468
72 -1.9129940882799468
73 -1.9129940882799468
74 -1.9129940882799468
75 -1.9129940882799468
76 -1.9131189009348155
77 -1.9131189009348155
78 -1.9131189009348155
79 -1.9131189009348155
80 -1.9131189009348155
81 -1.9131189009348155
82 -1.9131189009348155
83 -1.9131189009348155
84 -1.9131189009348155
85 -1.9131189009348155
86 -1.9131189009348155
87 -1.9131189009348155
88 -1.9131189009348155
89 -1.9131189009348155
90 -1.9131189009348155
91 -1.9131189009348155
92 -1.9131189009348155
93 -1.9131189009348155
94 -1.9131189009348155
95 -1.9131189009348155
96 -1.9131189009348155
97 -1.9131189009348155
98 -1.9131189009348155
99 -1.9131189009348155
100 -1.9131189009348155
101 -1.9131189009348155
102 -1.9131189009348155
103 -1.9131189009348155
104 -1.9131189009348155
105 -1.9131189009348155
106 -1.9131189009348155
107 -1.9131189009348155
108 -1.9131189009348155
109 -1.9131189009348155
110 -1.9131189009348155
111 -1.9131189009348155
112 -1.9131189009348155
113 -1.9131189009348155
114 -1.9131189009348155
115 -1.9131189009348155
116 -1.9131189009348155
117 -1.9131189009348155
118 -1.9131189009348155
119 -1.9131189009348155
120 -1.9131189009348155
121 -1.9131189009348155
122 -1.9131189009348155
123 -1.9131189009348155
124 -1.9131189009348155
125 -1.9131189009348155
126 -1.9131189009348155
127 -1.9131189009348155
128 -1.9131189009348155
129 -1.9131189009348155
130 -1.9131189009348155
131 -1.9131189009348155
132 -1.9131189009348155
133 -1.9131189009348155
134 -1.9131189009348155
135 -1.9131189009348155
136 -1.9131189009348155
137 -1.9131189009348155
138 -1.9131189009348155
139 -1.9131189009348155
140 -1.9131189009348155
141 -1.9131189009348155
142 -1.9131189009348155
143 -1.9131189009348155
144 -1.9131189009348155
145 -1.9131189009348155
146 -1.9131189009348155
147 -1.9131189009348155
148 -1.9131189009348155
149 -1.9131189009348155
150 -1.9131189009348155
151 -1.9131189009348155
152 -1.9131189009348155
153 -1.9131189009348155
154 -1.9131189009348155
155 -1.9131189009348155
156 -1.9131189009348155
157 -1.9131189009348155
158 -1.9131189009348155
159 -1.9131189009348155
160 -1.9131189009348155
161 -1.9131189009348155
162 -1.9131189009348155
163 -1.9131189009348155
164 -1.9131189009348155
165 -1.9131189009348155
166 -1.9131189009348155
167 -1.9131189009348155
168 -1.9131189009348155
169 -1.9131189009348155
170 -1.9131189009348155
171 -1.9131189009348155
172 -1.9131189009348155
173 -1.9131189009348155
174 -1.9131189009348155
175 -1.9131189009348155
176 -1.9131189009348155
177 -1.9131189009348155
178 -1.9131189009348155
179 -1.9131189009348155
180 -1.9131189009348155
181 -1.9131189009348155
182 -1.9131189009348155
183 -1.9131189009348155
184 -1.9131189009348155
185 -1.9131189009348155
186 -1.9131189009348155
187 -1.9131189009348155
188 -1.9131189009348155
189 -1.9131189009348155
190 -1.9131189009348155
191 -1.9131189009348155
192 -1.9131189009348155
193 -1.9131189009348155
194 -1.9131189009348155
195 -1.9131189009348155
196 -1.9131189009348155
197 -1.9131189009348155
198 -1.9131189009348155
199 -1.9131189009348155
200 -1.9131189009348155
201 -1.9131189009348155
202 -1.9131189009348155
203 -1.9131189009348155
204 -1.9131189009348155
205 -1.9131189009348155
206 -1.9131189009348155
207 -1.9131189009348155
208 -1.9131189009348155
209 -1.9131189009348155
210 -1.9131189009348155
211 -1.9131189009348155
212 -1.9131189009348155
213 -1.9131189009348155
214 -1.9131189009348155
215 -1.9131189009348155
216 -1.9131189009348155
217 -1.9131189009348155
218 -1.9131189009348155
219 -1.9131189009348155
220 -1.9131189009348155
221 -1.9131189009348155
222 -1.9131189009348155
223 -1.9131189009348155
224 -1.9131189009348155
225 -1.9131189009348155
226 -1.9131189009348155
227 -1.9131189009348155
228 -1.9131189009348155
229 -1.9131189009348155
230 -1.9131189009348155
231 -1.9131189009348155
232 -1.9131189009348155
233 -1.9131189009348155
234 -1.9131189009348155
235 -1.9131189009348155
236 -1.9131189009348155
237 -1.9131189009348155
238 -1.9131189009348155
239 -1.9131189009348155
240 -1.9131189009348155
241 -1.9131189009348155
242 -1.9131189009348155
243 -1.9131189009348155
244 -1.9131189009348155
245 -1.9131189009348155
246 -1.9131189009348155
247 -1.9131189009348155
248 -1.9131189009348155
249 -1.9131189009348155
250 -1.9131189009348155
251 -1.9131189009348155
252 -1.9131189009348155
253 -1.9131189009348155
254 -1.9131189009348155
255 -1.9131189009348155
256 -1.9131189009348155
257 -1.9131189009348155
258 -1.9131189009348155
259 -1.9131189009348155
260 -1.9131189009348155
261 -1.9131189009348155
262 -1.9131189009348155
263 -1.9131189009348155
264 -1.9131189009348155
265 -1.9131189009348155
266 -1.9131189009348155
267 -1.9131189009348155
268 -1.9131189009348155
269 -1.9131189009348155
270 -1.9131189009348155
271 -1.9131189009348155
272 -1.9131189009348155
273 -1.9131909181373299
274 -1.9131909181373299
275 -1.9131909181373299
276 -1.9131909181373299
277 -1.9131909181373299
278 -1.9131909181373299
279 -1.9131909181373299
280 -1.9131909181373299
281 -1.9131909181373299
282 -1.9131909181373299
283 -1.9131909181373299
284 -1.9131909181373299
285 -1.9131909181373299
286 -1.9131909181373299
287 -1.9131909181373299
288 -1.9131909181373299
289 -1.9131909181373299
290 -1.9131909181373299
291 -1.9131909181373299
292 -1.9131909181373299
293 -1.9131909181373299
294 -1.9131909181373299
295 -1.9131909181373299
296 -1.9131909181373299
297 -1.9131909181373299
298 -1.9131909181373299
299 -1.9131909181373299
300 -1.9131909181373299
301 -1.9131909181373299
302 -1.9131909181373299
303 -1.9131909181373299
304 -1.9131909181373299
305 -1.9131909181373299
306 -1.9131909181373299
307 -1.9131909181373299
308 -1.9131909181373299
309 -1.9131909181373299
310 -1.9131909181373299
311 -1.9131909181373299
312 -1.9131909181373299
313 -1.9131909181373299
314 -1.9131909181373299
315 -1.9131909181373299
316 -1.9131909181373299
317 -1.9131909181373299
318 -1.9131909181373299
319 -1.9131909181373299
320 -1.9131909181373299
321 -1.9131909181373299
322 -1.9131909181373299
323 -1.9131909181373299
324 -1.9131909181373299
325 -1.9131909181373299
326 -1.9131909181373299
327 -1.9131909181373299
328 -1.9131909181373299
329 -1.9131909181373299
330 -1.9131909181373299
331 -1.9131909181373299
332 -1.9131909181373299
333 -1.9131909181373299
334 -1.9131909181373299
335 -1.9131909181373299
336 -1.9131909181373299
337 -1.9131909181373299
338 -1.9131909181373299
339 -1.9131909181373299
340 -1.9131909181373299
341 -1.9131909181373299
342 -1.9131909181373299
343 -1.9131909181373299
344 -1.9131909181373299
345 -1.9131909181373299
346 -1.9131909181373299
347 -1.9131909181373299
348 -1.9131909181373299
349 -1.9131909181373299
350 -1.9131909181373299
351 -1.9131909181373299
352 -1.9131909181373299
353 -1.9131909181373299
354 -1.9131909181373299
355 -1.9131909181373299
356 -1.9131909181373299
357 -1.9131909181373299
358 -1.9131909181373299
359 -1.9131909181373299
360 -1.9131909181373299
361 -1.9131909181373299
362 -1.9131909181373299
363 -1.9131909181373299
364 -1.9131909181373299
365 -1.9131909181373299
366 -1.9131909181373299
367 -1.9131909181373299
368 -1.9131909181373299
369 -1.9131909181373299
370 -1.9131909181373299
371 -1.9131909181373299
372 -1.9131909181373299
373 -1.9131909181373299
374 -1.9131909181373299
375 -1.9131909181373299
376 -1.9131909181373299
377 -1.9131909181373299
378 -1.9131909181373299
379 -1.9131909181373299
380 -1.9131909181373299
381 -1.9131909181373299
382 -1.9131909181373299
383 -1.9131909181373299
384 -1.9131909181373299
385 -1.9131909181373299
386 -1.9131909181373299
387 -1.9131909181373299
388 -1.9131909181373299
389 -1.9131909181373299
390 -1.9131909181373299
391 -1.9131909181373299
392 -1.9131909181373299
393 -1.9131909181373299
394 -1.9131909181373299
395 -1.9131909181373299
396 -1.9131909181373299
397 -1.9131909181373299
398 -1.9131909181373299
399 -1.9131909181373299
400 -1.9131909181373299
401 -1.9131909181373299
402 -1.9131909181373299
403 -1.9131909181373299
404 -1.9131909181373299
405 -1.9131909181373299
406 -1.9131909181373299
407 -1.9131909181373299
408 -1.9131909181373299
409 -1.9131909181373299
410 -1.9131909181373299
411 -1.9131909181373299
412 -1.9131909181373299
413 -1.9131909181373299
414 -1.9131909181373299
415 -1.9131909181373299
416 -1.9131909181373299
417 -1.9131909181373299
418 -1.9131909181373299
419 -1.9131909181373299
420 -1.9131909181373299
421 -1.9131909181373299
422 -1.9131909181373299
423 -1.9131909181373299
424 -1.9131909181373299
425 -1.9131909181373299
426 -1.9131909181373299
427 -1.9131909181373299
428 -1.9131909181373299
429 -1.9131909181373299
430 -1.9131909181373299
431 -1.9131909181373299
432 -1.9131909181373299
433 -1.9131909181373299
434 -1.9131909181373299
435 -1.9131909181373299
436 -1.9131909181373299
437 -1.9131909181373299
438 -1.9131909181373299
439 -1.9131909181373299
440 -1.9131909181373299
441 -1.9131909181373299
442 -1.9131909181373299
443 -1.9131909181373299
444 -1.9131909181373299
445 -1.9131909181373299
446 -1.9131909181373299
447 -1.9131909181373299
448 -1.9131909181373299
449 -1.9131909181373299
450 -1.9131909181373299
451 -1.9131909181373299
452 -1.9131909181373299
453 -1.9131909181373299
454 -1.9131909181373299
455 -1.9131909181373299
456 -1.9131909181373299
457 -1.9131909181373299
458 -1.9131909181373299
459 -1.9131909181373299
460 -1.9131909181373299
461 -1.9131909181373299
462 -1.9131909181373299
463 -1.9131909181373299
464 -1.9131909181373299
465 -1.9131909181373299
466 -1.9131909181373299
467 -1.9131909181373299
468 -1.9131909181373299
469 -1.9131909181373299
470 -1.9131909181373299
471 -1.9131909181373299
472 -1.9131909181373299
473 -1.9131909181373299
474 -1.9131909181373299
475 -1.9131909181373299
476 -1.9131909181373299
477 -1.9131909181373299
478 -1.9131909181373299
479 -1.9131909181373299
480 -1.9131909181373299
481 -1.9131909181373299
482 -1.9131909181373299
483 -1.9131909181373299
484 -1.9131909181373299
485 -1.9131909181373299
486 -1.9131909181373299
487 -1.9131909181373299
488 -1.9131909181373299
489 -1.9131909181373299
490 -1.9131909181373299
491 -1.9131909181373299
492 -1.9131909181373299
493 -1.9131909181373299
494 -1.9131909181373299
495 -1.9131909181373299
496 -1.9131909181373299
497 -1.9131909181373299
498 -1.9131909181373299
499 -1.9131909181373299
500 -1.9131909181373299
501 -1.9131909181373299
502 -1.9131909181373299
503 -1.9131909181373299
504 -1.9131909181373299
505 -1.9131909181373299
506 -1.9131909181373299
507 -1.9131909181373299
508 -1.9131909181373299
509 -1.9131909181373299
510 -1.9131909181373299
511 -1.9131909181373299
512 -1.9131909181373299
513 -1.9131909181373299
514 -1.9131909181373299
515 -1.9131909181373299
516 -1.9131909181373299
517 -1.9131909181373299
518 -1.9131909181373299
519 -1.9131909181373299
520 -1.9131909181373299
521 -1.9131909181373299
522 -1.9131909181373299
523 -1.9131909181373299
524 -1.9131909181373299
525 -1.9131909181373299
526 -1.9131909181373299
527 -1.9131909181373299
528 -1.9131909181373299
529 -1.9131909181373299
530 -1.9131909181373299
531 -1.9131909181373299
532 -1.9131909181373299
533 -1.9131909181373299
534 -1.9131909181373299
535 -1.9131909181373299
536 -1.9131909181373299
537 -1.9131909181373299
538 -1.9131909181373299
539 -1.9131909181373299
540 -1.9131909181373299
541 -1.9132211033676922
542 -1.9132211033676922
543 -1.9132211033676922
544 -1.9132211033676922
545 -1.9132211033676922
546 -1.9132211033676922
547 -1.9132211033676922
548 -1.9132211033676922
549 -1.9132211033676922
550 -1.9132211033676922
551 -1.9132211033676922
552 -1.9132211033676922
553 -1.9132211033676922
554 -1.9132211033676922
555 -1.9132211033676922
556 -1.9132211033676922
557 -1.9132211033676922
558 -1.9132211033676922
559 -1.9132211033676922
560 -1.9132211033676922
561 -1.9132211033676922
562 -1.9132211033676922
563 -1.9132211033676922
564 -1.9132211033676922
565 -1.9132211033676922
566 -1.9132211033676922
567 -1.9132211033676922
568 -1.9132211033676922
569 -1.9132211033676922
570 -1.9132211033676922
571 -1.9132211033676922
572 -1.9132211033676922
573 -1.9132211033676922
574 -1.9132211033676922
575 -1.9132211033676922
576 -1.9132211033676922
577 -1.9132211033676922
578 -1.9132211033676922
579 -1.9132211033676922
580 -1.9132211033676922
581 -1.9132211033676922
582 -1.9132211033676922
583 -1.9132211033676922
584 -1.9132211033676922
585 -1.9132211033676922
586 -1.9132211033676922
587 -1.9132211033676922
588 -1.9132211033676922
589 -1.9132211033676922
590 -1.9132211033676922
591 -1.9132211033676922
592 -1.9132211033676922
593 -1.9132211033676922
594 -1.9132211033676922
595 -1.9132211033676922
596 -1.9132211033676922
597 -1.9132211033676922
598 -1.9132211033676922
599 -1.9132211033676922
600 -1.9132211033676922
601 -1.9132211033676922
602 -1.9132211033676922
603 -1.9132211033676922
604 -1.9132211033676922
605 -1.9132211033676922
606 -1.9132211033676922
607 -1.9132211033676922
608 -1.9132211033676922
609 -1.9132211033676922
610 -1.9132211033676922
611 -1.9132211033676922
612 -1.9132211033676922
613 -1.9132211033676922
614 -1.9132211033676922
615 -1.9132211033676922
616 -1.9132211033676922
617 -1.9132211033676922
618 -1.9132211033676922
619 -1.9132211033676922
620 -1.9132211033676922
621 -1.9132211033676922
622 -1.9132211033676922
623 -1.9132211033676922
624 -1.9132211033676922
625 -1.9132211033676922
626 -1.9132211033676922
627 -1.9132211033676922
628 -1.9132211033676922
629 -1.9132211033676922
630 -1.9132211033676922
631 -1.9132211033676922
632 -1.9132211033676922
633 -1.9132211033676922
634 -1.9132211033676922
635 -1.9132211033676922
636 -1.9132211033676922
637 -1.9132211033676922
638 -1.9132211033676922
639 -1.9132211033676922
640 -1.9132211033676922
641 -1.9132211033676922
642 -1.9132211033676922
643 -1.9132211033676922
644 -1.9132211033676922
645 -1.9132211033676922
646 -1.9132211033676922
647 -1.9132211033676922
648 -1.9132211033676922
649 -1.9132211033676922
650 -1.9132211033676922
651 -1.9132211033676922
652 -1.9132211033676922
653 -1.9132211033676922
654 -1.9132211033676922
655 -1.9132211033676922
656 -1.9132211033676922
657 -1.9132211033676922
658 -1.9132211033676922
659 -1.9132211033676922
660 -1.9132211033676922
661 -1.9132211033676922
662 -1.9132211033676922
663 -1.9132211033676922
664 -1.9132211033676922
665 -1.9132211033676922
666 -1.9132211033676922
667 -1.9132211033676922
668 -1.9132211033676922
669 -1.9132211033676922
670 -1.9132211033676922
671 -1.9132211033676922
672 -1.9132211033676922
673 -1.9132211033676922
674 -1.9132211033676922
675 -1.9132211033676922
676 -1.9132211033676922
677 -1.9132211033676922
678 -1.9132211033676922
679 -1.9132211033676922
680 -1.9132211033676922
681 -1.9132211033676922
682 -1.9132211033676922
683 -1.9132211033676922
684 -1.9132211033676922
685 -1.9132211033676922
686 -1.9132211033676922
687 -1.9132211033676922
688 -1.9132211033676922
689 -1.9132211033676922
690 -1.9132211033676922
691 -1.9132211033676922
692 -1.9132211033676922
693 -1.9132211033676922
694 -1.9132211033676922
695 -1.9132211033676922
696 -1.9132211033676922
697 -1.9132211033676922
698 -1.9132211033676922
699 -1.9132211033676922
700 -1.9132211033676922
701 -1.9132211033676922
702 -1.9132211033676922
703 -1.9132211033676922
704 -1.9132211033676922
705 -1.9132211033676922
706 -1.9132211033676922
707 -1.9132211033676922
708 -1.9132211033676922
709 -1.9132211033676922
710 -1.9132211033676922
711 -1.9132211033676922
712 -1.9132211033676922
713 -1.9132211033676922
714 -1.9132211033676922
715 -1.9132211033676922
716 -1.9132211033676922
717 -1.9132211033676922
718 -1.9132211033676922
719 -1.9132211033676922
720 -1.9132211033676922
721 -1.9132211033676922
722 -1.9132211033676922
723 -1.9132211033676922
724 -1.9132211033676922
725 -1.9132211033676922
726 -1.9132211033676922
727 -1.9132211033676922
728 -1.9132211033676922
729 -1.9132211033676922
730 -1.9132211033676922
731 -1.9132211033676922
732 -1.9132211033676922
733 -1.9132211033676922
734 -1.9132211033676922
735 -1.9132211033676922
736 -1.9132211033676922
737 -1.9132211033676922
738 -1.9132211033676922
739 -1.9132211033676922
740 -1.9132211033676922
741 -1.9132211033676922
742 -1.9132211033676922
743 -1.9132211033676922
744 -1.9132211033676922
745 -1.9132211033676922
746 -1.9132211033676922
747 -1.9132211033676922
748 -1.9132211033676922
749 -1.9132211033676922
750 -1.9132211033676922
751 -1.9132211033676922
752 -1.9132211033676922
753 -1.9132211033676922
754 -1.9132211033676922
755 -1.9132211033676922
756 -1.9132211033676922
757 -1.9132211033676922
758 -1.9132211033676922
759 -1.9132211033676922
760 -1.9132211033676922
761 -1.9132211033676922
762 -1.9132211033676922
763 -1.9132211033676922
764 -1.9132211033676922
765 -1.9132211033676922
766 -1.9132211033676922
767 -1.9132211033676922
768 -1.9132211033676922
769 -1.9132211033676922
770 -1.9132211033676922
771 -1.9132211033676922
772 -1.9132211033676922
773 -1.9132211033676922
774 -1.9132211033676922
775 -1.9132211033676922
776 -1.9132211033676922
777 -1.9132211033676922
778 -1.9132211033676922
779 -1.9132211033676922
780 -1.9132211033676922
781 -1.9132211033676922
782 -1.9132211033676922
783 -1.9132211033676922
784 -1.9132211033676922
785 -1.9132211033676922
786 -1.9132211033676922
787 -1.9132211033676922
788 -1.9132211033676922
789 -1.9132211033676922
790 -1.9132211033676922
791 -1.9132211033676922
792 -1.9132211033676922
793 -1.9132211033676922
794 -1.9132211033676922
795 -1.9132211033676922
796 -1.9132211033676922
797 -1.9132211033676922
798 -1.9132211033676922
799 -1.9132211033676922
800 -1.9132211033676922
801 -1.9132211033676922
802 -1.9132211033676922
803 -1.9132211033676922
804 -1.9132211033676922
805 -1.9132211033676922
806 -1.9132211033676922
807 -1.9132211033676922
808 -1.9132211033676922
809 -1.9132211033676922
810 -1.9132211033676922
811 -1.9132211033676922
812 -1.9132211033676922
813 -1.9132211033676922
814 -1.9132211033676922
815 -1.9132211033676922
816 -1.9132211033676922
817 -1.9132211033676922
818 -1.9132211033676922
819 -1.9132211033676922
820 -1.9132211033676922
821 -1.9132211033676922
822 -1.9132211033676922
823 -1.9132211033676922
824 -1.9132211033676922
825 -1.9132211033676922
826 -1.9132211033676922
827 -1.9132211033676922
828 -1.9132211033676922
829 -1.9132211033676922
830 -1.9132211033676922
831 -1.9132211033676922
832 -1.9132211033676922
833 -1.9132211033676922
834 -1.9132211033676922
835 -1.9132211033676922
836 -1.9132211033676922
837 -1.9132211033676922
838 -1.9132211033676922
839 -1.9132211033676922
840 -1.9132211033676922
841 -1.9132211033676922
842 -1.9132211033676922
843 -1.9132211033676922
844 -1.9132211033676922
845 -1.9132211033676922
846 -1.9132211033676922
847 -1.9132211033676922
848 -1.9132211033676922
849 -1.9132211033676922
850 -1.9132211033676922
851 -1.9132211033676922
852 -1.9132211033676922
853 -1.9132211033676922
854 -1.9132211033676922
855 -1.9132211033676922
856 -1.9132211033676922
857 -1.9132211033676922
858 -1.9132211033676922
859 -1.9132211033676922
860 -1.9132211033676922
861 -1.9132211033676922
862 -1.9132211033676922
863 -1.9132211033676922
864 -1.9132211033676922
865 -1.9132211033676922
866 -1.9132211033676922
867 -1.9132211033676922
868 -1.9132211033676922
869 -1.9132211033676922
870 -1.9132211033676922
871 -1.9132211033676922
872 -1.9132211033676922
873 -1.9132211033676922
874 -1.9132211033676922
875 -1.9132211033676922
876 -1.9132211033676922
877 -1.9132211033676922
878 -1.9132211033676922
879 -1.9132211033676922
880 -1.9132211033676922
881 -1.9132211033676922
882 -1.9132211033676922
883 -1.9132211033676922
884 -1.9132211033676922
885 -1.9132211033676922
886 -1.9132211033676922
887 -1.9132211033676922
888 -1.9132211033676922
889 -1.9132211033676922
890 -1.9132211033676922
891 -1.9132211033676922
892 -1.9132211033676922
893 -1.9132211033676922
894 -1.9132211033676922
895 -1.9132211033676922
896 -1.9132211033676922
897 -1.9132211033676922
898 -1.9132211033676922
899 -1.9132211033676922
900 -1.9132211033676922
901 -1.9132211033676922
902 -1.9132211033676922
903 -1.9132211033676922
904 -1.9132211033676922
905 -1.9132211033676922
906 -1.9132211033676922
907 -1.9132211033676922
908 -1.9132211033676922
909 -1.9132211033676922
910 -1.9132211033676922
911 -1.9132211033676922
912 -1.9132211033676922
913 -1.9132211033676922
914 -1.9132211033676922
915 -1.9132211033676922
916 -1.9132211033676922
917 -1.9132211033676922
918 -1.9132211033676922
919 -1.9132211033676922
920 -1.9132211033676922
921 -1.9132211033676922
922 -1.9132211033676922
923 -1.9132211033676922
924 -1.9132211033676922
925 -1.9132211033676922
926 -1.9132211033676922
927 -1.9132211033676922
928 -1.9132211033676922
929 -1.9132211033676922
930 -1.9132211033676922
931 -1.9132211033676922
932 -1.9132211033676922
933 -1.9132211033676922
934 -1.9132211033676922
935 -1.9132211033676922
936 -1.9132211033676922
937 -1.9132211033676922
938 -1.9132211033676922
939 -1.9132211033676922
940 -1.9132211033676922
941 -1.9132211033676922
942 -1.9132211033676922
943 -1.9132211033676922
944 -1.9132211033676922
945 -1.9132211033676922
946 -1.9132211033676922
947 -1.9132211033676922
948 -1.9132211033676922
949 -1.9132211033676922
950 -1.9132211033676922
951 -1.9132211033676922
952 -1.9132211033676922
953 -1.9132211033676922
954 -1.9132211033676922
955 -1.9132211033676922
956 -1.9132211033676922
957 -1.9132211033676922
958 -1.9132211033676922
959 -1.9132211033676922
960 -1.9132211033676922
961 -1.9132211033676922
962 -1.9132211033676922
963 -1.9132211033676922
964 -1.9132211033676922
965 -1.9132211033676922
966 -1.9132211033676922
967 -1.9132211033676922
968 -1.9132211033676922
969 -1.9132211033676922
970 -1.9132211033676922
971 -1.9132211033676922
972 -1.9132211033676922
973 -1.9132211033676922
974 -1.9132211033676922
975 -1.9132211033676922
976 -1.9132211033676922
977 -1.9132211033676922
978 -1.9132211033676922
979 -1.9132211033676922
980 -1.9132211033676922
981 -1.9132211033676922
982 -1.9132211033676922
983 -1.9132211033676922
984 -1.9132211033676922
985 -1.9132211033676922
986 -1.9132211033676922
987 -1.9132211033676922
988 -1.9132211033676922
989 -1.9132211033676922
990 -1.9132211033676922
991 -1.9132211033676922
992 -1.9132211033676922
993 -1.9132211033676922
994 -1.9132211033676922
995 -1.9132211033676922
996 -1.9132211033676922
997 -1.9132211033676922
998 -1.9132211033676922
999 -1.9132211033676922
1000 -1.9132211033676922
