1 8.017859970300854
2 8.551178427843986
3 8.337404200583224
4 8.084057210120239
5 8.355543982442313
6 8.130993424447711
7 8.5959769389687
8 8.268772666366848
9 8.60276258960632
10 8.217813160251888
11 8.44997387407069
12 7.95453614882719
13 7.903559407990026
14 8.20162700622103
15 8.279646571359114
16 8.214060474286471
17 8.224336947265256
18 8.175010130550138
19 7.912292927116917
20 8.721086983063561
21 8.378710176094177
22 7.774436798860951
23 8.401429658930454
24 8.131669768731689
25 8.095846775412708
26 8.295347009355234
27 8.264046870939845
28 8.793827191266722
29 8.211653694541003
30 8.235804539996561
31 8.14137628604521
32 8.336166902630932
33 8.222276297903782
34 8.22276852457436
35 8.20449896290757
36 8.257260819656278
37 8.411327705115964
38 8.711396085198315
39 8.769413385640428
40 8.824697846917488
41 7.948768040076972
42 8.347603154732692
43 8.179653184750109
44 8.274976447101327
45 8.824384579100013
46 8.392472469618278
47 8.363849438987163
48 8.277135897257903
49 8.656112496737418
50 7.700587842917958
51 8.605207734510321
52 8.516333737052655
53 8.29974286553148
54 8.609305100155458
55 8.538195094705141
56 8.192521034940906
57 8.339217659068963
58 8.392664282778382
59 8.286604067102425
60 8.055471842664634
61 8.436938304636154
62 8.335295129081628
63 7.8774853043177036
64 8.232438808558715
65 8.3519449358984
66 8.342707264476793
67 8.393279671987743
68 8.374563026552467
69 7.764774826611539
70 7.859934080381282
71 8.481525435831841
72 8.578847243043159
73 7.946516916375433
74 8.698914894391189
75 8.311314911181821
76 8.301095127664594
77 8.522206576275511
78 7.878906355482053
79 8.277093003904211
80 8.788258781301693
81 8.58124541313151
82 8.074510835578915
83 8.225600524935201
84 8.281691643119608
85 8.553810324492808
86 8.481807770242222
87 8.50474815150304
88 7.981617366590083
89 8.408054457500642
90 8.182434241210498
91 8.33777646169761
92 8.200343648025322
93 8.062370275116077
94 8.1353265484307
95 8.117782097419491
96 8.027189710345496
97 8.467718104456608
98 8.629772387275896
99 8.091223922292352
100 8.305068684458522
101 8.495999161633831
102 8.269242288107117
103 8.65251128085681
104 8.329806859638262
105 8.326883921806049
106 8.178730923423982
107 8.352575880241035
108 8.66856072982301
109 8.136491328772067
110 8.020475949487171
111 8.399925202021134
112 8.447686861167753
113 8.159946347835321
114 7.85959321685901
115 8.519736220538089
116 8.186336209629614
117 8.17777863070218
118 8.027917094656505
119 8.247156394416983
120 8.44472404631328
121 8.258817871546503
122 7.9730354537373165
123 8.162284343795804
124 8.149323050846373
125 8.575452215500915
126 7.829757953310215
127 8.10547162781941
128 8.496198866125608
129 8.498593489180413
130 8.005413179058484
131 8.297213714468969
132 8.608068544219027
133 8.822384744105445
134 8.575835025191367
135 7.799964217440715
136 7.938671541131016
137 8.69399038574446
138 8.176037634855819
139 8.489109005553184
140 7.961879987807824
141 8.155127212719771
142 7.992593827987177
143 8.751780908494096
144 8.112064975882227
145 7.842651891375416
146 8.50598647448792
147 8.292490944134265
148 8.424046973102328
149 8.154763871774012
150 8.308164647996456
151 8.235909160824685
152 8.424142973102708
153 8.488767940529067
154 8.317189718442394
155 8.263373815977886
156 8.202308452097268
157 7.920681554151489
158 8.394059841718644
159 8.485252676617435
160 8.532734833723941
161 8.220517874684822
162 7.761563283438788
163 8.250288593575661
164 8.198427330188908
165 8.062749437454361
166 8.244927347301749
167 8.503668597127634
168 8.06237106105826
169 8.12967392373013
170 8.296002645551333
171 8.603024231550602
172 8.14652259151102
173 8.563745204187764
174 8.707379663158205
175 8.128675476598822
176 8.386461159352683
177 8.141771566699102
178 8.344572031796918
179 8.148501794228107
180 8.502828944840259
181 7.912134902896853
182 8.794494969474348
183 8.220100561716313
184 8.403421237517058
185 8.670895707636772
186 8.378923401374875
187 8.512524890977968
188 7.770775721473435
189 8.00749731568517
190 8.172417625007133
191 8.16565994697607
192 8.105354290438815
193 8.247166109963834
194 7.806918323794321
195 8.537883306649661
196 8.254151981520241
197 8.027068738882638
198 8.39626413193453
199 8.41576393288707
200 8.400838613623105
201 8.366640497193869
202 8.516887027033942
203 8.07946142241237
204 8.227439561297942
205 8.692832501814816
206 8.472121944970166
207 8.326764519482424
208 8.614074997709277
209 8.366749496318386
210 8.194125054672599
211 8.355004310277693
212 8.131585497421607
213 8.104751482370201
214 7.992469353272748
215 8.553643876339608
216 7.945671057557713
217 8.567264783278691
218 8.465784467614071
219 8.628070173035871
220 8.141645486131099
221 8.328856936398886
222 8.072503412942009
223 8.378989833811936
224 7.963525746527939
225 8.237244579059254
226 8.10304921759912
227 8.444585094499587
228 8.442972366289448
229 8.319844293286417
230 8.475925352337477
231 8.377377341267367
232 8.434723886832769
233 8.065295224538783
234 8.156734551099959
235 8.457989755811628
236 7.989692278145927
237 8.40812668701067
238 8.0714865314884
239 8.879593167971922
240 7.895722662948542
241 8.142142874487435
242 8.495387118350608
243 8.25328321935232
244 8.3562946635716
245 8.113119207870854
246 8.409587834687953
247 8.264621838751584
248 8.269696989306453
249 7.947989179556903
250 8.252100375181781
251 8.362210749186387
252 8.49546916724686
253 8.269235412189719
254 8.715104378798843
255 8.608171640025219
256 8.258810967415581
257 8.030634974260128
258 8.50996278924205
259 8.395671710605178
260 8.1733847839144
261 7.943126457100522
262 8.299829886552402
263 8.534198279882338
264 8.556139232207645
265 8.165739707921677
266 8.569648591636021
267 7.991213929929891
268 8.02340254911208
269 8.296774291973895
270 8.527945884256178
271 8.186228553679408
272 7.934818117107645
273 8.032907791342465
274 8.121247560822992
275 8.10686402188517
276 7.707720497752554
277 7.6795245638822
278 8.053784593401662
279 8.46258659368861
280 8.506154109826465
281 8.197562984273672
282 8.143714618811572
283 8.24992857080032
284 7.988495439807787
285 8.828020271074745
286 8.214695658531806
287 8.358758780794297
288 8.100268503462685
289 8.491057337251503
290 8.344612032388758
291 8.160100476100808
292 8.586548726276602
293 8.281310918476349
294 8.07119306057218
295 8.253663366499872
296 8.518753839463265
297 8.270399640948233
298 8.050745749686655
299 8.432887716679534
300 8.131302408300275
301 8.299410342967015
302 8.391119593869528
303 8.397769094454091
304 8.155842309938198
305 8.471944977333475
306 8.185420530369196
307 8.501479281893342
308 8.330363091829353
309 8.15737734745788
310 8.142856296056905
311 8.423653185368126
312 8.095315886794815
313 8.60475795008993
314 7.991891524884683
315 8.482403094072922
316 7.986583075812595
317 8.351107852955439
318 8.199609636796366
319 8.011293348766964
320 8.493593504145801
321 8.327160564168546
322 8.498029573831337
323 8.383479172690743
324 8.128778912370109
325 8.477027887920164
326 8.099783601763288
327 8.100009414526761
328 8.400418634726332
329 8.336123069434187
330 8.116222733348657
331 8.254357106947632
332 8.338450613075864
333 8.590781449649503
334 8.04935520142765
335 8.497208632236843
336 8.544285897998277
337 8.872600110682988
338 7.943287244455437
339 8.306969884323832
340 8.104056009691034
341 8.207653109703134
342 8.452827505867898
343 8.363164084721786
344 7.978119710724752
345 8.319440990201521
346 7.6482350551970635
347 8.73705717679194
348 7.808571739641064
349 8.510033094958217
350 8.290140440397138
351 8.059437067477155
352 8.273733832150562
353 8.137101788276343
354 8.468434456560804
355 8.325714520180972
356 8.144234549055684
357 8.174005759676811
358 8.37022628397471
359 8.945305483221018
360 8.409427145374721
361 8.302268328922418
362 8.111848905919913
363 8.378738717854791
364 8.024687907500777
365 8.532058897563617
366 8.125587763469184
367 8.390356804661543
368 8.071937537961153
369 8.490844572040748
370 8.51485923736971
371 8.215595298319938
372 7.771996375241618
373 8.105390464627023
374 8.103258582469872
375 8.001375290560137
376 7.895646527540763
377 7.961230126148083
378 7.763582014347148
379 8.42971680848259
380 8.085120327036396
381 8.011523983122732
382 7.923736366663856
383 8.14791750049455
384 8.388978661662378
385 8.136440828543805
386 8.232990467549614
387 8.470185257199988
388 8.315410234918229
389 8.008416113329286
390 8.337711592714252
391 7.945018544835686
392 8.034342256330579
393 8.43633294785491
394 7.995680622320402
395 8.065722883167409
396 7.8396629028079365
397 8.05151667500531
398 8.352425104813229
399 7.975284722941229
400 8.185611520584875
401 8.0935378727887
402 8.419377762428203
403 8.619269307088729
404 8.223940946620916
405 8.27382631863108
406 8.09253036748252
407 7.854644784052882
408 8.227232044964166
409 7.850653460835671
410 8.40572637277021
411 8.427574941880984
412 8.551141909597014
413 8.427706104366006
414 8.0860659406653
415 8.320716382064134
416 8.340245425537805
417 8.088201756891667
418 7.986881558384921
419 8.440353218569742
420 7.884663260015498
421 8.627021645524136
422 8.060169604186159
423 8.572720924914524
424 8.245552141098084
425 8.11092369973855
426 8.373283460197516
427 8.033754178283496
428 8.219944331708971
429 8.082637773523336
430 8.528052896379766
431 8.581367526507925
432 8.462243762298183
433 8.071278685206913
434 8.808742550308
435 8.673468738647875
436 8.268055658185622
437 7.9043974332343145
438 8.636138855799777
439 8.307985318657884
440 8.170144134590597
441 8.298606382426533
442 8.46267590687836
443 8.242258286798485
444 8.40608694418277
445 8.261786250374666
446 7.861334922114522
447 8.081663666411213
448 8.252015093367158
449 8.66425048966686
450 8.062278413717799
451 8.338528887228719
452 8.599521506379325
453 8.893533543309378
454 8.36973419692214
455 8.203293845532878
456 8.356655749681623
457 8.377801472331253
458 8.938395553190707
459 8.688452958735525
460 7.805174938072244
461 8.097793220709315
462 8.308809318048317
463 8.542167553978189
464 8.493168547594655
465 8.341693558417157
466 8.242999588241641
467 8.399459050409112
468 8.456927889644462
469 8.391295962913505
470 8.270845844451047
471 8.327400747438091
472 8.045861603850312
473 8.309941459134803
474 7.909424837949535
475 7.987719617029079
476 8.351213314043347
477 8.124662997982586
478 8.185558359271193
479 8.199136221567391
480 8.078304840728064
481 8.147258860050217
482 8.770386337778174
483 8.857394291978729
484 8.050290091221349
485 8.09270982409337
486 8.336727453978598
487 8.081469355030332
488 8.52038481244882
489 8.488468467219764
490 7.967914027468216
491 8.125483442372671
492 8.135926136539616
493 8.28145869608479
494 8.502395273047103
495 8.07987494943992
496 8.97898271751094
497 8.561708252953546
498 8.359850367493472
499 8.72920070715503
500 8.12444309309612
501 8.314783280121064
502 7.9779371904817555
503 8.14284263389565
504 8.516684835959067
505 8.542128441717876
506 8.548194307194883
507 8.369996008766504
508 8.587741083943806
509 8.200142546721162
510 8.760685803918541
511 8.313266742730825
512 8.422377491320393
513 8.476831019033243
514 8.518356736195079
515 8.13369690993588
516 7.957498592687026
517 8.261692718242516
518 7.835398307835748
519 8.333323370334213
520 8.669931892460731
521 8.318706727516
522 8.471106546176735
523 8.098829152312788
524 8.359155963210714
525 8.440043351033705
526 8.288996033529774
527 8.682382082867777
528 8.204414083968544
529 8.069077135157388
530 8.029341797497919
531 8.50561484134512
532 7.788392408620979
533 7.699928921999577
534 8.296747675326948
535 8.034580689964265
536 8.29205241141989
537 8.600060813037693
538 8.293556594648209
539 8.622071417584202
540 8.67202929770953
541 8.36004953186444
542 8.580071897721737
543 8.264001853270882
544 8.411053489906354
545 8.367774316649534
546 8.74284479101922
547 8.558743285638466
548 8.155975905861979
549 8.108768913852977
550 8.703480061723694
551 8.124575460622294
552 8.506999494522088
553 8.316869102572259
554 7.988401705024182
555 8.302581997624468
556 8.528418165549484
557 8.38668434879564
558 8.407573835005294
559 7.917538003440903
560 8.294637534942042
561 8.150736798965545
562 7.941648235403423
563 8.30827668040283
564 8.358145799718738
565 8.192219369243853
566 8.446913548663868
567 7.855683843702544
568 8.586612524329245
569 8.876162833769337
570 8.574118413903161
571 8.0992555391168
572 8.249793812512472
573 8.882409657582922
574 8.438867567446506
575 8.383749625543794
576 8.746205418378453
577 7.817267121905617
578 8.5628024254144
579 8.27894336492651
580 8.428363096295083
581 8.213149318268561
582 8.050206773545714
583 8.292601934109939
584 8.216377601504547
585 8.494220323779029
586 8.323920086380365
587 8.030564440198553
588 8.675543958538437
589 8.340350810515986
590 8.543573444615664
591 7.928572118944738
592 8.077551107738593
593 8.3069089672561
594 8.26977235626122
595 8.610615810105445
596 8.46951732904108
597 8.135257754770194
598 8.45114707945636
599 8.341021306581577
600 8.404527309879372
601 7.9352932252966015
602 7.817601907462623
603 8.850436215537647
604 8.304555617087768
605 8.396635263920167
606 7.619266716580985
607 8.462558419796128
608 8.331834800418507
609 8.141506803113975
610 8.496823210048783
611 8.508170727408347
612 8.415860617585702
613 8.331256335771055
614 8.499933019490026
615 8.043370497935907
616 8.080383507956372
617 7.994128655896462
618 8.813387379839304
619 8.69308964974604
620 8.15586018983901
621 8.506600585992242
622 8.617473545432373
623 7.892747112557484
624 8.274700726216826
625 7.950694892831526
626 8.354183384906271
627 8.33456849493859
628 8.378513253621692
629 8.98324106393217
630 8.847770961207845
631 8.428256779939263
632 8.151723772091767
633 8.230291454595424
634 8.382154239222732
635 8.072118564335355
636 7.867608414274588
637 8.206409217921689
638 8.306900962627921
639 8.2046193700956
640 8.636602169289691
641 8.571453571557642
642 8.22434597586288
643 8.236716453148539
644 8.626731230367852
645 8.469865750645553
646 8.211185376078928
647 7.866293689139968
648 8.032413155715727
649 8.453402066091998
650 8.396471659016788
651 7.898025654738823
652 8.513141139695366
653 8.507581105657906
654 8.908399845815875
655 8.440392903385144
656 8.308106298445583
657 8.150140213823237
658 8.400556949710737
659 8.141720905230853
660 8.038485986637095
661 8.58988486267907
662 8.291533892394048
663 7.934936651397378
664 8.564859973123554
665 8.145013355222265
666 8.96669450583545
667 8.28544079835444
668 8.237920455523547
669 8.556116280043375
670 8.00669389647207
671 8.32667112163635
672 7.759239326163715
673 8.434223924904591
674 8.396039307321375
675 8.023059894072277
676 8.522758969104125
677 7.8642090154546676
678 8.097732612859852
679 8.284704563128125
680 8.36513674745589
681 8.399968216113077
682 7.877507069950885
683 8.196590453442347
684 8.349589847804864
685 8.269338657406344
686 8.161338594593524
687 8.676088159518036
688 8.426943327075469
689 8.405767858765497
690 8.648183273080003
691 7.846121862139196
692 8.744119614520146
693 8.782001508261862
694 8.12747503004761
695 7.9775637106589
696 8.289597595120249
697 8.134582467928515
698 8.151930412102718
699 8.517528440671702
700 8.553020812422682
701 8.826126734716649
702 8.2256608436857
703 8.246031688544672
704 8.589749133461218
705 8.861186147299696
706 8.220104376569854
707 8.280829957800815
708 8.207890543253086
709 7.604151630962656
710 7.830458585582565
711 8.222205897435405
712 8.221070842159403
713 8.390145889636676
714 8.612172348440286
715 8.355533454550008
716 8.405683131385242
717 8.138704764020058
718 8.237500501045224
719 8.184007086930446
720 8.2912892380733
721 8.359039578478912
722 8.542833897400179
723 8.590118438163199
724 8.50350905759845
725 8.10639102322641
726 8.380994034528168
727 8.238173785874126
728 8.944802169844934
729 8.019913301964529
730 8.119567170018584
731 8.535355732465986
732 8.172266529639447
733 8.207610043165255
734 7.974164922522348
735 8.605076222307524
736 8.649559198095735
737 8.736838177575274
738 8.285261885745184
739 8.353236733947961
740 8.024634486267368
741 8.011915695093053
742 8.29337584803591
743 8.660342532310796
744 8.069776305466227
745 8.368311315553859
746 8.324012046439215
747 7.9965838742091355
748 8.542716315547128
749 8.098414133295295
750 8.053002500016616
751 7.877358160055382
752 8.499120475142885
753 8.02324487991452
754 8.327199955532135
755 8.19671993697502
756 8.720935159031367
757 7.93663723026375
758 8.13423983333011
759 8.254322247851762
760 7.845020659720201
761 8.041679132813607
762 8.47192715565281
763 7.87376701169347
764 8.0483999999405
765 8.353221456058534
766 8.164603696993643
767 8.091319346568135
768 8.28575278522424
769 8.798813099580755
770 8.415937312877736
771 8.25894197918227
772 7.9920020304688535
773 8.193475163474522
774 8.574529110348738
775 8.485725058840801
776 8.055472352407174
777 8.725708794078226
778 8.343794104235142
779 8.365451887880496
780 8.254899786646131
781 8.372402802746995
782 7.96756253120409
783 8.143752374140952
784 8.078558182641315
785 8.300202572565212
786 8.207873972151598
787 7.922960310629937
788 8.632227107250465
789 8.475965458842921
790 8.259266500838843
791 8.512073734006153
792 8.000796021649672
793 8.467650121120258
794 8.347618291587318
795 8.146479422338425
796 8.196957790871402
797 8.447990397506251
798 7.951302360184437
799 7.869640912331029
800 8.838271613005976
801 7.655501317864455
802 7.927730569731634
803 8.007294615941658
804 8.331300492212144
805 8.28234233125711
806 7.912216930575225
807 8.453257518023698
808 8.29213934978433
809 7.764854029723563
810 8.522192863243134
811 8.041005003509714
812 8.180627232318967
813 8.190386896344524
814 8.146802041809348
815 8.445401346949863
816 8.106940950080341
817 8.224395224281807
818 8.158504942348317
819 8.070345992601375
820 8.3110236046279
821 8.223115339766977
822 8.314199539261523
823 8.670321951236753
824 8.575001330333608
825 8.287227690101544
826 8.43702024640935
827 8.057812316233203
828 8.300644705571411
829 8.382422767021568
830 8.023588177323715
831 8.65854523268992
832 7.962206207732934
833 8.055363690253392
834 7.886211243945809
835 8.21399509764889
836 8.637149701263104
837 8.020304032773447
838 8.45409436716904
839 8.27866289436762
840 8.095911779688858
841 8.547077338069473
842 8.597892243227706
843 8.308099038976039
844 8.394649521355545
845 8.408161821559975
846 8.269988707690265
847 8.112208522963194
848 8.005442327380797
849 8.351579717565599
850 8.153108322144902
851 8.582751824764378
852 8.049253524934898
853 8.691217384327091
854 8.380693967013267
855 8.020862797290244
856 8.259476250587387
857 8.337744437361076
858 8.343593005967907
859 8.428835559558678
860 8.164424614591086
861 8.553100569268283
862 8.04702071022771
863 8.310789682171452
864 8.39658283277936
865 8.089956218933056
866 8.260474605368014
867 8.21653210768123
868 8.36223859932893
869 8.257667895056708
870 7.738667626088886
871 7.87533830182823
872 8.23447140811352
873 8.268076086867545
874 7.74880916259084
875 8.03305376308863
876 8.487338266183603
877 7.859962044593035
878 8.214775216123783
879 7.856316230079828
880 8.482461333843547
881 8.569538490541
882 8.525050812466528
883 8.448711020915397
884 8.33483843519263
885 8.035138046588493
886 8.267035997653219
887 8.04672264175398
888 8.043134391096155
889 8.429783034662806
890 8.314640923490517
891 8.082261200051827
892 8.065119728977349
893 8.29278281973387
894 8.42592339326068
895 8.076210694209555
896 7.780409279041926
897 8.388358925203736
898 8.150172917617668
899 7.962675197405914
900 8.241935599307448
901 8.057690705378137
902 8.616691301710322
903 8.179531261616082
904 7.875843996773403
905 8.34301013461192
906 8.105977659209941
907 8.293866667104915
908 8.504817263139058
909 7.743561004538993
910 8.461365121836346
911 8.179660607801614
912 8.275007720885313
913 8.630935098595018
914 7.797440796456858
915 8.382315943159766
916 7.889420848242741
917 8.256955858764098
918 8.514098144463583
919 8.590938623230791
920 8.26317273319945
921 8.354446203229617
922 8.263024885621217
923 8.223712197961339
924 8.039155153688172
925 8.059584717994442
926 7.714379863816247
927 8.365709906364144
928 7.781394601381403
929 8.411998438372892
930 8.129069029305889
931 8.1934738005327
932 8.216719962222644
933 8.452957412848956
934 8.665472230610188
935 8.25391064567037
936 8.312925846301846
937 7.653047029887767
938 8.436577072518267
939 8.548288401703356
940 8.385193320647161
941 8.16537850833366
942 8.2770892380689
943 8.14460328825591
944 8.262304822352622
945 7.927483675299359
946 8.425447586922484
947 8.104870731053081
948 8.452848757845453
949 8.033662404637136
950 8.395707850765893
951 8.660597381534227
952 8.509732719792693
953 8.262817412070358
954 8.739918039895116
955 8.645888811583335
956 8.372046355073403
957 8.056936857579819
958 8.517864593704413
959 7.8620382420441794
960 8.610713319017242
961 8.476882933408557
962 8.47866428556592
963 8.486918328502925
964 8.199897107814955
965 8.556571374267314
966 8.269218748325615
967 8.245123866924278
968 8.484750394891623
969 8.483424865213154
970 8.139977593254574
971 8.159980506683043
972 8.236984926070292
973 8.252196540210853
974 8.13750924710458
975 7.912586872210969
976 8.781326352571632
977 8.124465086862841
978 8.446171467434883
979 8.017405232876126
980 8.309667055187544
981 8.217559131510079
982 8.285954453529078
983 9.004835585603981
984 8.030692700141149
985 8.434619362322964
986 8.136729070325684
987 8.318227908178844
988 8.530048014268203
989 8.704303696446381
990 8.017496689388793
991 8.148194474436398
992 8.099844055146743
993 8.262367434292054
994 8.533248464391573
995 8.137898920568718
996 8.309468120143748
997 8.40081844430422
998 8.615047355643656
999 8.577530946978548
1000 8.630720369159764
